0
-0
-0
-0.0041013
-0.0102753
-0.0897435
-0.150161
-0.330926
-0.401575
-0.399193
-0.330882
0.186543
0.190203
0.438442
0.467151
0.456656
0.444175
0.4268
0.236861
-0.176929
-0.478617
-0.57502
-0.558218
-0.511472
-0.324356
0.16833
0.529597
0.294235
-0.146897
-0.24449
-0.249297
-0.219971
0.581767
0.614181
0.596849
0.453921
0.201272
-0.238449
-0.313419
-0.30526
-0.194305
-0.001764
0.119732
0.410792
-0.0691929
-0.477691
-0.598481
-0.602186
-0.600245
0.168065
0.475751
0.33247
0.0667233
0.293706
0.559497
0.567699
0.474384
-0.192938
-0.282284
-0.281402
-0.303055
-0.585869
-0.686108
0.146588
0.415422
0.381818
0.235582
-0.0891261
-0.316594
-0.321048
-0.307289
-0.14306
0.0128772
0.522894
0.56426
0.549266
0.369249
-0.234656
-0.312757
-0.304687
-0.101254
0.119114
0.290575
0.167933
-0.466181
-0.639803
-0.643463
-0.585516
0.250047
0.430548
0.122686
-0.232407
-0.249959
0.631292
0.545738
0.0244314
-0.0991809
-0.100283
-0.0740439
0.0563598
0.244535
0.286915
0.316418
0.279506
-0.227909
-0.302791
-0.324752
-0.315491
-0.290134
-0.212562
-0.065268
-0.0531405
0.183853
0.397297
0.386537
0.0237699
-0.2732
-0.309317
-0.30429
-0.289869
-0.141252
-0.0034398
0.109544
0.129434
0.486114
0.523732
0.0123921
-0.318887
-0.315183
-0.309803
-0.183853
-0.143237
-0.117174
-0.0965349
0.231437
0.511031
0.493964
0.490613
-0.0272097
-0.352447
-0.355534
-0.356284
-0.621281
-0.703351
-0.166478
0.269054
0.345612
0.345832
0.338468
0.326208
0.165904
0.0438795
-0.147823
-0.477691
-0.537667
-0.611755
-0.656649
-0.45767
0.330706
0.383714
0.525584
0.525848
0.520512
0.502299
0.48338
-0.227909
-0.315403
-0.31311
-0.564215
-0.659471
-0.506312
-0.148793
0.348655
0.356769
0.351345
0.346758
0.335513
0.334234
0.331456
-0.130271
-0.556763
-0.668468
-0.636363
-0.417583
-0.0687519
0.242903
0.414584
0.142752
-0.201758
-0.308788
-0.296484
-0.213356
0.514338
0.543047
0.525099
0.527524
0.355181
0.0712215
-0.057771
-0.268216
-0.32559
-0.324929
-0.3158
0.258117
0.527524
-0.124009
-0.324752
-0.324576
-0.321533
-0.31849
-0.319064
-0.267731
0.431871
0.556013
0.28396
-0.106061
-0.142267
0.132476
0.754772
0.746172
0.637069
-0.12864
-0.14531
-0.13649
-0.141473
-0.348258
-0.395357
-0.385214
-0.186411
-0.047187
0.323562
0.488584
0.489598
0.487967
0.48607
0.271568
-0.267819
-0.313154
-0.297851
-0.250135
-0.243256
-0.240742
-0.230775
-0.227115
-0.227468
-0.171946
-0.0964026
0.471605
0.510105
0.486158
0.253443
0.110867
-0.0197568
-0.0796887
-0.0687078
0.541372
0.764694
0.749744
0.0766899
-0.141958
-0.129742
-0.0171549
-0.284489
-0.286959
-0.286871
-0.275272
-0.281534
-0.287841
-0.247313
0.459875
0.533125
0.526157
0.507591
0.373042
0.17834
-0.0738234
-0.15091
0.0667674
0.384508
0.540181
0.477118
-0.0221823
-0.358754
-0.351477
-0.324973
-0.20039
-0.0167139
0.149367
0.318314
0.371146
0.343142
-0.0941535
-0.601215
-0.69065
-0.688445
0.0935361
0.353682
0.344289
0.344686
0.544723
0.533037
0.0834372
-0.333352
-0.373086
-0.368367
-0.34032
0.346935
0.512618
0.518043
0.51866
0.0121716
-0.291854
-0.304819
-0.3614
-0.579606
-0.361708
0.516852
0.521835
-0.156908
-0.240169
-0.23126
-0.196818
-0.189542
-0.147515
-0.14725
-0.147911
-0.0580356
0.118629
0.451981
0.520071
0.523599
0.47262
-0.0854217
-0.280432
-0.26901
-0.42777
-0.541372
-0.525011
-0.394916
-0.183677
0.225748
0.401045
0.389712
0.372557
0.364046
0.311611
-0.346273
-0.486203
-0.490172
-0.289384
-0.117262
0.169741
0.225527
0.213003
0.182354
-0.47897
-0.676009
-0.675171
-0.672172
-0.689018
0.0678258
0.275581
0.50887
0.385258
0.136181
-0.0585648
-0.13746
-0.0530523
0.600554
0.688445
0.292912
-0.16317
-0.159951
-0.240301
-0.391564
-0.384464
-0.370396
-0.375688
-0.374938
-0.373174
-0.38001
-0.371322
0.0560952
0.537711
0.338379
0.0184338
-0.148132
-0.0279594
0.672172
0.674377
0.251899
-0.149852
-0.174504
-0.156643
-0.319108
-0.36065
-0.362458
-0.361311
-0.424815
-0.408763
0.0628425
0.487922
0.47381
0.463359
0.373792
0.331059
0.0970641
-0.411453
-0.418421
-0.601083
-0.674554
-0.694046
-0.725666
-0.639803
-0.171814
0.283607
0.344465
0.332867
0.331147
0.247136
-0.0127449
-0.158275
-0.362767
-0.378687
0.0313992
0.464505
0.460801
0.462962
0.474648
0.580929
-0.216222
-0.435091
-0.700484
-0.791463
-0.942682
-0.967289
-0.794682
-0.483116
0.0082026
0.17124
0.263453
0.506268
0.358268
0.0426006
-0.193599
-0.181251
-0.155497
0.413702
0.674377
0.666131
0.658457
0.588029
0.229937
-0.206697
-0.222661
-0.311743
-0.40206
-0.399943
-0.393284
-0.327266
-0.101695
-0.0434826
0.10315
0.262439
0.259793
0.104958
-0.223455
-0.676185
-0.719006
-0.423536
-0.0676494
0.0243873
0.011907
-0.19823
-0.348655
-0.724519
-0.472179
0.231349
0.429402
0.467107
0.623839
0.691841
0.705027
0.502608
0.348037
0.0563598
-0.22297
-0.317961
-0.445631
-0.639935
-0.727209
-0.654179
-0.478573
-0.424374
-0.207711
0.183103
0.268966
0.262351
0.230026
-0.0778806
-0.284886
-0.472443
-0.437913
-0.210533
0.0993132
0.469136
0.443029
0.0642096
-0.240213
-0.23276
-0.0042336
0.183588
0.434473
0.43412
0.433283
0.64117
0.644301
0.5008
-0.188042
-0.300409
-0.498418
-0.680463
-0.715434
-0.701278
-0.607433
-0.0306936
0.207667
0.433283
0.562892
0.629969
0.623706
0.57965
0.456126
0.248989
-0.0953001
-0.217104
-0.185441
-0.174504
-0.0645624
-0.0196686
-0.0107163
0.445895
0.390638
-0.161979
-0.254104
0.550324
0.334675
-0.173798
-0.4197
-0.500491
-0.499256
-0.736602
-0.312713
0.145133
0.387948
0.397385
0.659692
0.645756
0.432445
-0.0756315
-0.228967
-0.204977
-0.0686196
-0.43196
-0.494052
-0.496125
-0.344024
0.0035721
0.209431
0.208769
-0.0144648
-0.177679
0.0993132
0.522673
0.631071
0.622957
0.618899
0.536212
0.297719
-0.261337
-0.431871
-0.467195
-0.713847
-0.798563
-0.629572
0.0979461
0.394475
0.43756
0.598305
0.618017
0.764429
0.79649
0.589749
0.331015
0.172563
0.163699
0.174327
0.174239
0.177458
0.179487
0.161759
-0.138254
-0.127008
0.0499212
0.620619
0.802223
0.492332
0.20802
0.0953442
0.547325
0.926056
0.825067
1.05694
1.12305
1.0031
0.368632
0.15704
0.162156
0.146368
0.128993
0.138121
0.201272
-0.0201537
-0.254413
-0.528009
-0.874988
-1.22078
-1.46381
-1.70495
-1.59982
-1.01796
-0.509399
-0.0894789
0.397165
0.681169
0.981578
1.03494
1.03388
1.10435
0.837944
0.0306936
-0.144428
-0.317388
-0.369955
-0.57083
-0.647212
-0.644963
-0.672349
-0.671378
-0.283078
0.23567
0.40938
0.352976
-0.240433
-0.330309
-0.332426
-0.327707
-0.323297
-0.322988
-0.138165
0.459434
0.452334
0.586618
0.0811881
-0.178914
-0.325414
-0.347111
-0.480029
-0.633717
-0.685755
-0.681786
-0.172828
0.304907
0.480734
0.633408
0.680243
0.723505
0.822333
0.846323
0.835078
0.594336
0.0328104
-0.0702513
0.079821
0.511295
0.802885
0.819158
0.802003
0.926585
0.953089
0.887336
0.210445
-0.15435
-0.413526
-0.640112
-0.874459
-0.961556
-0.858803
-0.0111132
0.271744
0.419876
0.487614
0.353417
-0.313948
-0.480911
-0.729855
-0.556851
-0.299836
-0.0515529
0.0975051
0.0821142
0.302702
0.436325
0.499653
0.664367
0.659957
0.648667
0.29816
0.179178
-0.115277
-0.291501
-0.468563
-0.802179
-0.960233
-1.10356
-1.06916
-0.248371
0.161759
0.48854
0.669967
0.724651
0.812102
0.801738
0.173225
-0.0781452
-0.247445
-0.386316
-0.576299
-0.591337
-0.58922
-0.587633
-0.517161
0.396635
0.73991
0.976947
1.21063
1.25354
0.982769
0.303761
0.0631071
-0.0422478
-0.12101
-0.0696339
0.0837018
0.220324
0.735544
0.862508
0.908107
1.20547
1.12283
1.28931
1.25756
0.792257
0.520204
0.223455
0.0790713
0.0084231
0.577842
0.847558
1.08548
1.29751
1.26042
1.44256
1.53896
1.43021
1.01373
0.775895
0.782069
0.784627
0.808441
0.945636
0.875297
0.438442
0.295867
0.0647829
-0.068796
-0.0168903
-0.214326
-0.236993
-0.370484
-0.338071
-0.354079
-0.513986
-0.212518
0.295823
0.502343
0.672834
0.960939
1.26236
1.67135
1.96271
2.15283
2.33968
2.39988
2.5204
2.12037
1.78671
1.71778
1.75694
1.44613
1.19864
0.857833
0.452951
-0.087318
-0.677376
-1.23436
-1.79359
-2.27388
-2.61566
-2.89027
-3.23288
-3.53078
-3.84671
-4.18584
-4.54089
-4.89903
-5.23326
-5.55973
-5.83103
-6.05008
-6.21885
-6.35507
-6.55101
-6.68397
-6.89376
-7.08145
-7.27624
-7.42618
-7.56187
-7.74048
-7.89999
-8.02514
-8.18298
-8.28233
-8.3289
-8.34778
-8.34324
-8.23916
-7.50154
-7.08136
-6.58378
-6.06909
-5.44163
-4.89462
-4.25018
-3.86528
-3.39557
-3.01569
-2.56631
-2.15243
-1.6616
-1.09381
-0.56276
0.134814
0.712215
1.37618
2.07442
2.77715
3.43909
4.19096
4.71204
5.43974
6.14794
6.90897
7.57506
8.02572
8.41137
8.96297
8.84527
8.97977
6.38445
9.07296
9.89428
10.3338
10.7125
11.1467
11.4141
11.8592
12.2026
12.4926
12.7407
13.0662
13.2904
13.475
