0
25
50
76
101
126
151
176
201
226
251
276
301
326
351
376
401
426
451
476
501
526
551
576
601
626
651
676
701
726
751
776
801
826
851
876
901
926
951
976
1001
1026
1051
1076
1101
1126
1151
1176
1201
1226
1251
1276
1301
1326
1351
1376
1401
1426
1451
1476
1501
1526
1551
1576
1601
1626
1651
1676
1701
1726
1751
1776
1801
1826
1851
1876
1901
1926
1951
1976
2001
2026
2051
2076
2101
2126
2151
2176
2201
2226
2251
2276
2301
2326
2351
2376
2401
2426
2451
2476
2501
2526
2551
2576
2601
2626
2651
2676
2701
2726
2751
2776
2801
2826
2851
2876
2901
2926
2951
2976
3001
3026
3051
3076
3101
3126
3151
3176
3201
3226
3251
3276
3301
3326
3351
3376
3401
3427
3452
3477
3502
3527
3553
3578
3603
3628
3653
3678
3703
3728
3753
3778
3803
3828
3853
3878
3903
3928
3953
3978
4003
4028
4053
4078
4103
4128
4153
4178
4203
4228
4253
4278
4303
4328
4353
4378
4403
4428
4453
4478
4503
4528
4553
4578
4603
4628
4653
4678
4703
4728
4753
4778
4803
4828
4853
4878
4903
4928
4953
4978
5003
5028
5053
5078
5103
5128
5153
5178
5203
5228
5253
5278
5303
5328
5353
5378
5403
5428
5453
5478
5503
5528
5553
5578
5603
5628
5653
5678
5703
5728
5753
5778
5803
5828
5853
5878
5903
5928
5953
5978
6003
6028
6053
6078
6103
6128
6153
6178
6203
6228
6253
6278
6303
6328
6353
6378
6403
6428
6453
6478
6503
6528
6553
6578
6603
6628
6653
6678
6703
6728
6753
6778
6803
6828
6853
6878
6903
6928
6953
6978
7003
7028
7053
7078
7103
7128
7153
7178
7203
7228
7253
7278
7303
7328
7353
7378
7403
7428
7453
7478
7503
7528
7553
7578
7603
7628
7653
7678
7703
7728
7753
7778
7803
7828
7853
7878
7903
7928
7953
7978
8003
8028
8053
8078
8103
8128
8153
8178
8203
8228
8253
8278
8303
8328
8353
8378
8403
8428
8453
8478
8503
8528
8553
8578
8603
8628
8653
8678
8703
8728
8753
8778
8803
8828
8853
8878
8903
8928
8953
8978
9003
9028
9053
9078
9103
9128
9153
9178
9203
9228
9253
9278
9303
9328
9353
9378
9403
9428
9453
9478
9503
9528
9553
9578
9603
9628
9653
9678
9703
9728
9753
9778
9803
9828
9853
9878
9903
9928
9953
9978
10003
10028
10053
10078
10103
10128
10153
10178
10203
10228
10253
10278
10303
10328
10353
10378
10403
10428
10453
10478
10503
10528
10553
10578
10603
10628
10653
10678
10703
10728
10753
10778
10803
10828
10853
10878
10903
10928
10953
10978
11003
11028
11053
11078
11103
11128
11153
11178
11203
11228
11253
11278
11303
11328
11353
11378
11403
11428
11453
11478
11503
11528
11553
11578
11603
11628
11653
11678
11703
11728
11753
11778
11803
11828
11853
11878
11903
11928
11953
11978
12003
12028
12053
12078
12103
12128
12153
12178
12203
12228
12253
12278
12303
12328
12353
12378
12403
12428
12453
12478
12503
12528
12553
12578
12603
12628
12654
12679
12704
12729
12754
12779
12804
12829
12854
12879
12904
12929
12954
12979
13004
13029
13054
13079
13104
13129
13154
13179
13204
13229
13254
13279
13304
13329
13354
13379
13404
13429
13454
13479
13504
13529
13554
13579
13604
13629
13654
13679
13704
13729
13754
13779
13804
13829
13854
13879
13904
13929
13954
13979
14004
14029
14054
14079
14104
14129
14154
14179
14204
14229
14254
14279
14304
14329
14354
14379
14404
14429
14454
14479
14504
14529
14554
14579
14604
14629
14654
14679
14704
14729
14754
14779
14804
14829
14854
14879
14904
14929
14954
14979
15004
15029
15054
15079
15104
15129
15154
15179
15204
15229
15254
15279
15304
15329
15354
15379
15404
15429
15454
15479
15504
15529
15554
15579
15604
15629
15654
15679
15704
15729
15754
15779
15804
15829
15854
15879
15904
15929
15954
15979
16004
16029
16054
16079
16104
16129
16154
16179
16204
16229
16254
16279
16304
16329
16354
16379
16404
16429
16454
16479
16504
16529
16554
16579
16604
16629
16654
16679
16704
16729
16754
16779
16804
16829
16854
16879
16904
16929
16954
16979
17004
17029
17054
17079
17104
17129
17154
17179
17204
17229
17254
17279
17304
17329
17354
17379
17404
17429
17454
17479
17504
17529
17554
17579
17604
17629
17654
17679
17704
17729
17754
17779
17804
17829
17854
17879
17904
17929
17954
17979
18004
18029
18054
18079
18104
18129
18155
18180
18205
18230
18255
18280
18305
18330
18355
18380
18405
18430
18455
18480
18505
18530
18555
18580
18605
18630
18655
18680
18705
18730
18755
18780
18805
18830
18855
18880
18905
18930
18955
18980
19005
19030
19055
19080
19105
19130
19155
19180
19205
19230
19255
19280
19305
19330
19355
19380
19405
19430
19455
19480
19505
19530
19555
19580
19605
19630
19655
19680
19705
19730
19755
19780
19805
19830
19855
19880
19905
19930
19955
19980
20005
20030
20055
20080
20105
20130
20155
20180
20205
20230
20255
20280
20305
20330
20355
20380
20405
20430
20455
20481
20506
20531
20556
20581
20606
20631
20656
20681
20706
20731
20756
20781
20806
20831
20856
20881
20906
20931
20956
20981
21006
21031
21056
21081
21106
21131
21156
21181
21206
21231
21256
21281
21306
21331
21356
21381
21406
21431
21456
21481
21506
21531
21556
21581
21606
21634
21664
21697
21734
21774
21817
21863
21912
21962
22012
22061
22110
22157
22203
22249
22296
22340
22381
22420
22459
22498
22538
22577
22614
22648
22677
22703
22728
