45.9218
0
0
46.0217
0
0
46.122
0
0
46.2216
0
0
46.3216
0
0
46.4216
0
0
46.5218
0
0
46.6218
0
0
46.7221
0
0
46.8221
0
0
46.9218
0
0
47.0213
0
0
47.1213
0
0
47.2214
0
0
47.3222
0
0
47.422
0
0
47.5222
0
0
47.6221
0
0
47.7222
0
0
47.8213
0
0
47.9217
0
0
48.0222
0
0
48.1217
0
0
48.2214
0
0
48.3221
0
0
48.4223
0
0
48.5222
0
0
48.6219
0
0
48.7216
0
0
48.8218
0
0
48.922
0
0
49.0214
0
0
49.1221
0
0
49.2221
0
0
49.3222
0
0
49.4222
0
0
49.5222
0
0
49.622
0
0
49.7214
0
0
49.8215
0
0
49.9219
0
0
50.0222
0
0
50.1219
0
0
50.2214
0
0
50.3222
0
0
50.4223
0
0
50.5218
0
0
50.6218
0
0
50.7216
0
0
50.822
0
0
50.9217
0
0
51.022
0
0
51.1213
0
0
51.222
0
0
51.322
0
0
51.4216
0
0
51.5222
0
0
51.622
0
0
51.7216
0
0
51.8218
0
0
51.922
0
0
52.0213
0
0
52.1214
0
0
52.222
0
0
52.3218
0
0
52.4214
0
0
52.5222
0
0
52.6219
0
0
52.7214
0
0
52.8222
0
0
52.9214
0
0
53.0222
0
0
53.1222
0
0
53.2218
0
0
53.3214
0
0
53.4215
0
0
53.5213
0
0
53.6218
0
0
53.7219
0
0
53.822
0
0
53.9218
0
0
54.0221
0
0
54.122
0
0
54.2222
0
0
54.3219
0
0
54.422
0
0
54.5217
0
0
54.6216
0
0
54.7216
0
0
54.822
0
0
54.9218
0
0
55.0222
0
0
55.1221
0
0
55.2221
0
0
55.3215
0
0
55.4215
0
0
55.5217
0
0
55.6216
0
0
55.7215
0
0
55.822
0
0
55.9217
0
0
56.0215
0
0
56.1215
0
0
56.222
0
0
56.322
0
0
56.4223
0
0
56.5217
0
0
56.6214
0
0
56.7216
0
0
56.822
0
0
56.9221
0
0
57.0217
0
0
57.1217
0
0
57.2216
0
0
57.3216
0
0
57.4213
0
0
57.5222
0
0
57.6214
0
0
57.7222
0
0
57.8221
0
0
57.9218
0
0
58.0219
0
0
58.1216
0
0
58.2216
0
0
58.3222
0
0
58.4222
0
0
58.522
0
0
58.6221
0
0
58.7213
0
0
58.8221
0
0
58.9215
0
0
59.0217
0
0
59.1222
0
0
59.2213
0
0
59.3218
0
0
59.4216
0
0
59.5218
0
0
59.6218
0
0
59.7218
0
0
59.8222
0
0
59.9222
0
0
60.0218
0
0
60.1219
0
0
60.2213
0
0
60.3217
0
0
60.4216
0
0
60.5222
0
0
60.6217
0
0
60.7214
0
0
60.8219
0
0
60.9218
0
0
61.0219
0
0
61.122
0
0
61.2213
0
0
61.3222
0
0
61.4214
0
0
61.5217
0
0
61.6217
0
0
61.7217
0
0
61.822
0
0
61.9221
0
0
62.0216
0
0
62.1219
0
0
62.2218
0
0
62.3218
0
0
62.4216
0
0
62.5215
0
0
62.6219
0
0
62.7221
0
0
62.8218
0
0
62.9215
0
0
63.0222
0
0
63.1217
0
0
63.2217
0
0
63.3217
0
0
63.4222
0
0
63.5222
0
0
63.6222
0
0
63.7223
0
0
63.8218
0
0
63.9218
0
0
64.0222
0
0
64.1217
0
0
64.2221
0
0
64.3215
0
0
64.4215
0
0
64.5218
0
0
64.6222
0
0
64.7218
0
0
64.8213
0
0
64.9219
0
0
65.0219
0
0
65.1222
0
0
65.2218
0
0
65.322
0
0
65.4214
0
0
65.5214
0
0
65.6215
0
0
65.7219
0
0
65.8217
0
0
65.9216
0
0
66.0213
0
0
66.1217
0
0
66.2218
0
0
66.3215
0
0
66.4215
0
0
66.5216
0
0
66.622
0
0
66.7221
0
0
66.8215
0
0
66.9217
0
0
67.0219
0
0
67.1217
0
0
67.2219
0
0
67.3217
0
0
67.422
0
0
67.5222
0
0
67.6218
0
0
67.7215
0
0
67.8221
0
0
67.9216
0
0
68.0218
0
0
68.1215
0
0
68.222
0
0
68.3217
0
0
68.4223
0
0
68.5216
0
0
68.6217
0
0
68.7222
0
0
68.8219
0
0
68.9222
0
0
69.0221
0
0
69.1217
0
0
69.222
0
0
69.3221
0
0
69.4217
0
0
69.5222
0
0
69.6222
0
0
69.7221
0
0
69.8215
0
0
69.922
0
0
70.0213
0
0
70.1222
0
0
70.2221
0
0
70.3222
0
0
70.4223
0
0
70.5217
0
0
70.6212
0
0
70.7221
0
0
70.822
0
0
70.9221
0
0
71.0218
0
0
71.1212
0
0
71.2222
0
0
71.3217
0
0
71.4218
0
0
71.5212
0
0
71.6216
0
0
71.7214
0
0
71.822
0
0
71.9214
0
0
72.0216
0
0
72.1215
0
0
72.2214
0
0
72.3221
0
0
72.4222
0
0
72.5221
0
0
72.6213
0
0
72.7218
0
0
72.822
0
0
72.9215
0
0
73.0222
0
0
73.1216
0
0
73.2213
0
0
73.3218
0
0
73.4222
0
0
73.522
0
0
73.6217
0
0
73.7216
0
0
73.8216
0
0
73.9216
0
0
74.0219
0
0
74.1216
0
0
74.2218
0
0
74.3219
0
0
74.4223
0
0
74.5213
0
0
74.622
0
0
74.7217
0
0
74.822
0
0
74.9222
0
0
75.0216
0
0
75.1214
0
0
75.2216
0
0
75.3222
0
0
75.4221
0
0
75.5214
0
0
75.622
0
0
75.7213
0
0
75.822
0
0
75.9215
0
0
76.022
0
0
76.1221
0
0
76.2213
0
0
76.3218
0
0
76.422
0
0
76.5216
0
0
76.6217
0
0
76.7216
0
0
76.8218
0
0
76.9218
0
0
77.0219
0
0
77.1216
0
0
77.2221
0
0
77.3213
0
0
77.4226
0
0
77.5221
0
0
77.6216
0
0
77.7213
0
0
77.8216
0
0
77.922
0
0
78.0219
0
0
78.1219
0
0
78.2214
0
0
78.3217
0
0
78.4214
0
0
78.5215
0
0
78.6219
0
0
78.7222
0
0
78.8217
0
0
78.9216
0
0
79.0215
0
0
79.1213
0
0
79.2222
0
0
79.3221
0
0
79.423
0
0
79.5221
0
0
79.6218
0
0
79.7215
0
0
79.8218
0
0
79.9215
0
0
80.0215
0
0
80.1216
0
0
80.2218
0
0
80.3221
0
0
80.4217
0
0
80.5219
0
0
80.622
0
0
80.7213
0
0
80.8217
0
0
80.9218
0
0
81.0221
0
0
81.1218
0
0
81.2215
0
0
81.3222
0
0
81.4217
0
0
81.5221
0
0
81.6216
0
0
81.7218
0
0
81.8217
0
0
81.9222
0
0
82.0217
0
0
82.1214
0
0
82.2229
0
0
82.322
0
0
82.422
0
0
82.5214
0
0
82.6214
0
0
82.7221
0
0
82.8217
0
0
82.9214
0
0
83.0216
0
0
83.1213
0
0
83.2221
0
0
83.322
0
0
83.4216
0
0
83.5215
0
0
83.6222
0
0
83.7222
0
0
83.822
0
0
83.9217
0
0
84.022
0
0
84.1214
0
0
84.2227
0
0
84.322
0
0
84.4214
0
0
84.5216
0
0
84.6218
0
0
84.7226
0
0
84.8219
0
0
84.9222
0
0
85.0219
0
0
85.122
0
0
85.223
0
0
85.3214
0
0
85.4217
0
0
85.5218
0
0
85.6222
0
0
85.723
0
0
85.822
0
0
85.9214
0
0
86.0221
0
0
86.1213
0
0
86.2229
0
0
86.3218
0
0
86.4213
0
0
86.5214
0
0
86.6213
0
0
86.7227
0
0
86.8222
0
0
86.9218
0
0
87.022
0
0
87.1222
0
0
87.2225
0
0
87.3216
0
0
87.4217
0
0
87.5219
0
0
87.6222
0
0
87.7224
0
0
87.8218
0
0
87.922
0
0
88.0221
0
0
88.1222
0
0
88.2225
0
0
88.3213
0
0
88.4215
0
0
88.5217
0
0
88.6222
0
0
88.722
0
0
88.8221
0
0
88.9216
0
0
89.0219
0
0
89.122
0
0
89.2214
0
0
89.3217
0
0
89.4216
0
0
89.5217
0
0
89.6222
0
0
89.7217
0
0
89.8213
0
0
89.9218
0
0
90.0216
0
0
90.1219
0
0
90.2222
0
0
90.3218
0
0
90.422
0
0
90.5215
0
0
90.6214
0
0
90.7218
0
0
90.8213
0
0
90.9222
0
0
91.022
0
0
91.1216
0
0
91.2217
0
0
91.3217
0
0
91.4218
0
0
91.5219
0
0
91.6217
0
0
91.7217
0
0
91.8223
0
0
91.9215
0
0
92.0216
0
0
92.1213
0
0
92.2222
0
0
92.3219
0
0
92.4215
0
0
92.5215
0
0
92.6219
0
0
92.7217
0
0
92.8217
0
0
92.9219
0
0
93.0222
0
0
93.122
0
0
93.2219
0
0
93.3218
0
0
93.4214
0
0
93.5214
0
0
93.6216
0
0
93.7223
0
0
93.8222
0
0
93.9222
0
0
94.0216
0
0
94.1221
0
0
94.2215
0
0
94.3213
0
0
94.4218
0
0
94.522
0
0
94.6218
0
0
94.7217
0
0
94.8214
0
0
94.9222
0
0
95.0216
0
0
95.1214
0
0
95.2215
0
0
95.3214
0
0
95.4218
0
0
95.5213
0
0
95.6222
0
0
95.7216
0
0
95.8216
0
0
95.9222
0
0
96.022
0
0
96.1216
0
0
96.2222
0
0
96.3221
0
0
96.4221
0
0
96.5219
0
0
96.6213
0
0
96.7217
0
0
96.8216
0
0
96.9222
0
0
97.0219
0
0
97.1221
0
0
97.2216
0
0
97.3222
0
0
97.4222
0
0
97.5219
0
0
97.6222
0
0
97.7213
0
0
97.822
0
0
97.9216
0
0
98.022
0
0
98.1218
0
0
98.2217
0
0
98.3214
0
0
98.4217
0
0
98.5218
0
0
98.6213
0
0
98.7219
0
0
98.8222
0
0
98.9213
0
0
99.0217
0
0
99.1896
0
0
99.2217
0
0
99.3214
0
0
99.4217
0
0
99.5216
0
0
99.622
0
0
99.7222
0
0
99.8214
0
0
99.922
0
0
100.022
0
0
100.122
0
0
100.222
0
0
100.322
0
0
100.421
0
0
100.521
0
0
100.622
0
0
100.721
0
0
100.821
0
0
100.921
0
0
101.022
0
0
101.122
0
0
101.222
0
0
101.322
0
0
101.422
0
0
101.522
0
0
101.622
0
0
101.721
0
0
101.822
0
0
101.922
0
0
102.022
0
0
102.122
0
0
102.222
0
0
102.322
0
0
102.422
0
0
102.522
0
0
102.622
0
0
102.722
0
0
102.822
0
0
102.921
0
0
103.021
0
0
103.122
0
0
103.222
0
0
103.321
0
0
103.422
0
0
103.522
0
0
103.621
0
0
103.721
0
0
103.822
0
0
103.922
0
0
104.022
0
0
104.122
0
0
104.222
0
0
104.321
0
0
104.422
0
0
104.521
0
0
104.622
0
0
104.722
0
0
104.822
0
0
104.922
0
0
105.022
0
0
105.121
0
0
105.221
0
0
105.321
0
0
105.421
0
0
105.521
0
0
105.622
0
0
105.722
0
0
105.822
0
0
105.922
0
0
106.021
0
0
106.122
0
0
106.221
0
0
106.322
0
0
106.422
0
0
106.522
0
0
106.622
0
0
106.722
0
0
106.822
0
0
106.922
0
0
107.022
0
0
107.122
0
0
107.221
0
0
107.322
0
0
107.422
0
0
107.522
0
0
107.622
0
0
107.722
0
0
107.822
0
0
107.922
0
0
108.022
0
0
108.122
0
0
108.222
0
0
108.321
0
0
108.422
0
0
108.522
0
0
108.622
0
0
108.722
0
0
108.822
0
0
108.921
0
0
109.021
0
0
109.122
0
0
109.222
0
0
109.322
0
0
109.422
0
0
109.521
0
0
109.621
0
0
109.722
0
0
109.822
0
0
109.921
0
0
110.021
0
0
110.122
0
0
110.221
0
0
110.322
0
0
110.421
0
0
110.522
0
0
110.622
0
0
110.721
0
0
110.822
0
0
110.922
0
0
111.022
0
0
111.121
0
0
111.221
0
0
111.322
0
0
111.422
0
0
111.522
0
0
111.622
0
0
111.722
0
0
111.822
0
0
111.921
0
0
112.022
0
0
112.122
0
0
112.222
0
0
112.322
0
0
112.422
0
0
112.522
0
0
112.622
0
0
112.722
0
0
112.822
0
0
112.922
0
0
113.022
0
0
113.122
0
0
113.222
0
0
113.321
0
0
113.421
0
0
113.522
0
0
113.622
0
0
113.722
0
0
113.822
0
0
113.922
0
0
114.021
0
0
114.122
0
0
114.221
0
0
114.322
0
0
114.422
0
0
114.521
0
0
114.622
0
0
114.722
0
0
114.822
0
0
114.921
0
0
115.022
0
0
115.121
0
0
115.222
0
0
115.322
0
0
115.422
0
0
115.521
0
0
115.622
0
0
115.722
0
0
115.822
0
0
115.922
0
0
116.022
0
0
116.122
0
0
116.222
0
0
116.321
0
0
116.422
0
0
116.522
0
0
116.622
0
0
116.722
0
0
116.822
0
0
116.921
0
0
117.021
0
0
117.122
0
0
117.222
0
0
117.322
0
0
117.422
0
0
117.522
0
0
117.622
0
0
117.722
0
0
117.822
0
0
117.922
0
0
118.022
0
0
118.122
0
0
118.222
0
0
118.322
0
0
118.421
0
0
118.522
0
0
118.622
0
0
118.722
0
0
118.822
0
0
118.922
0
0
119.022
0
0
119.121
0
0
119.222
0
0
119.322
0
0
119.421
0
0
119.522
0
0
119.622
0
0
119.721
0
0
119.822
0
0
119.922
0
0
120.022
0
0
120.122
0
0
120.222
0
0
120.322
0
0
120.422
0
0
120.521
0
0
120.622
0
0
120.721
0
0
120.821
0
0
120.922
0
0
121.022
0
0
121.122
0
0
121.222
0
0
121.321
0
0
121.421
0
0
121.522
0
0
121.621
0
0
121.722
0
0
121.822
0
0
121.921
0
0
122.022
0
0
122.122
0
0
122.222
0
0
122.322
0
0
122.422
0
0
122.522
0
0
122.622
0
0
122.722
0
0
122.822
0
0
122.921
0
0
123.022
0
0
123.122
0
0
123.222
0
0
123.322
0
0
123.422
0
0
123.522
0
0
123.622
0
0
123.722
0
0
123.821
0
0
123.922
0
0
124.022
0
0
124.122
0
0
124.222
0
0
124.322
0
0
124.422
0
0
124.522
0
0
124.622
0
0
124.721
0
0
124.822
0
0
124.922
0
0
125.021
0
0
125.122
0
0
125.222
0
0
125.321
0
0
125.421
0
0
125.522
0
0
125.622
0
0
125.722
0
0
125.821
0
0
125.922
0
0
126.021
0
0
126.122
0
0
126.222
0
0
126.321
0
0
126.422
0
0
126.522
0
0
126.622
0
0
126.722
0
0
126.821
0
0
126.921
0
0
127.022
0
0
127.122
0
0
127.221
0
0
127.321
0
0
127.422
0
0
127.522
0
0
127.622
0
0
127.722
0
0
127.821
0
0
127.922
0
0
128.022
0
0
128.122
0
0
128.222
0
0
128.322
0
0
128.422
0
0
128.521
0
0
128.622
0
0
128.721
0
0
128.822
0
0
128.922
0
0
129.022
0
0
129.122
0
0
129.222
0
0
129.322
0
0
129.422
0
0
129.521
0
0
129.622
0
0
129.722
0
0
129.821
0
0
129.922
0
0
130.022
0
0
130.122
0
0
130.222
0
0
130.321
0
0
130.421
0
0
130.522
0
0
130.622
0
0
130.722
0
0
130.822
0
0
130.922
0
0
131.022
0
0
131.122
0
0
131.222
0
0
131.322
0
0
131.421
0
0
131.521
0
0
131.621
0
0
131.722
0
0
131.822
0
0
131.922
0
0
132.022
0
0
132.122
0
0
132.222
0
0
132.322
0
0
132.421
0
0
132.522
0
0
132.622
0
0
132.722
0
0
132.822
0
0
132.922
0
0
133.022
0
0
133.121
0
0
133.221
0
0
133.322
0
0
133.422
0
0
133.522
0
0
133.622
0
0
133.722
0
0
133.822
0
0
133.922
0
0
134.022
0
0
134.122
0
0
134.222
0
0
134.322
0
0
134.422
0
0
134.522
0
0
134.622
0
0
134.722
0
0
134.822
0
0
134.922
0
0
135.022
0
0
135.122
0
0
135.222
0
0
135.322
0
0
135.421
0
0
135.521
0
0
135.622
0
0
135.722
0
0
135.822
0
0
135.921
0
0
136.022
0
0
136.121
0
0
136.221
0
0
136.322
0
0
136.422
0
0
136.522
0
0
136.622
0
0
136.721
0
0
136.821
0
0
136.922
0
0
137.022
0
0
137.122
0
0
137.222
0
0
137.322
0
0
137.421
0
0
137.522
0
0
137.622
0
0
137.722
0
0
137.822
0
0
137.922
0
0
138.022
0
0
138.121
0
0
138.222
0
0
138.322
0
0
138.422
0
0
138.522
0
0
138.622
0
0
138.722
0
0
138.822
0
0
138.922
0
0
139.022
0
0
139.122
0
0
139.222
0
0
139.321
0
0
139.422
0
0
139.522
0
0
139.622
0
0
139.722
0
0
139.821
0
0
139.922
0
0
140.022
0
0
140.122
0
0
140.222
0
0
140.322
0
0
140.422
0
0
140.522
0
0
140.621
0
0
140.721
0
0
140.822
0
0
140.922
0
0
141.021
0
0
141.121
0
0
141.222
0
0
141.322
0
0
141.421
0
0
141.521
0
0
141.622
0
0
141.722
0
0
141.822
0
0
141.922
0
0
142.021
0
0
142.122
0
0
142.221
0
0
142.322
0
0
142.422
0
0
142.521
0
0
142.622
0
0
142.722
0
0
142.821
0
0
142.922
0
0
143.022
0
0
143.121
0
0
143.222
0
0
143.321
0
0
143.422
0
0
143.521
0
0
143.622
0
0
143.722
0
0
143.821
0
0
143.922
0
0
144.022
0
0
144.122
0
0
144.222
0
0
144.321
0
0
144.422
0
0
144.522
0
0
144.622
0
0
144.722
0
0
144.822
0
0
144.921
0
0
145.022
0
0
145.122
0
0
145.222
0
0
145.322
0
0
145.422
0
0
145.522
0
0
145.624
0
0
145.721
0
0
145.822
0
0
145.922
0
0
146.022
0
0
146.122
0
0
146.221
0
0
146.322
0
0
146.422
0
0
146.521
0
0
146.622
0
0
146.722
0
0
146.822
0
0
146.921
0
0
147.022
0
0
147.122
0
0
147.222
0
0
147.322
0
0
147.422
0
0
147.522
0
0
147.622
0
0
147.722
0
0
147.822
0
0
147.922
0
0
148.022
0
0
148.122
0
0
148.221
0
0
148.322
0
0
148.422
0
0
148.521
0
0
148.622
0
0
148.722
0
0
148.822
0
0
148.921
0
0
149.021
0
0
149.122
0
0
149.222
0
0
149.322
0
0
149.422
0
0
149.521
0
0
149.621
0
0
149.721
0
0
149.822
0
0
149.921
0
0
150.021
0
0
150.122
0
0
150.222
0
0
150.322
0
0
150.421
0
0
150.522
0
0
150.622
0
0
150.722
0
0
150.822
0
0
150.922
0
0
151.022
0
0
151.121
0
0
151.221
0
0
151.322
0
0
151.422
0
0
151.522
0
0
151.622
0
0
151.722
0
0
151.822
0
0
151.921
0
0
152.021
0
0
152.122
0
0
152.222
0
0
152.322
0
0
152.422
0
0
152.521
0
0
152.622
0
0
152.722
0
0
152.822
0
0
152.922
0
0
153.022
0
0
153.122
0
0
153.222
0
0
153.322
0
0
153.422
0
0
153.522
0
0
153.622
0
0
153.722
0
0
153.822
0
0
153.922
0
0
154.022
0
0
154.121
0
0
154.221
0
0
154.322
0
0
154.422
0
0
154.521
0
0
154.621
0
0
154.723
0
0
154.821
0
0
154.922
0
0
155.022
0
0
155.122
0
0
155.221
0
0
155.321
0
0
155.425
0
0
155.522
0
0
155.622
0
0
155.722
0
0
155.822
0
0
155.921
0
0
156.022
0
0
156.123
0
0
156.221
0
0
156.322
0
0
156.422
0
0
156.522
0
0
156.622
0
0
156.722
0
0
156.821
0
0
156.922
0
0
157.022
0
0
157.122
0
0
157.221
0
0
157.322
0
0
157.422
0
0
157.522
0
0
157.622
0
0
157.722
0
0
157.822
0
0
157.922
0
0
158.022
0
0
158.122
0
0
158.222
0
0
158.321
0
0
158.422
0
0
158.522
0
0
158.622
0
0
158.722
0
0
158.821
0
0
158.922
0
0
159.021
0
0
159.122
0
0
159.222
0
0
159.321
0
0
159.422
0
0
159.522
0
0
159.621
0
0
159.722
0
0
159.822
0
0
159.922
0
0
160.022
0
0
160.122
0
0
160.222
0
0
160.322
0
0
160.422
0
0
160.522
0
0
160.622
0
0
160.722
0
0
160.822
0
0
160.921
0
0
161.022
0
0
161.122
0
0
161.221
0
0
161.321
0
0
161.422
0
0
161.525
0
0
161.622
0
0
161.722
0
0
161.822
0
0
161.922
0
0
162.022
0
0
162.122
0
0
162.222
0
0
162.322
0
0
162.422
0
0
162.521
0
0
162.622
0
0
162.722
0
0
162.822
0
0
162.921
0
0
163.021
0
0
163.122
0
0
163.222
0
0
163.321
0
0
163.422
0
0
163.521
0
0
163.621
0
0
163.722
0
0
163.822
0
0
163.922
0
0
164.022
0
0
164.122
0
0
164.222
0
0
164.322
0
0
164.422
0
0
164.522
0
0
164.622
0
0
164.721
0
0
164.821
0
0
164.921
0
0
165.022
0
0
165.121
0
0
165.222
0
0
165.322
0
0
165.422
0
0
165.522
0
0
165.622
0
0
165.721
0
0
165.822
0
0
165.922
0
0
166.022
0
0
166.122
0
0
166.221
0
0
166.322
0
0
166.422
0
0
166.522
0
0
166.621
0
0
166.722
0
0
166.821
0
0
166.922
0
0
167.022
0
0
167.121
0
0
167.221
0
0
167.322
0
0
167.422
0
0
167.522
0
0
167.622
0
0
167.722
0
0
167.822
0
0
167.922
0
0
168.022
0
0
168.121
0
0
168.221
0
0
168.322
0
0
168.422
0
0
168.522
0
0
168.621
0
0
168.722
0
0
168.822
0
0
168.922
0
0
169.022
0
0
169.121
0
0
169.221
0
0
169.322
0
0
169.422
0
0
169.521
0
0
169.621
0
0
169.721
0
0
169.822
0
0
169.922
0
0
170.022
0
0
170.122
0
0
170.222
0
0
170.322
0
0
170.422
0
0
170.521
0
0
170.621
0
0
170.722
0
0
170.822
0
0
170.921
0
0
171.022
0
0
171.121
0
0
171.222
0
0
171.322
0
0
171.421
0
0
171.522
0
0
171.622
0
0
171.721
0
0
171.822
0
0
171.922
0
0
172.022
0
0
172.122
0
0
172.222
0
0
172.322
0
0
172.422
0
0
172.522
0
0
172.622
0
0
172.722
0
0
172.822
0
0
172.922
0
0
173.022
0
0
173.122
0
0
173.221
0
0
173.321
0
0
173.422
0
0
173.522
0
0
173.622
0
0
173.721
0
0
173.822
0
0
173.921
0
0
174.021
0
0
174.122
0
0
174.222
0
0
174.322
0
0
174.422
0
0
174.522
0
0
174.622
0
0
174.722
0
0
174.821
0
0
174.924
0
0
175.022
0
0
175.122
0
0
175.222
0
0
175.321
0
0
175.422
0
0
175.522
0
0
175.622
0
0
175.722
0
0
175.822
0
0
175.921
0
0
176.022
0
0
176.121
0
0
176.222
0
0
176.321
0
0
176.421
0
0
176.521
0
0
176.621
0
0
176.722
0
0
176.822
0
0
176.921
0
0
177.022
0
0
177.121
0
0
177.222
0
0
177.321
0
0
177.421
0
0
177.522
0
0
177.622
0
0
177.722
0
0
177.822
0
0
177.922
0
0
178.022
0
0
178.122
0
0
178.221
0
0
178.322
0
0
178.422
0
0
178.522
0
0
178.622
0
0
178.722
0
0
178.822
0
0
178.922
0
0
179.021
0
0
179.122
0
0
179.222
0
0
179.322
0
0
179.422
0
0
179.522
0
0
179.622
0
0
179.722
0
0
179.821
0
0
179.922
0
0
180.022
0
0
180.121
0
0
180.221
0
0
180.321
0
0
180.421
0
0
180.522
0
0
180.622
0
0
180.722
0
0
180.822
0
0
180.922
0
0
181.022
0
0
181.122
0
0
181.222
0
0
181.321
0
0
181.421
0
0
181.522
0
0
181.622
0
0
181.722
0
0
181.822
0
0
181.922
0
0
182.022
0
0
182.121
0
0
182.222
0
0
182.322
0
0
182.422
0
0
182.522
0
0
182.622
0
0
182.721
0
0
182.822
0
0
182.922
0
0
183.022
0
0
183.122
0
0
183.222
0
0
183.321
0
0
183.421
0
0
183.522
0
0
183.622
0
0
183.722
0
0
183.821
0
0
183.922
0
0
184.022
0
0
184.122
0
0
184.222
0
0
184.322
0
0
184.422
0
0
184.522
0
0
184.621
0
0
184.722
0
0
184.822
0
0
184.921
0
0
185.022
0
0
185.122
0
0
185.221
0
0
185.322
0
0
185.421
0
0
185.522
0
0
185.622
0
0
185.722
0
0
185.822
0
0
185.921
0
0
186.022
0
0
186.122
0
0
186.222
0
0
186.321
0
0
186.422
0
0
186.522
0
0
186.622
0
0
186.722
0
0
186.822
0
0
186.922
0
0
187.022
0
0
187.121
0
0
187.221
0
0
187.322
0
0
187.422
0
0
187.522
0
0
187.622
0
0
187.722
0
0
187.822
0
0
187.921
0
0
188.022
0
0
188.121
0
0
188.221
0
0
188.322
0
0
188.422
0
0
188.521
0
0
188.622
0
0
188.722
0
0
188.821
0
0
188.922
0
0
189.021
0
0
189.122
0
0
189.221
0
0
189.322
0
0
189.422
0
0
189.522
0
0
189.622
0
0
189.722
0
0
189.822
0
0
189.922
0
0
190.022
0
0
190.122
0
0
190.221
0
0
190.321
0
0
190.422
0
0
190.522
0
0
190.622
0
0
190.721
0
0
190.821
0
0
190.922
0
0
191.022
0
0
191.121
0
0
191.222
0
0
191.322
0
0
191.422
0
0
191.522
0
0
191.621
0
0
191.721
0
0
191.822
0
0
191.922
0
0
192.022
0
0
192.122
0
0
192.221
0
0
192.322
0
0
192.422
0
0
192.522
0
0
192.621
0
0
192.722
0
0
192.822
0
0
192.922
0
0
193.021
0
0
193.122
0
0
193.222
0
0
193.322
0
0
193.422
0
0
193.522
0
0
193.622
0
0
193.721
0
0
193.821
0
0
193.922
0
0
194.021
0
0
194.122
0
0
194.221
0
0
194.322
0
0
194.422
0
0
194.522
0
0
194.622
0
0
194.722
0
0
194.822
0
0
194.922
0
0
195.022
0
0
195.122
0
0
195.222
0
0
195.322
0
0
195.422
0
0
195.522
0
0
195.622
0
0
195.722
0
0
195.822
0
0
195.922
0
0
196.022
0
0
196.121
0
0
196.222
0
0
196.322
0
0
196.422
0
0
196.522
0
0
196.622
0
0
196.722
0
0
196.822
0
0
196.922
0
0
197.022
0
0
197.122
0
0
197.222
0
0
197.322
0
0
197.422
0
0
197.522
0
0
197.622
0
0
197.721
0
0
197.822
0
0
197.922
0
0
198.022
0
0
198.122
0
0
198.222
0
0
198.322
0
0
198.421
0
0
198.522
0
0
198.622
0
0
198.721
0
0
198.822
0
0
198.921
0
0
199.022
0
0
199.122
0
0
199.221
0
0
199.322
0
0
199.422
0
0
199.522
0
0
199.622
0
0
199.722
0
0
199.822
0
0
199.922
0
0
200.022
0
0
200.122
0
0
200.222
0
0
200.322
0
0
200.422
0
0
200.522
0
0
200.622
0
0
200.722
0
0
200.822
0
0
200.922
0
0
201.022
0
0
201.122
0
0
201.222
0
0
201.322
0
0
201.422
0
0
201.522
0
0
201.622
0
0
201.722
0
0
201.821
0
0
201.921
0
0
202.022
0
0
202.122
0
0
202.222
0
0
202.321
0
0
202.421
0
0
202.522
0
0
202.622
0
0
202.722
0
0
202.821
0
0
202.921
0
0
203.022
0
0
203.122
0
0
203.222
0
0
203.322
0
0
203.422
0
0
203.521
0
0
203.622
0
0
203.722
0
0
203.822
0
0
203.921
0
0
204.021
0
0
204.121
0
0
204.222
0
0
204.321
0
0
204.479
0
0
204.623
0
0
204.722
0
0
204.822
0
0
204.921
0
0
205.021
0
0
205.121
0
0
205.222
0
0
205.322
0
0
205.422
0
0
205.522
0
0
205.622
0
0
205.722
0
0
205.822
0
0
205.922
0
0
206.021
0
0
206.122
0
0
206.221
0
0
206.322
0
0
206.422
0
0
206.522
0
0
206.622
0
0
206.723
0
0
206.822
0
0
206.921
0
0
207.023
0
0
207.122
0
0
207.223
0
0
207.322
0
0
207.422
0
0
207.522
0
0
207.622
0
0
207.723
0
0
207.822
0
0
207.922
0
0
208.021
0
0
208.121
0
0
208.223
0
0
208.322
0
0
208.422
0
0
208.522
0
0
208.621
0
0
208.723
0
0
208.822
0
0
208.922
0
0
209.022
0
0
209.122
0
0
209.223
0
0
209.322
0
0
209.422
0
0
209.521
0
0
209.622
0
0
209.723
0
0
209.822
0
0
209.921
0
0
210.022
0
0
210.122
0
0
210.223
0
0
210.321
0
0
210.422
0
0
210.521
0
0
210.622
0
0
210.723
0
0
210.822
0
0
210.922
0
0
211.022
0
0
211.122
0
0
211.223
0
0
211.321
0
0
211.422
0
0
211.522
0
0
211.621
0
0
211.722
0
0
211.822
0
0
211.921
0
0
212.022
0
0
212.122
0
0
212.223
0
0
212.322
0
0
212.422
0
0
212.521
0
0
212.621
0
0
212.723
0
0
212.822
0
0
212.921
0
0
213.021
0
0
213.122
0
0
213.222
0
0
213.321
0
0
213.422
0
0
213.522
0
0
213.622
0
0
213.723
0
0
213.822
0
0
213.921
0
0
214.021
0
0
214.122
0
0
214.223
0
0
214.322
0
0
214.421
0
0
214.522
0
0
214.622
0
0
214.722
0
0
214.821
0
0
214.922
0
0
215.021
0
0
215.122
0
0
215.223
0
0
215.322
0
0
215.422
0
0
215.522
0
0
215.622
0
0
215.723
0
0
215.822
0
0
215.922
0
0
216.022
0
0
216.122
0
0
216.223
0
0
216.322
0
0
216.422
0
0
216.521
0
0
216.622
0
0
216.723
0
0
216.822
0
0
216.922
0
0
217.021
0
0
217.122
0
0
217.223
0
0
217.322
0
0
217.422
0
0
217.522
0
0
217.621
0
0
217.723
0
0
217.822
0
0
217.922
0
0
218.022
0
0
218.122
0
0
218.223
0
0
218.322
0
0
218.422
0
0
218.521
0
0
218.622
0
0
218.722
0
0
218.821
0
0
218.922
0
0
219.022
0
0
219.121
0
0
219.222
0
0
219.321
0
0
219.422
0
0
219.522
0
0
219.622
0
0
219.721
0
0
219.822
0
0
219.922
0
0
220.022
0
0
220.122
0
0
220.221
0
0
220.322
0
0
220.422
0
0
220.522
0
0
220.621
0
0
220.722
0
0
220.822
0
0
220.922
0
0
221.023
0
0
221.122
0
0
221.222
0
0
221.322
0
0
221.422
0
0
221.521
0
0
221.622
0
0
221.722
0
0
221.822
0
0
221.921
0
0
222.022
0
0
222.122
0
0
222.222
0
0
222.322
0
0
222.421
0
0
222.521
0
0
222.622
0
0
222.722
0
0
222.822
0
0
222.923
0
0
223.022
0
0
223.122
0
0
223.221
0
0
223.322
0
0
223.421
0
0
223.522
0
0
223.621
0
0
223.722
0
0
223.822
0
0
223.922
0
0
224.022
0
0
224.121
0
0
224.222
0
0
224.322
0
0
224.421
0
0
224.521
0
0
224.622
0
0
224.723
0
0
224.822
0
0
224.922
0
0
225.022
0
0
225.122
0
0
225.223
0
0
225.322
0
0
225.422
0
0
225.522
0
0
225.622
0
0
225.723
0
0
225.822
0
0
225.922
0
0
226.022
0
0
226.122
0
0
226.222
0
0
226.322
0
0
226.422
0
0
226.522
0
0
226.622
0
0
226.723
0
0
226.821
0
0
226.921
0
0
227.022
0
0
227.121
0
0
227.222
0
0
227.322
0
0
227.422
0
0
227.522
0
0
227.622
0
0
227.723
0
0
227.822
0
0
227.922
0
0
228.022
0
0
228.122
0
0
228.223
0
0
228.322
0
0
228.422
0
0
228.522
0
0
228.622
0
0
228.722
0
0
228.822
0
0
228.922
0
0
229.023
0
0
229.121
0
0
229.222
0
0
229.321
0
0
229.422
0
0
229.522
0
0
229.622
0
0
229.722
0
0
229.822
0
0
229.921
0
0
230.022
0
0
230.121
0
0
230.222
0
0
230.322
0
0
230.422
0
0
230.522
0
0
230.622
0
0
230.722
0
0
230.822
0
0
230.921
0
0
231.022
0
0
231.122
0
0
231.221
0
0
231.321
0
0
231.422
0
0
231.522
0
0
231.621
0
0
231.722
0
0
231.822
0
0
231.922
0
0
232.022
0
0
232.122
0
0
232.222
0
0
232.322
0
0
232.422
0
0
232.522
0
0
232.622
0
0
232.722
0
0
232.822
0
0
232.922
0
0
233.021
0
0
233.122
0
0
233.222
0
0
233.322
0
0
233.422
0
0
233.521
0
0
233.622
0
0
233.721
0
0
233.822
0
0
233.921
0
0
234.022
0
0
234.122
0
0
234.222
0
0
234.321
0
0
234.422
0
0
234.521
0
0
234.622
0
0
234.722
0
0
234.822
0
0
234.922
0
0
235.022
0
0
235.121
0
0
235.221
0
0
235.322
0
0
235.422
0
0
235.522
0
0
235.622
0
0
235.721
0
0
235.822
0
0
235.922
0
0
236.022
0
0
236.122
0
0
236.222
0
0
236.322
0
0
236.422
0
0
236.521
0
0
236.621
0
0
236.722
0
0
236.822
0
0
236.921
0
0
237.021
0
0
237.122
0
0
237.221
0
0
237.322
0
0
237.422
0
0
237.521
0
0
237.622
0
0
237.722
0
0
237.821
0
0
237.922
0
0
238.022
0
0
238.122
0
0
238.221
0
0
238.322
0
0
238.422
0
0
238.522
0
0
238.622
0
0
238.722
0
0
238.822
0
0
238.922
0
0
239.022
0
0
239.122
0
0
239.222
0
0
239.322
0
0
239.421
0
0
239.521
0
0
239.622
0
0
239.722
0
0
239.822
0
0
239.922
0
0
240.022
0
0
240.121
0
0
240.222
0
0
240.322
0
0
240.422
0
0
240.522
0
0
240.621
0
0
240.722
0
0
240.822
0
0
240.922
0
0
241.022
0
0
241.121
0
0
241.221
0
0
241.322
0
0
241.422
0
0
241.522
0
0
241.622
0
0
241.722
0
0
241.822
0
0
241.921
0
0
242.022
0
0
242.122
0
0
242.221
0
0
242.321
0
0
242.422
0
0
242.522
0
0
242.621
0
0
242.721
0
0
242.821
0
0
242.922
0
0
243.021
0
0
243.122
0
0
243.221
0
0
243.322
0
0
243.422
0
0
243.522
0
0
243.622
0
0
243.722
0
0
243.822
0
0
243.922
0
0
244.022
0
0
244.122
0
0
244.222
0
0
244.322
0
0
244.422
0
0
244.521
0
0
244.622
0
0
244.722
0
0
244.822
0
0
244.922
0
0
245.022
0
0
245.122
0
0
245.223
0
0
245.321
0
0
245.422
0
0
245.521
0
0
245.622
0
0
245.723
0
0
245.821
0
0
245.921
0
0
246.022
0
0
246.122
0
0
246.224
0
0
246.322
0
0
246.422
0
0
246.522
0
0
246.621
0
0
246.722
0
0
246.822
0
0
246.922
0
0
247.022
0
0
247.122
0
0
247.222
0
0
247.322
0
0
247.422
0
0
247.522
0
0
247.622
0
0
247.722
0
0
247.822
0
0
247.921
0
0
248.022
0
0
248.122
0
0
248.222
0
0
248.322
0
0
248.422
0
0
248.522
0
0
248.622
0
0
248.721
0
0
248.822
0
0
248.922
0
0
249.022
0
0
249.122
0
0
249.222
0
0
249.321
0
0
249.421
0
0
249.522
0
0
249.622
0
0
249.739
0
0
249.822
0
0
249.922
0
0
250.022
0
0
250.122
0
0
250.222
0
0
250.322
0
0
250.421
0
0
250.522
0
0
250.622
0
0
250.722
0
0
250.822
0
0
250.922
0
0
251.022
0
0
251.122
0
0
251.221
0
0
251.322
0
0
251.422
0
0
251.522
0
0
251.621
0
0
251.722
0
0
251.822
0
0
251.921
0
0
252.022
0
0
252.121
0
0
252.222
0
0
252.322
0
0
252.422
0
0
252.522
0
0
252.622
0
0
252.722
0
0
252.821
0
0
252.922
0
0
253.021
0
0
253.121
0
0
253.222
0
0
253.321
0
0
253.421
0
0
253.522
0
0
253.621
0
0
253.722
0
0
253.822
0
0
253.922
0
0
254.022
0
0
254.122
0
0
254.222
0
0
254.322
0
0
254.422
0
0
254.522
0
0
254.622
0
0
254.722
0
0
254.821
0
0
254.922
0
0
255.022
0
0
255.122
0
0
255.222
0
0
255.322
0
0
255.423
0
0
255.522
0
0
255.622
0
0
255.722
0
0
255.821
0
0
255.922
0
0
256.022
0
0
256.122
0
0
256.222
0
0
256.322
0
0
256.422
0
0
256.522
0
0
256.622
0
0
256.722
0
0
256.822
0
0
256.922
0
0
257.022
0
0
257.122
0
0
257.222
0
0
257.322
0
0
257.422
0
0
257.522
0
0
257.621
0
0
257.722
0
0
257.821
0
0
257.922
0
0
258.022
0
0
258.122
0
0
258.222
0
0
258.321
0
0
258.422
0
0
258.522
0
0
258.621
0
0
258.721
0
0
258.821
0
0
258.922
0
0
259.021
0
0
259.122
0
0
259.222
0
0
259.322
0
0
259.421
0
0
259.522
0
0
259.622
0
0
259.721
0
0
259.822
0
0
259.922
0
0
260.022
0
0
260.122
0
0
260.222
0
0
260.322
0
0
260.422
0
0
260.521
0
0
260.622
0
0
260.722
0
0
260.822
0
0
260.922
0
0
261.022
0
0
261.122
0
0
261.222
0
0
261.322
0
0
261.422
0
0
261.522
0
0
261.621
0
0
261.722
0
0
261.822
0
0
261.922
0
0
262.022
0
0
262.121
0
0
262.221
0
0
262.322
0
0
262.422
0
0
262.522
0
0
262.622
0
0
262.722
0
0
262.821
0
0
262.921
0
0
263.022
0
0
263.122
0
0
263.221
0
0
263.322
0
0
263.421
0
0
263.521
0
0
263.621
0
0
263.722
0
0
263.821
0
0
263.922
0
0
264.021
0
0
264.122
0
0
264.221
0
0
264.321
0
0
264.422
0
0
264.522
0
0
264.621
0
0
264.721
0
0
264.822
0
0
264.921
0
0
265.022
0
0
265.121
0
0
265.222
0
0
265.322
0
0
265.422
0
0
265.521
0
0
265.622
0
0
265.722
0
0
265.822
0
0
265.922
0
0
266.022
0
0
266.122
0
0
266.221
0
0
266.322
0
0
266.422
0
0
266.522
0
0
266.622
0
0
266.723
0
0
266.822
0
0
266.922
0
0
267.021
0
0
267.121
0
0
267.222
0
0
267.322
0
0
267.422
0
0
267.521
0
0
267.622
0
0
267.722
0
0
267.822
0
0
267.922
0
0
268.022
0
0
268.122
0
0
268.222
0
0
268.321
0
0
268.421
0
0
268.522
0
0
268.622
0
0
268.722
0
0
268.822
0
0
268.922
0
0
269.022
0
0
269.122
0
0
269.222
0
0
269.322
0
0
269.422
0
0
269.521
0
0
269.622
0
0
269.721
0
0
269.822
0
0
269.921
0
0
270.022
0
0
270.122
0
0
270.222
0
0
270.321
0
0
270.422
0
0
270.522
0
0
270.622
0
0
270.722
0
0
270.821
0
0
270.921
0
0
271.021
0
0
271.122
0
0
271.221
0
0
271.322
0
0
271.422
0
0
271.521
0
0
271.622
0
0
271.722
0
0
271.822
0
0
271.922
0
0
272.022
0
0
272.122
0
0
272.222
0
0
272.322
0
0
272.422
0
0
272.521
0
0
272.622
0
0
272.722
0
0
272.822
0
0
272.921
0
0
273.021
0
0
273.122
0
0
273.222
0
0
273.322
0
0
273.421
0
0
273.521
0
0
273.622
0
0
273.722
0
0
273.822
0
0
273.922
0
0
274.022
0
0
274.122
0
0
274.222
0
0
274.322
0
0
274.422
0
0
274.522
0
0
274.622
0
0
274.722
0
0
274.822
0
0
274.922
0
0
275.022
0
0
275.122
0
0
275.221
0
0
275.322
0
0
275.421
0
0
275.522
0
0
275.622
0
0
275.722
0
0
275.822
0
0
275.922
0
0
276.022
0
0
276.122
0
0
276.222
0
0
276.322
0
0
276.422
0
0
276.522
0
0
276.622
0
0
276.722
0
0
276.821
0
0
276.922
0
0
277.021
0
0
277.122
0
0
277.222
0
0
277.322
0
0
277.422
0
0
277.521
0
0
277.622
0
0
277.722
0
0
277.822
0
0
277.922
0
0
278.022
0
0
278.122
0
0
278.222
0
0
278.322
0
0
278.422
0
0
278.522
0
0
278.621
0
0
278.722
0
0
278.822
0
0
278.922
0
0
279.021
0
0
279.122
0
0
279.222
0
0
279.321
0
0
279.421
0
0
279.522
0
0
279.622
0
0
279.722
0
0
279.822
0
0
279.922
0
0
280.022
0
0
280.122
0
0
280.221
0
0
280.322
0
0
280.421
0
0
280.522
0
0
280.622
0
0
280.722
0
0
280.822
0
0
280.921
0
0
281.022
0
0
281.122
0
0
281.222
0
0
281.322
0
0
281.422
0
0
281.522
0
0
281.622
0
0
281.722
0
0
281.822
0
0
281.922
0
0
282.022
0
0
282.122
0
0
282.222
0
0
282.321
0
0
282.421
0
0
282.522
0
0
282.622
0
0
282.722
0
0
282.821
0
0
282.922
0
0
283.022
0
0
283.122
0
0
283.222
0
0
283.321
0
0
283.421
0
0
283.522
0
0
283.621
0
0
283.722
0
0
283.822
0
0
283.922
0
0
284.021
0
0
284.121
0
0
284.222
0
0
284.321
0
0
284.422
0
0
284.522
0
0
284.622
0
0
284.722
0
0
284.822
0
0
284.922
0
0
285.021
0
0
285.121
0
0
285.222
0
0
285.322
0
0
285.422
0
0
285.521
0
0
285.622
0
0
285.722
0
0
285.822
0
0
285.922
0
0
286.022
0
0
286.122
0
0
286.222
0
0
286.322
0
0
286.421
0
0
286.522
0
0
286.622
0
0
286.722
0
0
286.822
0
0
286.922
0
0
287.022
0
0
287.122
0
0
287.222
0
0
287.321
0
0
287.422
0
0
287.522
0
0
287.622
0
0
287.721
0
0
287.822
0
0
287.922
0
0
288.021
0
0
288.122
0
0
288.222
0
0
288.322
0
0
288.422
0
0
288.522
0
0
288.622
0
0
288.722
0
0
288.822
0
0
288.922
0
0
289.022
0
0
289.122
0
0
289.221
0
0
289.322
0
0
289.421
0
0
289.522
0
0
289.622
0
0
289.722
0
0
289.822
0
0
289.922
0
0
290.022
0
0
290.122
0
0
290.222
0
0
290.322
0
0
290.422
0
0
290.522
0
0
290.622
0
0
290.722
0
0
290.822
0
0
290.922
0
0
291.022
0
0
291.122
0
0
291.221
0
0
291.322
0
0
291.422
0
0
291.522
0
0
291.622
0
0
291.722
0
0
291.822
0
0
291.922
0
0
292.022
0
0
292.122
0
0
292.222
0
0
292.322
0
0
292.422
0
0
292.522
0
0
292.621
0
0
292.722
0
0
292.821
0
0
292.921
0
0
293.022
0
0
293.122
0
0
293.222
0
0
293.321
0
0
293.422
0
0
293.522
0
0
293.622
0
0
293.722
0
0
293.822
0
0
293.922
0
0
294.022
0
0
294.122
0
0
294.222
0
0
294.321
0
0
294.422
0
0
294.522
0
0
294.622
0
0
294.722
0
0
294.822
0
0
294.922
0
0
295.022
0
0
295.121
0
0
295.222
0
0
295.322
0
0
295.422
0
0
295.522
0
0
295.622
0
0
295.722
0
0
295.822
0
0
295.922
0
0
296.022
0
0
296.122
0
0
296.222
0
0
296.322
0
0
296.422
0
0
296.522
0
0
296.621
0
0
296.722
0
0
296.822
0
0
296.922
0
0
297.022
0
0
297.121
0
0
297.222
0
0
297.322
0
0
297.422
0
0
297.522
0
0
297.622
0
0
297.722
0
0
297.821
0
0
297.922
0
0
298.022
0
0
298.122
0
0
298.222
0
0
298.322
0
0
298.421
0
0
298.522
0
0
298.622
0
0
298.722
0
0
298.821
0
0
298.922
0
0
299.022
0
0
299.122
0
0
299.222
0
0
299.322
0
0
299.422
0
0
299.522
0
0
299.622
0
0
299.722
0
0
299.822
0
0
299.922
0
0
300.022
0
0
300.122
0
0
300.222
0
0
300.322
0
0
300.422
0
0
300.522
0
0
300.622
0
0
300.722
0
0
300.822
0
0
300.922
0
0
301.022
0
0
301.122
0
0
301.222
0
0
301.322
0
0
301.422
0
0
301.521
0
0
301.622
0
0
301.723
0
0
301.822
0
0
301.922
0
0
302.021
0
0
302.121
0
0
302.222
0
0
302.322
0
0
302.422
0
0
302.522
0
0
302.622
0
0
302.721
0
0
302.822
0
0
302.922
0
0
0.0137169
0
0
0.104879
0
0
0.21004
0
0
0.314857
0
0
0.420085
0
0
0.525009
0
0
0.630519
0
0
0.734908
0
0
0.840805
0
0
0.945235
0
0
1.04725
0
0
1.14783
0
0
1.24769
0
0
1.34781
0
0
1.44749
0
0
1.54693
0
0
1.64714
0
0
1.74756
0
0
1.84753
0
0
1.94707
0
0
2.04781
0
0
2.14784
0
0
2.24762
0
0
2.34753
0
0
2.44761
0
0
2.54746
0
0
2.64784
0
0
2.74765
0
0
2.84767
0
0
2.94763
0
0
3.04776
0
0
3.14776
0
0
3.24695
0
0
3.3477
0
0
3.4478
0
0
3.54726
0
0
3.64707
0
0
3.74756
0
0
3.84742
0
0
3.94766
0
0
4.04783
0
0
4.14734
0
0
4.24734
0
0
4.34782
0
0
4.44704
0
0
4.54758
0
0
4.64734
0
0
4.74746
0
0
4.84746
0
0
4.9477
0
0
5.0473
0
0
5.14716
0
0
5.24705
0
0
5.34779
0
0
5.44769
0
0
5.54782
0
0
5.64751
0
0
5.74716
0
0
5.84717
0
0
5.94758
0
0
6.04713
0
0
6.14717
0
0
6.24719
0
0
6.34738
0
0
6.44755
0
0
6.54763
0
0
6.64705
0
0
6.74769
0
0
6.84741
0
0
6.94771
0
0
7.04749
0
0
7.14694
0
0
7.24754
0
0
7.34717
0
0
7.44783
0
0
7.54693
0
0
7.64746
0
0
7.74764
0
0
7.84785
0
0
7.94787
0
0
8.04755
0
0
8.1479
0
0
8.24764
0
0
8.34716
0
0
8.44753
0
0
8.54764
0
0
8.647
0
0
8.74772
0
0
8.8473
0
0
8.94689
0
0
9.04769
0
0
9.14735
0
0
9.24782
0
0
9.34754
0
0
9.44707
0
0
9.54752
0
0
9.64723
0
0
9.74752
0
0
9.84736
0
0
9.94717
0
0
10.0477
0
0
10.1476
0
0
10.2478
0
0
10.3473
0
0
10.4475
0
0
10.5479
0
0
10.6473
0
0
10.7475
0
0
10.8471
0
0
10.9477
0
0
11.0469
0
0
11.1479
0
0
11.2478
0
0
11.3477
0
0
11.447
0
0
11.5476
0
0
11.6469
0
0
11.7472
0
0
11.8471
0
0
11.9472
0
0
12.0473
0
0
12.1474
0
0
12.2478
0
0
12.3472
0
0
12.4477
0
0
12.5486
0
0
12.6473
0
0
12.7479
0
0
12.8472
0
0
12.9473
0
0
13.0489
0
0
13.1473
0
0
13.2471
0
0
13.3473
0
0
13.4471
0
0
13.5485
0
0
13.6472
0
0
13.7476
0
0
13.8472
0
0
13.9478
0
0
14.0484
0
0
14.1474
0
0
14.2478
0
0
14.3475
0
0
14.4477
0
0
14.5481
0
0
14.6475
0
0
14.7476
0
0
14.8478
0
0
14.947
0
0
15.0484
0
0
15.1478
0
0
15.2474
0
0
15.3479
0
0
15.447
0
0
15.5489
0
0
15.6477
0
0
15.7478
0
0
15.847
0
0
15.9477
0
0
16.0487
0
0
16.1476
0
0
16.247
0
0
16.3471
0
0
16.4478
0
0
16.548
0
0
16.6471
0
0
16.7471
0
0
16.8473
0
0
16.9478
0
0
17.0482
0
0
17.147
0
0
17.2478
0
0
17.3478
0
0
17.447
0
0
17.5482
0
0
17.6473
0
0
17.7477
0
0
17.8475
0
0
17.9477
0
0
18.0485
0
0
18.1469
0
0
18.2478
0
0
18.3473
0
0
18.4471
0
0
18.5479
0
0
18.6478
0
0
18.747
0
0
18.8471
0
0
18.9477
0
0
19.0482
0
0
19.1477
0
0
19.247
0
0
19.3474
0
0
19.4479
0
0
19.5487
0
0
19.6475
0
0
19.7469
0
0
19.8477
0
0
19.9477
0
0
20.0479
0
0
20.1471
0
0
20.2478
0
0
20.3473
0
0
20.4476
0
0
20.5484
0
0
20.6476
0
0
20.7471
0
0
20.8477
0
0
20.947
0
0
21.0477
0
0
21.1474
0
0
21.2479
0
0
21.3472
0
0
21.4469
0
0
21.548
0
0
21.6471
0
0
21.7474
0
0
21.8472
0
0
21.9475
0
0
22.0482
0
0
22.1478
0
0
22.2474
0
0
22.3473
0
0
22.4472
0
0
22.5483
0
0
22.6476
0
0
22.7475
0
0
22.8478
0
0
22.9472
0
0
23.0484
0
0
23.1478
0
0
23.2478
0
0
23.3477
0
0
23.4477
0
0
23.5478
0
0
23.6477
0
0
23.7475
0
0
23.8477
0
0
23.9478
0
0
24.0477
0
0
24.1474
0
0
24.2476
0
0
24.3478
0
0
24.4478
0
0
24.5486
0
0
24.6472
0
0
24.7478
0
0
24.8469
0
0
24.9477
0
0
25.0486
0
0
25.147
0
0
25.2478
0
0
25.3478
0
0
25.4473
0
0
25.5482
0
0
25.647
0
0
25.7475
0
0
25.847
0
0
25.9475
0
0
26.0482
0
0
26.1471
0
0
26.2477
0
0
26.3475
0
0
26.4473
0
0
26.5484
0
0
26.6472
0
0
26.7475
0
0
26.8469
0
0
26.9477
0
0
27.0484
0
0
27.1479
0
0
27.2471
0
0
27.3478
0
0
27.4477
0
0
27.548
0
0
27.647
0
0
27.747
0
0
27.8475
0
0
27.9476
0
0
28.0478
0
0
28.147
0
0
28.2472
0
0
28.3476
0
0
28.4476
0
0
28.5476
0
0
28.6477
0
0
28.7472
0
0
28.8473
0
0
28.9474
0
0
29.0482
0
0
29.1476
0
0
29.2478
0
0
29.3471
0
0
29.4472
0
0
29.5484
0
0
29.6469
0
0
29.7475
0
0
29.8473
0
0
29.9472
0
0
30.0478
0
0
30.1476
0
0
30.2478
0
0
30.3472
0
0
30.4478
0
0
30.5484
0
0
30.647
0
0
30.7473
0
0
30.847
0
0
30.9473
0
0
31.0482
0
0
31.1476
0
0
31.2469
0
0
31.3474
0
0
31.447
0
0
31.548
0
0
31.6476
0
0
31.7474
0
0
31.8476
0
0
31.9472
0
0
32.0483
0
0
32.1476
0
0
32.247
0
0
32.3473
0
0
32.4475
0
0
32.5486
0
0
32.6474
0
0
32.7477
0
0
32.8473
0
0
32.9477
0
0
33.0477
0
0
33.1479
0
0
33.2469
0
0
33.3475
0
0
33.4478
0
0
33.5484
0
0
33.6475
0
0
33.7475
0
0
33.847
0
0
33.9475
0
0
34.0476
0
0
34.1472
0
0
34.2471
0
0
34.3477
0
0
34.4475
0
0
34.5473
0
0
34.6479
0
0
34.7473
0
0
34.8471
0
0
34.9474
0
0
35.0476
0
0
35.1471
0
0
35.2477
0
0
35.3476
0
0
35.4475
0
0
35.5475
0
0
35.6475
0
0
35.7469
0
0
35.847
0
0
35.9477
0
0
36.0472
0
0
36.1473
0
0
36.2473
0
0
36.3469
0
0
36.4471
0
0
36.5475
0
0
36.6476
0
0
36.7471
0
0
36.8478
0
0
36.9469
0
0
37.0472
0
0
37.1475
0
0
37.2469
0
0
37.3471
0
0
37.4475
0
0
37.5471
0
0
37.6474
0
0
37.7473
0
0
37.8471
0
0
37.9473
0
0
38.0471
0
0
38.147
0
0
38.2472
0
0
38.3477
0
0
38.4477
0
0
38.5476
0
0
38.6473
0
0
38.7473
0
0
38.8478
0
0
38.9477
0
0
39.0482
0
0
39.1475
0
0
39.2476
0
0
39.3478
0
0
39.4475
0
0
39.5488
0
0
39.648
0
0
39.7472
0
0
39.8476
0
0
39.9478
0
0
40.0478
0
0
40.1476
0
0
40.2477
0
0
40.3479
0
0
40.4472
0
0
40.548
0
0
40.647
0
0
40.7478
0
0
40.848
0
0
40.9473
0
0
41.0478
0
0
41.1476
0
0
41.2471
0
0
41.3473
0
0
41.4476
0
0
41.5477
0
0
41.6473
0
0
41.7475
0
0
41.8478
0
0
41.9472
0
0
42.0472
0
0
42.147
0
0
42.2478
0
0
42.3475
0
0
42.4479
0
0
42.547
0
0
42.6472
0
0
42.7471
0
0
42.8474
0
0
42.9471
0
0
43.0471
0
0
43.1472
0
0
43.2475
0
0
43.3473
0
0
43.447
0
0
43.5472
0
0
43.6477
0
0
43.747
0
0
43.847
0
0
43.9471
0
0
44.0478
0
0
44.1474
0
0
44.2472
0
0
44.3469
0
0
44.447
0
0
44.5473
0
0
44.6478
0
0
44.7473
0
0
44.8471
0
0
44.9473
0
0
45.0471
0
0
45.1473
0
0
45.247
0
0
45.3478
0
0
45.4476
0
0
45.5469
0
0
45.6474
0
0
45.747
0
0
45.8473
0
0
45.9472
0
0
46.0471
0
0
46.1469
0
0
46.2474
0
0
46.3478
0
0
46.4471
0
0
46.5475
0
0
46.6473
0
0
46.7471
0
0
46.8471
0
0
46.9469
0
0
47.0478
0
0
47.1478
0
0
47.2469
0
0
47.3477
0
0
47.4477
0
0
47.5478
0
0
47.647
0
0
47.7469
0
0
47.847
0
0
47.9472
0
0
48.0483
0
0
48.1472
0
0
48.2469
0
0
48.3477
0
0
48.4471
0
0
48.5489
0
0
48.6476
0
0
48.7475
0
0
48.8469
0
0
48.9477
0
0
49.0483
0
0
49.1475
0
0
49.2474
0
0
49.3471
0
0
49.447
0
0
49.5485
0
0
49.6473
0
0
49.7476
0
0
49.8469
0
0
49.9473
0
0
50.0477
0
0
50.1474
0
0
50.2478
0
0
50.3474
0
0
50.4478
0
0
50.5477
0
0
50.6472
0
0
50.7474
0
0
50.847
0
0
50.947
0
0
51.0475
0
0
51.1473
0
0
51.2469
0
0
51.3474
0
0
51.4476
0
0
51.5469
0
0
51.6474
0
0
51.7475
0
0
51.8473
0
0
51.9479
0
0
52.0471
0
0
52.1477
0
0
52.2479
0
0
52.3476
0
0
52.4471
0
0
52.5475
0
0
52.6469
0
0
52.747
0
0
52.8476
0
0
52.9478
0
0
53.0474
0
0
53.1476
0
0
53.2473
0
0
53.3471
0
0
53.4478
0
0
53.5479
0
0
53.6476
0
0
53.7472
0
0
53.847
0
0
53.9476
0
0
54.0478
0
0
54.1478
0
0
54.247
0
0
54.3475
0
0
54.4473
0
0
54.5478
0
0
54.6476
0
0
54.747
0
0
54.8471
0
0
54.9471
0
0
55.0469
0
0
55.1477
0
0
55.2471
0
0
55.3477
0
0
55.4476
0
0
55.5469
0
0
55.6473
0
0
55.7473
0
0
55.8475
0
0
55.9474
0
0
56.0475
0
0
56.1474
0
0
56.2479
0
0
56.3485
0
0
56.4473
0
0
56.5477
0
0
56.647
0
0
56.7471
0
0
56.8477
0
0
56.9478
0
0
57.0477
0
0
57.1472
0
0
57.2476
0
0
57.3469
0
0
57.4477
0
0
57.5478
0
0
57.6478
0
0
57.7472
0
0
57.8471
0
0
57.9472
0
0
58.0475
0
0
58.147
0
0
58.2471
0
0
58.3478
0
0
58.4473
0
0
58.5477
0
0
58.6475
0
0
58.7469
0
0
58.8475
0
0
58.947
0
0
59.047
0
0
59.1477
0
0
59.2472
0
0
59.3477
0
0
59.447
0
0
59.5475
0
0
59.6476
0
0
59.7472
0
0
59.8472
0
0
59.9472
0
0
60.0472
0
0
60.1469
0
0
60.2479
0
0
60.347
0
0
60.4471
0
0
60.5476
0
0
60.6474
0
0
60.7472
0
0
60.8469
0
0
60.9476
0
0
61.0473
0
0
61.1476
0
0
61.2471
0
0
61.3478
0
0
61.4472
0
0
61.5477
0
0
61.6473
0
0
61.7473
0
0
61.8478
0
0
61.9477
0
0
62.0473
0
0
62.1471
0
0
62.2473
0
0
62.3474
0
0
62.4478
0
0
62.547
0
0
62.6473
0
0
62.747
0
0
62.8476
0
0
62.9478
0
0
63.0471
0
0
63.147
0
0
63.247
0
0
63.3474
0
0
63.4477
0
0
63.5469
0
0
63.6469
0
0
63.7473
0
0
63.8476
0
0
63.9474
0
0
64.0473
0
0
64.1478
0
0
64.2477
0
0
64.3476
0
0
64.4473
0
0
64.5476
0
0
64.6473
0
0
64.7478
0
0
64.8474
0
0
64.9475
0
0
65.0473
0
1.76118
65.1473
1.69779e-309
1.76118
65.2472
0
1.76118
65.3475
0
1.76118
65.4473
0
1.76118
65.5473
0
1.76118
65.647
0
1.76118
65.7474
0
1.76118
65.8476
0
1.76118
65.9472
0
1.76118
66.0473
0
1.76118
66.147
0
1.76118
66.2473
0
1.76118
66.3478
0
1.76118
66.4474
0
1.76118
66.5476
0
1.76118
66.6471
0
1.76118
66.7473
0
1.76118
66.8478
0
1.76118
66.947
0
1.76118
67.0477
0
1.76118
67.1477
0
1.76118
67.2469
0
1.76118
67.347
0
1.76118
67.4472
0
1.76118
67.5473
0
1.76118
67.6471
0
1.76118
67.7471
0
1.76118
67.8471
0
1.76118
67.9473
0
1.76118
68.0469
0
1.76118
68.1476
0
1.76118
68.2474
0
1.76118
68.3473
0
1.76118
68.4478
0
1.76118
68.5479
0
1.76118
68.6477
0
1.76118
68.7478
0
1.76118
68.8472
0
1.76118
68.9475
0
1.76118
69.0478
0
1.76118
69.1474
0
1.76118
69.2476
0
1.76118
69.3478
0
1.76118
69.4474
0
1.76118
69.5478
0
1.76118
69.6473
0
1.76118
69.7475
0
1.76118
69.8478
0
1.76118
69.9477
0
1.76118
70.0475
0
1.76118
70.1475
0
1.76118
70.2477
0
1.76118
70.3472
0
1.76118
70.4474
0
1.76118
70.5469
0
1.76118
70.6477
0
1.76118
70.7478
0
1.76118
70.8474
0
1.76118
70.947
0
1.76118
71.0469
0
1.76118
71.1476
0
1.76118
71.2478
0
1.76118
71.3472
0
1.76118
71.4473
0
1.76118
71.5478
0
1.76118
71.6476
0
1.76118
71.7477
0
1.76118
71.8474
0
1.76118
71.947
0
1.76118
72.0471
0
1.76118
72.1475
0
1.76118
72.2477
0
1.76118
72.347
0
1.76118
72.4476
0
1.76118
72.5471
0
1.76118
72.6478
0
1.76118
72.7476
0
1.76118
72.8479
0
1.76118
72.947
0
1.76118
73.0472
0
1.76118
73.1471
0
1.76118
73.2473
0
1.78385
73.3475
0
1.78385
73.4469
0
1.78385
73.5479
0
1.78437
73.647
0
1.78437
73.7474
0
1.78437
73.8474
0
1.78437
73.9477
0
1.78437
74.0473
0
1.78437
74.147
0
1.78437
74.2471
0
0
74.3474
0
0
74.4471
0
0
74.5476
0
0
74.6471
0
0
74.7478
0
0
74.8469
0
0
74.9473
0
0
75.0472
0
0
75.147
0
0
75.2472
0
0
75.3473
0
0
75.4474
0
0
75.5474
0
0
75.647
0
0
75.7477
0
0
75.8476
0
0
75.9475
0
0
76.0469
0
0
76.1475
0
0
76.2476
0
0
76.3471
