42.4454
0
42.5458
0
42.6459
0
42.7457
0
42.8459
0
42.9455
0
43.0456
0
43.1456
0
43.2453
0
43.3459
0
43.4452
0
43.5455
0
43.6458
0
43.7457
0
43.8459
0
43.9454
0
44.0454
0
44.1452
0
44.2453
0
44.3461
0
44.4454
0
44.5454
0
44.6455
0
44.7461
0
44.8456
0
44.9459
0
45.0457
0
45.1453
0
45.2452
0
45.3452
0
45.4458
0
45.5452
0
45.6461
0
45.7458
0
45.8459
0
45.9459
0
46.0458
0
46.1456
0
46.2461
0
46.3461
0
46.4456
0
46.5455
0
46.6461
0
46.7461
0
46.8457
0
46.946
0
47.0459
0
47.1461
0
47.2461
0
47.3454
0
47.4461
0
47.5459
0
47.6453
0
47.7455
0
47.8456
0
47.9461
0
48.0456
0
48.1457
0
48.2461
0
48.3459
0
48.446
0
48.5453
0
48.6453
0
48.7456
0
48.8455
0
48.9461
0
49.0456
0
49.1461
0
49.2458
0
49.3461
0
49.4459
0
49.5456
0
49.6461
0
49.7453
0
49.8455
0
49.9461
0
50.0453
0
50.1459
0
50.2461
0
50.3457
0
50.4458
0
50.5452
0
50.6452
0
50.7457
0
50.8452
0
50.9453
0
51.046
0
51.1454
0
51.2456
0
51.3459
0
51.4454
0
51.5452
0
51.6454
0
51.7457
0
51.8454
0
51.9459
0
52.0456
0
52.1457
0
52.2461
0
52.3453
0
52.4452
0
52.5461
0
52.6456
0
52.7459
0
52.8452
0
52.9458
0
53.0461
0
53.1458
0
53.2455
0
53.3456
0
53.4454
0
53.5455
0
53.6455
0
53.7459
0
53.8453
0
53.9455
0
54.0461
0
54.1461
0
54.2461
0
54.3457
0
54.4459
0
54.5452
0
54.6453
0
54.7457
0
54.8461
0
54.9459
0
55.0452
0
55.1454
0
55.2455
0
55.346
0
55.4457
0
55.5456
0
55.6461
0
55.7459
0
55.8456
0
55.9458
0
56.0453
0
56.1461
0
56.2455
0
56.3458
0
56.4461
0
56.5454
0
56.6452
0
56.7452
0
56.8452
0
56.9453
0
57.0461
0
57.1452
0
57.2457
0
57.3459
0
57.446
0
57.5454
0
57.6452
0
57.7454
0
57.8458
0
57.9456
0
58.0453
0
58.1452
0
58.2454
0
58.3459
0
58.4453
0
58.5454
0
58.6452
0
58.7459
0
58.8456
0
58.9459
0
59.0458
0
59.1454
0
59.2455
0
59.3456
0
59.4456
0
59.5461
0
59.6461
0
59.7453
0
59.8459
0
59.9454
0
60.0456
0
60.1462
0
60.2454
0
60.3452
0
60.4456
0
60.5451
0
60.6461
0
60.7457
0
60.8462
0
60.9453
0
61.0455
0
61.1453
0
61.2461
0
61.3454
0
61.4457
0
61.5461
0
61.6461
0
61.7452
0
61.8452
0
61.9459
0
62.0452
0
62.1455
0
62.2453
0
62.3453
0
62.4456
0
62.5456
0
62.6458
0
62.7458
0
62.8452
0
62.9461
0
63.0457
0
63.1456
0
63.2456
0
63.3455
0
63.4458
0
63.5456
0
63.6452
0
63.7454
0
63.8453
0
63.9453
0
64.0457
0
64.1456
0
64.2457
0
64.3461
0
64.4458
0
64.5459
0
64.6456
0
64.7459
0
64.8452
0
64.9461
0
65.0452
0
65.1455
0
65.2458
0
65.3459
0
65.4452
0
65.5454
0
65.6457
0
65.7461
0
65.8459
0
65.9457
0
66.0461
0
66.1459
0
66.2457
0
66.3459
0
66.4455
0
66.5457
0
66.6457
0
66.746
0
66.8453
0
66.9456
0
67.0454
0
67.1461
0
67.2454
0
67.3458
0
67.4453
0
67.5456
0
67.6456
0
67.7452
0
67.8455
0
67.9455
0
68.0451
0
68.1455
0
68.246
0
68.3452
0
68.4457
0
68.5457
0
68.6454
0
68.7456
0
68.8451
0
68.9458
0
69.0457
0
69.1461
0
69.2452
0
69.3455
0
69.4461
0
69.5457
0
69.6461
0
69.7459
0
69.8459
0
69.9458
0
70.0459
0
70.1454
0
70.2459
0
70.3452
0
70.4456
0
70.5456
0
70.6455
0
70.7458
0
70.8458
0
70.9454
0
71.0461
0
71.146
0
71.246
0
71.3457
0
71.4461
0
71.5461
0
71.6461
0
71.7461
0
71.8454
0
71.9461
0
72.0456
0
72.1456
0
72.2454
0
72.346
0
72.4458
0
72.5457
0
72.6457
0
72.7454
0
72.8461
0
72.9455
0
73.0455
0
73.1452
0
73.2453
0
73.3461
0
73.4455
0
73.5459
0
73.6459
0
73.7459
0
73.846
0
73.9453
0
74.0457
0
74.1453
0
74.2453
0
74.3459
0
74.4457
0
74.5459
0
74.6452
0
74.7452
0
74.8456
0
74.9455
0
75.0453
0
75.1454
0
75.2458
0
75.3454
0
75.4457
0
75.5457
0
75.6461
0
75.7458
0
75.8457
0
75.9457
0
76.0453
0
76.1458
0
76.2458
0
76.3458
0
76.4459
0
76.5461
0
76.6452
0
76.7461
0
76.8458
0
76.9455
0
77.0453
0
77.1453
0
77.2456
0
77.3456
0
77.4455
0
77.5451
0
77.6459
0
77.7458
0
77.8456
0
77.9459
0
78.0452
0
78.1452
0
78.246
0
78.3455
0
78.4454
0
78.5456
0
78.6461
0
78.7456
0
78.8456
0
78.9459
0
79.0454
0
79.1462
0
79.2459
0
79.3457
0
79.4453
0
79.5453
0
79.6452
0
79.7457
0
79.846
0
79.9454
0
80.046
0
80.1452
0
80.2455
0
80.3454
0
80.4459
0
80.5455
0
80.6457
0
80.7455
0
80.8461
0
80.9452
0
81.0455
0
81.1454
0
81.2455
0
81.3452
0
81.4456
0
81.5458
0
81.6461
0
81.7461
0
81.8454
0
81.9452
0
82.0454
0
82.1461
0
82.2457
0
82.3457
0
82.4461
0
82.5454
0
82.6461
0
82.7452
0
82.8452
0
82.9461
0
83.0453
0
83.146
0
83.2459
0
83.3455
0
83.4458
0
83.5453
0
83.6454
0
83.7457
0
83.8459
0
83.9458
0
84.0463
0
84.1453
0
84.2452
0
84.3459
0
84.4458
0
84.5455
0
84.6461
0
84.746
0
84.8457
0
84.9452
0
85.0455
0
85.1458
0
85.2459
0
85.346
0
85.4455
0
88.5453
0
88.6455
0
88.7453
0
88.8456
0
88.9459
0
89.046
0
89.1456
0
89.2461
0
89.3461
0
89.4459
0
89.5455
0
89.6458
0
89.7456
0
89.8454
0
89.9451
0
90.0456
0
90.1458
0
90.2459
0
90.3461
0
90.4453
0
90.5461
0
90.646
0
90.7456
0
90.8455
0
90.9459
0
91.046
0
91.1452
0
91.2458
0
91.3454
0
91.4454
0
91.5456
0
91.6461
0
91.7454
0
91.8454
0
91.9461
0
92.0452
0
92.1459
0
92.2461
0
92.3461
0
92.446
0
92.5453
0
92.6453
0
92.7461
0
92.8454
0
92.9459
0
93.0452
0
93.1455
0
93.2457
0
93.3457
0
93.4459
0
93.5453
0
93.6455
0
93.7451
0
93.8455
0
93.9461
0
94.0452
0
94.1454
0
94.2461
0
94.3453
0
94.4453
0
94.5453
0
94.646
0
94.7463
0
94.8452
0
94.9452
0
95.0452
0
95.146
0
95.2459
0
95.3459
0
95.4461
0
95.5461
0
95.6451
0
95.7459
0
95.8461
0
95.9454
0
96.0456
0
96.1455
0
96.2457
0
96.3453
0
96.4459
0
96.5455
0
96.6456
0
96.7456
0
96.8459
0
96.9454
0
97.0458
0
97.1458
0
97.2452
0
97.3452
0
97.4458
0
97.5453
0
97.6456
0
97.7452
0
97.8453
0
97.9454
0
98.0457
0
98.146
0
98.2461
0
98.3459
0
98.4457
0
98.5456
0
98.6452
0
98.746
0
98.8459
0
98.9461
0
99.0452
0
99.1458
0
99.2453
0
99.3453
0
99.4461
0
99.5458
0
99.6458
0
99.7458
0
99.8454
0
99.9456
0
100.045
0
100.145
0
100.246
0
100.345
0
100.446
0
100.546
0
100.646
0
100.746
0
100.846
0
100.946
0
101.046
0
101.146
0
101.245
0
101.345
0
101.446
0
101.546
0
101.645
0
101.746
0
101.845
0
101.946
0
102.045
0
102.146
0
102.246
0
102.346
0
102.445
0
102.545
0
102.646
0
102.746
0
102.846
0
102.945
0
103.046
0
103.146
0
103.246
0
103.345
0
103.446
0
103.545
0
103.646
0
103.745
0
103.846
0
103.945
0
104.045
0
104.146
0
104.245
0
104.345
0
104.446
0
104.546
0
104.646
0
104.745
0
104.846
0
104.945
0
105.046
0
105.146
0
105.246
0
105.346
0
105.445
0
105.546
0
105.646
0
105.746
0
105.846
0
105.945
0
106.046
0
106.146
0
106.246
0
106.346
0
106.445
0
106.546
0
106.646
0
106.746
0
106.846
0
106.945
0
107.045
0
107.146
0
107.246
0
107.345
0
107.445
0
107.546
0
107.645
0
107.746
0
107.845
0
107.945
0
108.046
0
108.145
0
108.245
0
108.346
0
108.446
0
108.546
0
108.645
0
108.746
0
108.846
0
108.946
0
109.046
0
109.145
0
109.245
0
109.345
0
109.445
0
109.546
0
109.645
0
109.746
0
109.845
0
109.946
0
110.046
0
110.145
0
110.245
0
110.345
0
110.446
0
110.546
0
110.645
0
110.746
0
110.846
0
110.946
0
111.045
0
111.146
0
111.246
0
111.345
0
111.446
0
111.545
0
111.646
0
111.746
0
111.845
0
111.946
0
112.046
0
112.146
0
112.245
0
112.345
0
112.445
0
112.546
0
112.646
0
112.746
0
112.845
0
112.946
0
113.046
0
113.146
0
113.246
0
113.345
0
113.446
0
113.546
0
113.646
0
113.745
0
113.846
0
113.946
0
114.046
0
114.146
0
114.246
0
114.346
0
114.446
0
114.546
0
114.645
0
114.745
0
114.846
0
114.946
0
115.046
0
115.145
0
115.245
0
115.346
0
115.446
0
115.545
0
115.646
0
115.746
0
115.845
0
115.945
0
116.046
0
116.145
0
116.245
0
116.346
0
116.446
0
116.546
0
116.646
0
116.745
0
116.846
0
116.946
0
117.046
0
117.146
0
117.245
0
117.346
0
117.445
0
117.546
0
117.646
0
117.746
0
117.845
0
117.945
0
118.045
0
118.146
0
118.246
0
118.346
0
118.446
0
118.546
0
118.645
0
118.745
0
118.846
0
118.946
0
119.046
0
119.146
0
119.245
0
119.346
0
119.445
0
119.546
0
119.646
0
119.746
0
119.846
0
119.946
0
120.046
0
120.145
0
120.246
0
120.345
0
120.446
0
120.546
0
120.646
0
120.745
0
120.845
0
120.946
0
121.046
0
121.146
0
121.246
0
121.347
0
121.446
0
121.546
0
121.646
0
121.746
0
121.847
0
121.946
0
122.046
0
122.145
0
122.245
0
122.346
0
122.445
0
122.545
0
122.646
0
122.746
0
122.846
0
122.946
0
123.046
0
123.146
0
123.245
0
123.347
0
123.445
0
123.546
0
123.645
0
123.746
0
123.847
0
123.945
0
124.046
0
124.146
0
124.246
0
124.347
0
124.445
0
124.546
0
124.646
0
124.746
0
124.847
0
124.946
0
125.046
0
125.146
0
125.246
0
125.346
0
125.446
0
125.546
0
125.645
0
125.746
0
125.846
0
125.946
0
126.046
0
126.146
0
126.245
0
126.346
0
126.446
0
126.546
0
126.645
0
126.745
0
126.846
0
126.946
0
127.046
0
127.146
0
127.246
0
127.346
0
127.446
0
127.546
0
127.646
0
127.745
0
127.846
0
127.945
0
128.045
0
128.146
0
128.246
0
128.346
0
128.446
0
128.546
0
128.646
0
128.746
0
128.847
0
128.945
0
129.046
0
129.145
0
129.246
0
129.347
0
129.445
0
129.545
0
129.646
0
129.745
0
129.845
0
129.946
0
130.046
0
130.146
0
130.245
0
130.346
0
130.446
0
130.545
0
130.645
0
130.746
0
130.846
0
130.945
0
131.046
0
131.146
0
131.245
0
131.346
0
131.446
0
131.545
0
131.646
0
131.746
0
131.845
0
131.945
0
132.046
0
132.146
0
132.246
0
132.345
0
132.446
0
132.546
0
132.645
0
132.745
0
132.846
0
132.945
0
133.045
0
133.146
0
133.246
0
133.346
0
133.445
0
133.546
0
133.646
0
133.745
0
133.846
0
133.946
0
134.046
0
134.146
0
134.246
0
134.346
0
134.446
0
134.546
0
134.646
0
134.746
0
134.845
0
134.946
0
135.046
0
135.146
0
135.246
0
135.346
0
135.446
0
135.546
0
135.646
0
135.746
0
135.845
0
135.945
0
136.046
0
136.146
0
136.245
0
136.345
0
136.446
0
136.545
0
136.646
0
136.746
0
136.846
0
136.945
0
137.046
0
137.146
0
137.245
0
137.346
0
137.446
0
137.546
0
137.645
0
137.746
0
137.846
0
137.945
0
138.046
0
138.146
0
138.246
0
138.346
0
138.446
0
138.545
0
138.645
0
138.746
0
138.846
0
138.946
0
139.045
0
139.146
0
139.246
0
139.346
0
139.445
0
139.546
0
139.645
0
139.745
0
139.846
0
139.945
0
140.046
0
140.146
0
140.246
0
140.346
0
140.445
0
140.545
0
140.646
0
140.746
0
140.845
0
140.945
0
141.045
0
141.146
0
141.246
0
141.346
0
141.445
0
141.546
0
141.645
0
141.746
0
141.845
0
141.945
0
142.046
0
142.145
0
142.246
0
142.345
0
142.445
0
142.545
0
142.646
0
142.746
0
142.846
0
142.946
0
143.046
0
143.145
0
143.245
0
143.346
0
143.445
0
143.546
0
143.645
0
143.745
0
143.846
0
143.945
0
144.046
0
144.146
0
144.246
0
144.346
0
144.445
0
144.546
0
144.646
0
144.746
0
144.846
0
144.945
0
145.046
0
145.146
0
145.246
0
145.346
0
145.446
0
145.546
0
145.645
0
145.746
0
145.846
0
145.945
0
146.046
0
146.146
0
146.245
0
146.345
0
146.446
0
146.546
0
146.646
0
146.745
0
146.845
0
146.946
0
147.045
0
147.146
0
147.245
0
147.346
0
147.446
0
147.545
0
147.646
0
147.746
0
147.846
0
147.945
0
148.046
0
148.146
0
148.246
0
148.346
0
148.446
0
148.546
0
148.646
0
148.745
0
148.845
0
148.945
0
149.045
0
149.145
0
149.246
0
149.346
0
149.445
0
149.545
0
149.646
0
149.746
0
149.846
0
149.945
0
150.046
0
150.146
0
150.246
0
150.346
0
150.445
0
150.546
0
150.646
0
150.746
0
150.846
0
150.946
0
151.045
0
151.145
0
151.246
0
151.346
0
151.446
0
151.546
0
151.646
0
151.746
0
151.846
0
151.945
0
152.045
0
152.146
0
152.246
0
152.346
0
152.446
0
152.545
0
152.646
0
152.746
0
152.846
0
152.945
0
153.045
0
153.145
0
153.246
0
153.345
0
153.446
0
153.546
0
153.646
0
153.746
0
153.847
0
153.946
0
154.046
0
154.146
0
154.245
0
154.345
0
154.445
0
154.545
0
154.646
0
154.745
0
154.846
0
154.945
0
155.045
0
155.146
0
155.246
0
155.345
0
155.445
0
155.545
0
155.645
0
155.746
0
155.846
0
155.946
0
156.046
0
156.146
0
156.246
0
156.346
0
156.446
0
156.546
0
156.645
0
156.746
0
156.845
0
156.946
0
157.045
0
157.145
0
157.246
0
157.346
0
157.446
0
157.545
0
157.646
0
157.745
0
157.845
0
157.946
0
158.046
0
158.146
0
158.246
0
158.345
0
158.446
0
158.546
0
158.646
0
158.746
0
158.845
0
158.945
0
159.045
0
159.146
0
159.246
0
159.345
0
159.446
0
159.545
0
159.646
0
159.746
0
159.846
0
159.946
0
160.046
0
160.146
0
160.246
0
160.345
0
160.446
0
160.546
0
160.645
0
160.745
0
160.846
0
160.946
0
161.045
0
161.146
0
161.245
0
161.346
0
161.446
0
161.545
0
161.645
0
161.745
0
161.845
0
161.946
0
162.045
0
162.146
0
162.246
0
162.345
0
162.446
0
162.546
0
162.646
0
162.745
0
162.846
0
162.946
0
163.046
0
163.145
0
163.246
0
163.346
0
163.446
0
163.546
0
163.646
0
163.746
0
163.846
0
163.946
0
164.045
0
164.146
0
164.246
0
164.345
0
164.446
0
164.546
0
164.646
0
164.745
0
164.846
0
164.946
0
165.045
0
165.146
0
165.246
0
165.346
0
165.446
0
165.545
0
165.645
0
165.745
0
165.846
0
165.946
0
166.046
0
0.0269392
0
0.12185
0
0.221304
0
0.322066
0
0.422022
0
0.522209
0
0.62179
0
0.721643
0
0.821658
0
0.922237
0
1.02193
0
1.12181
0
1.22223
0
1.32146
0
1.42203
0
1.52197
0
1.62158
0
1.72136
0
1.82223
0
1.92196
0
2.02211
0
2.12144
0
2.22222
0
2.32165
0
2.42188
0
2.52191
0
2.6222
0
2.72194
0
2.8234
0
2.92208
0
3.02173
0
3.12134
0
3.22176
0
3.3222
0
3.42154
0
3.52161
0
3.62132
0
3.72201
0
3.82196
0
3.9215
0
4.02175
0
4.12189
0
4.22219
0
4.32211
0
4.42135
0
4.52179
0
4.62166
0
4.72137
0
4.82173
0
4.92208
0
5.02149
0
5.12205
0
5.22223
0
5.32199
0
5.42235
0
5.52133
0
5.62164
0
5.72173
0
5.82154
0
5.92141
0
6.02178
0
6.12154
0
6.2217
0
6.32221
0
6.42212
0
6.52162
0
6.62179
0
6.72136
0
6.82169
0
6.92148
0
7.02145
0
7.12196
0
7.22195
0
7.32159
0
7.42171
0
7.52159
0
7.62132
0
7.72183
0
7.82132
0
7.92143
0
8.02218
0
8.12223
0
8.2219
0
8.32133
0
8.42196
0
8.52194
0
8.62144
0
8.72186
0
8.82156
0
8.92204
0
9.02222
0
9.1213
0
9.22233
0
9.32226
0
9.42137
0
9.52166
0
9.62142
0
9.72176
0
9.82162
0
9.92156
0
10.022
0
10.1214
0
10.2215
0
10.3216
0
10.4217
0
10.5217
0
10.6222
0
10.7214
0
10.8218
0
10.9213
0
11.0222
0
11.1219
0
11.2217
0
11.322
0
11.4221
0
11.5213
0
11.6215
0
11.7222
0
11.822
0
11.9222
0
12.0214
0
12.1218
0
12.2215
0
12.3216
0
12.4215
0
12.5217
0
12.622
0
12.7221
0
12.8218
0
12.9216
0
13.0213
0
13.1215
0
13.2215
0
13.3222
0
13.4223
0
13.5222
0
13.6217
0
13.722
0
13.8221
0
13.9217
0
14.0219
0
14.1218
0
14.2218
0
14.3214
0
14.4219
0
14.5218
0
14.6218
0
14.7217
0
14.8222
0
14.9222
0
15.0215
0
15.1218
0
15.2219
0
15.3213
0
15.4213
0
15.5213
0
15.6216
0
15.7216
0
15.8223
0
15.9221
0
16.0222
0
16.1222
0
16.2215
0
16.3217
0
16.4224
0
16.5222
0
16.6214
0
16.7223
0
16.8214
0
16.9222
0
17.0218
0
17.1218
0
17.222
0
17.3216
0
17.4215
0
17.5218
0
17.622
0
17.7215
0
17.8214
0
17.9215
0
18.0213
0
18.1217
0
18.222
0
18.3217
0
18.4221
0
18.522
0
18.622
0
18.7213
0
18.8216
0
18.9218
0
19.0214
0
19.1222
0
19.2215
0
19.3221
0
19.4218
0
19.5217
0
19.6214
0
19.7216
0
19.8216
0
19.9216
0
20.0215
0
20.1216
0
20.2213
0
20.3217
0
20.4216
0
20.522
0
20.6217
0
20.7218
0
20.8215
0
20.9213
0
21.0222
0
21.1218
0
21.222
0
21.3213
0
21.4215
0
21.5215
0
21.622
0
21.7227
0
21.8218
0
21.9222
0
22.0216
0
22.1221
0
22.2215
0
22.322
0
22.4215
0
22.5213
0
22.6213
0
22.7213
0
22.8212
0
22.9218
0
23.0213
0
23.1222
0
23.2219
0
23.3222
0
23.422
0
23.5216
0
23.622
0
23.7217
0
23.8217
0
23.9214
0
24.0218
0
24.1213
0
24.222
0
24.3215
0
24.4212
0
24.5219
0
24.622
0
24.7218
0
24.8216
0
24.9213
0
25.0218
0
25.1222
0
25.2218
0
25.3216
0
25.4215
0
25.5218
0
25.6219
0
25.7219
0
25.8218
0
25.9218
0
26.0213
0
26.1217
0
26.222
0
26.3214
0
26.4219
0
26.5217
0
26.6215
0
26.7213
0
26.822
0
26.9212
0
27.0222
0
27.1218
0
27.222
0
27.3218
0
27.4216
0
27.5216
0
27.6217
0
27.7217
0
27.8214
0
27.9222
0
28.0219
0
28.122
0
28.2216
0
28.3217
0
28.4217
0
28.5218
0
28.6222
0
28.722
0
28.8218
0
28.9216
0
29.0214
0
29.1222
0
29.2219
0
29.3218
0
29.422
0
29.5222
0
29.622
0
29.7214
0
29.822
0
29.9217
0
30.0217
0
30.1214
0
30.2216
0
30.3216
0
30.4222
0
30.5216
0
30.6222
0
30.7219
0
30.8219
0
30.9213
0
31.0215
0
31.122
0
31.2217
0
31.3213
0
31.4218
0
31.5219
0
31.6216
0
31.7219
0
31.8219
0
31.9217
0
32.0215
0
32.1222
0
32.2218
0
32.3217
0
32.4225
0
32.5219
0
32.6222
0
32.7222
0
32.8222
0
32.9215
0
33.0214
0
33.1219
0
33.2222
0
33.3217
0
33.4223
0
33.5214
0
33.6222
0
33.7219
0
33.8216
0
33.922
0
34.0213
0
34.1214
0
34.2222
0
34.3214
0
34.4214
0
34.5219
0
34.6217
0
34.7221
0
34.8221
0
34.9215
0
35.0219
0
35.1215
0
35.2217
0
35.3218
0
35.4214
0
35.5217
0
35.622
0
35.722
0
35.8216
0
35.9216
0
36.0213
0
36.1222
0
36.2217
0
36.3214
0
36.4223
0
36.5221
0
36.6222
0
36.7214
0
36.8222
0
36.9218
0
37.022
0
37.1219
0
37.2217
0
37.3222
0
37.4216
0
37.5218
0
37.6222
0
37.7218
0
37.8214
0
37.9214
0
38.0214
0
38.1217
0
38.2216
0
38.3219
0
38.4219
0
38.522
0
38.6219
0
38.7217
0
38.8215
0
38.922
0
39.0216
0
39.1221
0
39.2218
0
39.322
0
39.4219
0
39.5212
0
39.6221
0
39.7219
0
39.8223
0
39.9221
0
40.0215
0
40.1222
0
40.2213
0
40.3218
0
40.422
0
40.5221
0
40.6215
0
40.7219
0
40.8218
0
40.9217
0
41.0215
0
41.1213
0
41.222
0
41.3217
0
41.4231
0
41.5221
0
41.6219
0
41.7213
0
41.8217
0
41.9216
0
42.0213
0
42.1219
0
42.2217
0
42.3213
0
42.4215
0
42.5221
0
42.6213
0
42.7213
0
42.8222
0
42.9217
0
43.0217
0
43.1222
0
43.2217
0
43.3222
0
43.4221
0
43.5213
0
43.6212
0
43.7222
0
43.8218
0
43.9216
0
44.0216
0
44.1222
0
44.2222
0
44.3218
0
44.4212
0
44.5217
0
44.622
0
44.7222
0
44.8214
0
44.9212
0
45.0216
0
45.1221
0
45.2216
0
45.322
0
45.4216
0
45.5214
0
45.6214
0
45.7223
0
45.822
0
45.9218
0
46.0217
0
46.122
0
46.2216
0
46.3216
0
46.4216
0
46.5218
0
46.6218
0
46.7221
0
46.8221
0
46.9218
0
47.0213
0
47.1213
0
47.2214
0
47.3222
0
47.422
0
47.5222
0
47.6221
0
47.7222
0
47.8213
0
47.9217
0
48.0222
0
48.1217
0
48.2214
0
48.3221
0
48.4223
0
48.5222
0
48.6219
0
48.7216
0
48.8218
0
48.922
0
49.0214
0
49.1221
0
49.2221
0
49.3222
0
49.4222
0
49.5222
0
49.622
0
49.7214
0
49.8215
0
49.9219
0
50.0222
0
50.1219
0
50.2214
0
50.3222
0
50.4223
0
50.5218
0
50.6218
0
50.7216
0
50.822
0
50.9217
0
51.022
0
51.1213
0
51.222
0
51.322
0
51.4216
0
51.5222
0
51.622
0
51.7216
0
51.8218
0
51.922
0
52.0213
0
52.1214
0
52.222
0
52.3218
0
52.4214
0
52.5222
0
52.6219
0
52.7214
0
52.8222
0
52.9214
0
53.0222
0
53.1222
0
53.2218
0
53.3214
0
53.4215
0
53.5213
0
53.6218
0
53.7219
0
53.822
0
53.9218
0
54.0221
0
54.122
0
54.2222
0
54.3219
0
54.422
0
54.5217
0
54.6216
0
54.7216
0
54.822
0
54.9218
0
55.0222
0
55.1221
0
55.2221
0
55.3215
0
55.4215
0
55.5217
0
55.6216
0
55.7215
0
55.822
0
55.9217
0
56.0215
0
56.1215
0
56.222
0
56.322
0
56.4223
0
56.5217
0
56.6214
0
56.7216
0
56.822
0
56.9221
0
57.0217
0
57.1217
0
57.2216
0
57.3216
0
57.4213
0
57.5222
0
57.6214
0
57.7222
0
57.8221
0
57.9218
0
58.0219
0
58.1216
0
58.2216
0
58.3222
0
58.4222
0
58.522
0
58.6221
0
58.7213
0
58.8221
0
58.9215
0
59.0217
0
59.1222
0
59.2213
0
59.3218
0
59.4216
0
59.5218
0
59.6218
0
59.7218
0
59.8222
0
59.9222
0
60.0218
0
60.1219
0
60.2213
0
60.3217
0
60.4216
0
60.5222
0
60.6217
0
60.7214
0
60.8219
0
60.9218
0
61.0219
0
61.122
0
61.2213
0
61.3222
0
61.4214
0
61.5217
0
61.6217
0
61.7217
0
61.822
0
61.9221
0
62.0216
0
62.1219
0
62.2218
0
62.3218
0
62.4216
0
62.5215
0
62.6219
0
62.7221
0
62.8218
0
62.9215
0
63.0222
0
63.1217
0
63.2217
0
63.3217
0
63.4222
0
63.5222
0
63.6222
0
63.7223
0
63.8218
0
63.9218
0
64.0222
0
64.1217
0
64.2221
0
64.3215
0
64.4215
0
64.5218
0
64.6222
0
64.7218
0
64.8213
0
64.9219
0
65.0219
0
65.1222
0
65.2218
0
65.322
0
65.4214
0
65.5214
0
65.6215
0
65.7219
0
65.8217
0
65.9216
0
66.0213
0
66.1217
0
66.2218
0
66.3215
0
66.4215
0
66.5216
0
66.622
0
66.7221
0
66.8215
0
66.9217
0
67.0219
0
67.1217
0
67.2219
0
67.3217
0
67.422
0
67.5222
0
67.6218
0
67.7215
0
67.8221
0
67.9216
0
68.0218
0
68.1215
0
68.222
0
68.3217
0
68.4223
0
68.5216
0
68.6217
0
68.7222
0
68.8219
0
68.9222
0
69.0221
0
69.1217
0
69.222
0
69.3221
0
69.4217
0
69.5222
0
69.6222
0
69.7221
0
69.8215
0
69.922
0
70.0213
0
70.1222
0
70.2221
0
70.3222
0
70.4223
0
70.5217
0
70.6212
0
70.7221
0
70.822
0
70.9221
0
71.0218
0
71.1212
0
71.2222
0
71.3217
0
71.4218
0
71.5212
0
71.6216
0
71.7214
0
71.822
0
71.9214
0
72.0216
0
72.1215
0
72.2214
0
72.3221
0
72.4222
0
72.5221
0
72.6213
0
72.7218
0
72.822
0
72.9215
0
73.0222
0
73.1216
0
73.2213
0
73.3218
0
73.4222
0
73.522
0
73.6217
0
73.7216
0
73.8216
0
73.9216
0
74.0219
0
74.1216
0
74.2218
0
74.3219
0
74.4223
0
74.5213
0
74.622
0
74.7217
0
74.822
0
74.9222
0
75.0216
0
75.1214
0
75.2216
0
75.3222
0
75.4221
0
75.5214
0
75.622
0
75.7213
0
75.822
0
75.9215
0
76.022
0
76.1221
0
76.2213
0
76.3218
0
76.422
0
76.5216
0
76.6217
0
76.7216
0
76.8218
0
76.9218
0
77.0219
0
77.1216
0
77.2221
0
77.3213
0
77.4226
0
77.5221
0
77.6216
0
77.7213
0
77.8216
0
77.922
0
78.0219
0
78.1219
0
78.2214
0
78.3217
0
78.4214
0
78.5215
0
78.6219
0
78.7222
0
78.8217
0
78.9216
0
79.0215
0
79.1213
0
79.2222
0
79.3221
0
79.423
0
79.5221
0
79.6218
0
79.7215
0
79.8218
0
79.9215
0
80.0215
0
80.1216
0
80.2218
0
80.3221
0
80.4217
0
80.5219
0
80.622
0
80.7213
0
80.8217
0
80.9218
0
81.0221
0
81.1218
0
81.2215
0
81.3222
0
81.4217
0
81.5221
0
81.6216
0
81.7218
0
81.8217
0
81.9222
0
82.0217
0
82.1214
0
82.2229
0
82.322
0
82.422
0
82.5214
0
82.6214
0
82.7221
0
82.8217
0
82.9214
0
83.0216
0
83.1213
0
83.2221
0
83.322
0
83.4216
0
83.5215
0
83.6222
0
83.7222
0
83.822
0
83.9217
0
84.022
0
84.1214
0
84.2227
0
84.322
0
84.4214
0
84.5216
0
84.6218
0
84.7226
0
84.8219
0
84.9222
0
85.0219
0
85.122
0
85.223
0
85.3214
0
85.4217
0
85.5218
0
85.6222
0
85.723
0
85.822
0
85.9214
0
86.0221
0
86.1213
0
86.2229
0
86.3218
0
86.4213
0
86.5214
0
86.6213
0
86.7227
0
86.8222
0
86.9218
0
87.022
0
87.1222
0
87.2225
0
87.3216
0
87.4217
0
87.5219
0
87.6222
0
87.7224
0
87.8218
0
87.922
0
88.0221
0
88.1222
0
88.2225
0
88.3213
0
88.4215
0
88.5217
0
88.6222
0
88.722
0
88.8221
0
88.9216
0
89.0219
0
89.122
0
89.2214
0
89.3217
0
89.4216
0
89.5217
0
89.6222
0
89.7217
0
89.8213
0
89.9218
0
90.0216
0
90.1219
0
90.2222
0
90.3218
0
90.422
0
90.5215
0
90.6214
0
90.7218
0
90.8213
0
90.9222
0
91.022
0
91.1216
0
91.2217
0
91.3217
0
91.4218
0
91.5219
0
91.6217
0
91.7217
0
91.8223
0
91.9215
0
92.0216
0
92.1213
0
92.2222
0
92.3219
0
92.4215
0
92.5215
0
92.6219
0
92.7217
0
92.8217
0
92.9219
0
93.0222
0
93.122
0
93.2219
0
93.3218
0
93.4214
0
93.5214
0
93.6216
0
93.7223
0
93.8222
0
93.9222
0
94.0216
0
94.1221
0
94.2215
0
94.3213
0
94.4218
0
94.522
0
94.6218
0
94.7217
0
94.8214
0
94.9222
0
95.0216
0
95.1214
0
95.2215
0
95.3214
0
95.4218
0
95.5213
0
95.6222
0
95.7216
0
95.8216
0
95.9222
0
96.022
0
96.1216
0
96.2222
0
96.3221
0
96.4221
0
96.5219
0
96.6213
0
96.7217
0
96.8216
0
96.9222
0
97.0219
0
97.1221
0
97.2216
0
97.3222
0
97.4222
0
97.5219
0
97.6222
0
97.7213
0
97.822
0
97.9216
0
98.022
0
98.1218
0
98.2217
0
98.3214
0
98.4217
0
98.5218
0
98.6213
0
98.7219
0
98.8222
0
98.9213
0
99.0217
0
99.1896
0
99.2217
0
99.3214
0
99.4217
0
99.5216
0
99.622
0
99.7222
0
99.8214
0
99.922
0
100.022
0
100.122
0
100.222
0
100.322
0
100.421
0
100.521
0
100.622
0
100.721
0
100.821
0
100.921
0
101.022
0
101.122
0
101.222
0
101.322
0
101.422
0
101.522
0
101.622
0
101.721
0
101.822
0
101.922
0
102.022
0
102.122
0
102.222
0
102.322
0
102.422
0
102.522
0
102.622
0
102.722
0
102.822
0
102.921
0
103.021
0
103.122
0
103.222
0
103.321
0
103.422
0
103.522
0
103.621
0
103.721
0
103.822
0
103.922
0
104.022
0
104.122
0
104.222
0
104.321
0
104.422
0
104.521
0
104.622
0
104.722
0
104.822
0
104.922
0
105.022
0
105.121
0
105.221
0
105.321
0
105.421
0
105.521
0
105.622
0
105.722
0
105.822
0
105.922
0
106.021
0
106.122
0
106.221
0
106.322
0
106.422
0
106.522
0
106.622
0
106.722
0
106.822
0
106.922
0
107.022
0
107.122
0
107.221
0
107.322
0
107.422
0
107.522
0
107.622
0
107.722
0
107.822
0
107.922
0
108.022
0
108.122
0
108.222
0
108.321
0
108.422
0
108.522
0
108.622
0
108.722
0
108.822
0
108.921
0
109.021
0
109.122
0
109.222
0
109.322
0
109.422
0
109.521
0
109.621
0
109.722
0
109.822
0
109.921
0
110.021
0
110.122
0
110.221
0
110.322
0
110.421
0
110.522
0
110.622
0
110.721
0
110.822
0
110.922
0
111.022
0
111.121
0
111.221
0
111.322
0
111.422
0
111.522
0
111.622
0
111.722
0
111.822
0
111.921
0
112.022
0
112.122
0
112.222
0
112.322
0
112.422
0
112.522
0
112.622
0
112.722
0
112.822
0
112.922
0
113.022
0
113.122
0
113.222
0
113.321
0
113.421
0
113.522
0
113.622
0
113.722
0
113.822
0
113.922
0
114.021
0
114.122
0
114.221
0
114.322
0
114.422
0
114.521
0
114.622
0
114.722
0
114.822
0
114.921
0
115.022
0
115.121
0
115.222
0
115.322
0
115.422
0
115.521
0
115.622
0
115.722
0
115.822
0
115.922
0
116.022
0
116.122
0
116.222
0
116.321
0
116.422
0
116.522
0
116.622
0
116.722
0
116.822
0
116.921
0
117.021
0
117.122
0
117.222
0
117.322
0
117.422
0
117.522
0
117.622
0
117.722
0
117.822
0
117.922
0
118.022
0
118.122
0
118.222
0
118.322
0
118.421
0
118.522
0
118.622
0
118.722
0
118.822
0
118.922
0
119.022
0
119.121
0
119.222
0
119.322
0
119.421
0
119.522
0
119.622
0
119.721
0
119.822
0
119.922
0
120.022
0
120.122
0
120.222
0
120.322
0
120.422
0
120.521
0
120.622
0
120.721
0
120.821
0
120.922
0
121.022
0
121.122
0
121.222
0
121.321
0
121.421
0
121.522
0
121.621
0
121.722
0
121.822
0
121.921
0
122.022
0
122.122
0
122.222
0
122.322
0
122.422
0
122.522
0
122.622
0
122.722
0
122.822
0
122.921
0
123.022
0
123.122
0
123.222
0
123.322
0
123.422
0
123.522
0
123.622
0
123.722
0
123.821
0
123.922
0
124.022
0
124.122
0
124.222
0
124.322
0
124.422
0
124.522
0
124.622
0
124.721
0
124.822
0
124.922
0
125.021
0
125.122
0
125.222
0
125.321
0
125.421
0
125.522
0
125.622
0
125.722
0
125.821
0
125.922
0
126.021
0
126.122
0
126.222
0
126.321
0
126.422
0
126.522
0
126.622
0
126.722
0
126.821
0
126.921
0
127.022
0
127.122
0
127.221
0
127.321
0
127.422
0
127.522
0
127.622
0
127.722
0
127.821
0
127.922
0
128.022
0
128.122
0
128.222
0
128.322
0
128.422
0
128.521
0
128.622
0
128.721
0
128.822
0
128.922
0
129.022
0
129.122
0
129.222
0
129.322
0
129.422
0
129.521
0
129.622
0
129.722
0
129.821
0
129.922
0
130.022
0
130.122
0
130.222
0
130.321
0
130.421
0
130.522
0
130.622
0
130.722
0
130.822
0
130.922
0
131.022
0
131.122
0
131.222
0
131.322
0
131.421
0
131.521
0
131.621
0
131.722
0
131.822
0
131.922
0
132.022
0
132.122
0
132.222
0
132.322
0
132.421
0
132.522
0
132.622
0
132.722
0
132.822
0
132.922
0
133.022
0
133.121
0
133.221
0
133.322
0
133.422
0
133.522
0
133.622
0
133.722
0
133.822
0
133.922
0
134.022
0
134.122
0
134.222
0
134.322
0
134.422
0
134.522
0
134.622
0
134.722
0
134.822
0
134.922
0
135.022
0
135.122
0
135.222
0
135.322
0
135.421
0
135.521
0
135.622
0
135.722
0
135.822
0
135.921
0
136.022
0
136.121
0
136.221
0
136.322
0
136.422
0
136.522
0
136.622
0
136.721
0
136.821
0
136.922
0
137.022
0
137.122
0
137.222
0
137.322
0
137.421
0
137.522
0
137.622
0
137.722
0
137.822
0
137.922
0
138.022
0
138.121
0
138.222
0
138.322
0
138.422
0
138.522
0
138.622
0
138.722
0
138.822
0
138.922
0
139.022
0
139.122
0
139.222
0
139.321
0
139.422
0
139.522
0
139.622
0
139.722
0
139.821
0
139.922
0
140.022
0
140.122
0
140.222
0
140.322
0
140.422
0
140.522
0
140.621
0
140.721
0
140.822
0
140.922
0
141.021
0
141.121
0
141.222
0
141.322
0
141.421
0
141.521
0
141.622
0
141.722
0
141.822
0
141.922
0
142.021
0
142.122
0
142.221
0
142.322
0
142.422
0
142.521
0
142.622
0
142.722
0
142.821
0
142.922
0
143.022
0
143.121
0
143.222
0
143.321
0
143.422
0
143.521
0
143.622
0
143.722
0
143.821
0
143.922
0
144.022
0
144.122
0
144.222
0
144.321
0
144.422
0
144.522
0
144.622
0
144.722
0
144.822
0
144.921
0
145.022
0
145.122
0
145.222
0
145.322
0
145.422
0
145.522
0
145.624
0
145.721
0
145.822
0
145.922
0
146.022
0
146.122
0
146.221
0
146.322
0
146.422
0
146.521
0
146.622
0
146.722
0
146.822
0
146.921
0
147.022
0
147.122
0
147.222
0
147.322
0
147.422
0
147.522
0
147.622
0
147.722
0
147.822
0
147.922
0
148.022
0
148.122
0
148.221
0
148.322
0
148.422
0
148.521
0
148.622
0
148.722
0
148.822
0
148.921
0
149.021
0
149.122
0
149.222
0
149.322
0
149.422
0
149.521
0
149.621
0
149.721
0
149.822
0
149.921
0
150.021
0
150.122
0
150.222
0
150.322
0
150.421
0
150.522
0
150.622
0
150.722
0
150.822
0
150.922
0
151.022
0
151.121
0
151.221
0
151.322
0
151.422
0
151.522
0
151.622
0
151.722
0
151.822
0
151.921
0
152.021
0
152.122
0
152.222
0
152.322
0
152.422
0
152.521
0
152.622
0
152.722
0
152.822
0
152.922
0
153.022
0
153.122
0
153.222
0
153.322
0
153.422
0
153.522
0
153.622
0
153.722
0
153.822
0
153.922
0
154.022
0
154.121
0
154.221
0
154.322
0
154.422
0
154.521
0
154.621
0
154.723
0
154.821
0
154.922
0
155.022
0
155.122
0
155.221
0
155.321
0
155.425
0
155.522
0
155.622
0
155.722
0
155.822
0
155.921
0
156.022
0
156.123
0
156.221
0
156.322
0
156.422
0
156.522
0
156.622
0
156.722
0
156.821
0
156.922
0
157.022
0
157.122
0
157.221
0
157.322
0
157.422
0
157.522
0
157.622
0
157.722
0
157.822
0
157.922
0
158.022
0
158.122
0
158.222
0
158.321
0
158.422
0
158.522
0
158.622
0
158.722
0
158.821
0
158.922
0
159.021
0
159.122
0
159.222
0
159.321
0
159.422
0
159.522
0
159.621
0
159.722
0
159.822
0
159.922
0
160.022
0
160.122
0
160.222
0
160.322
0
160.422
0
160.522
0
160.622
0
160.722
0
160.822
0
160.921
0
161.022
0
161.122
0
161.221
0
161.321
0
161.422
0
161.525
0
161.622
0
161.722
0
161.822
0
161.922
0
162.022
0
162.122
0
162.222
0
162.322
0
162.422
0
162.521
0
162.622
0
162.722
0
162.822
0
162.921
0
163.021
0
163.122
0
163.222
0
163.321
0
163.422
0
163.521
0
163.621
0
163.722
0
163.822
0
163.922
0
164.022
0
164.122
0
164.222
0
164.322
0
164.422
0
164.522
0
164.622
0
164.721
0
164.821
0
164.921
0
165.022
0
165.121
0
165.222
0
165.322
0
165.422
0
165.522
0
165.622
0
165.721
0
165.822
0
165.922
0
166.022
0
166.122
0
166.221
0
166.322
0
166.422
0
166.522
0
166.621
0
166.722
0
166.821
0
166.922
0
167.022
0
167.121
0
167.221
0
167.322
0
167.422
0
167.522
0
167.622
0
167.722
0
167.822
0
167.922
0
168.022
0
168.121
0
168.221
0
168.322
0
168.422
0
168.522
0
168.621
0
168.722
0
168.822
0
168.922
0
169.022
0
169.121
0
169.221
0
169.322
0
169.422
0
169.521
0
169.621
0
169.721
0
169.822
0
169.922
0
170.022
0
170.122
0
170.222
0
170.322
0
170.422
0
170.521
0
170.621
0
170.722
0
170.822
0
170.921
0
171.022
0
171.121
0
171.222
0
171.322
0
171.421
0
171.522
0
171.622
0
171.721
0
171.822
0
171.922
0
172.022
0
172.122
0
172.222
0
172.322
0
172.422
0
172.522
0
172.622
0
172.722
0
172.822
0
172.922
0
173.022
0
173.122
0
173.221
0
173.321
0
173.422
0
173.522
0
173.622
0
173.721
0
173.822
0
173.921
0
174.021
0
174.122
0
174.222
0
174.322
0
174.422
0
174.522
0
174.622
0
174.722
0
174.821
0
174.924
0
175.022
0
175.122
0
175.222
0
175.321
0
175.422
0
175.522
0
175.622
0
175.722
0
175.822
0
175.921
0
176.022
0
176.121
0
176.222
0
176.321
0
176.421
0
176.521
0
176.621
0
176.722
0
176.822
0
176.921
0
177.022
0
177.121
0
177.222
0
177.321
0
177.421
0
177.522
0
177.622
0
177.722
0
177.822
0
177.922
0
178.022
0
178.122
0
178.221
0
178.322
0
178.422
0
178.522
0
178.622
0
178.722
0
178.822
0
178.922
0
179.021
0
179.122
0
179.222
0
179.322
0
179.422
0
179.522
0
179.622
0
179.722
0
179.821
0
179.922
0
180.022
0
180.121
0
180.221
0
180.321
0
180.421
0
180.522
0
180.622
0
180.722
0
180.822
0
180.922
0
181.022
0
181.122
0
181.222
0
181.321
0
181.421
0
181.522
0
181.622
0
181.722
0
181.822
0
181.922
0
182.022
0
182.121
0
182.222
0
182.322
0
182.422
0
182.522
0
182.622
0
182.721
0
182.822
0
182.922
0
183.022
0
183.122
0
183.222
0
183.321
0
183.421
0
183.522
0
183.622
0
183.722
0
183.821
0
183.922
0
184.022
0
184.122
0
184.222
0
184.322
0
184.422
0
184.522
0
184.621
0
184.722
0
184.822
0
184.921
0
185.022
0
185.122
0
185.221
0
185.322
0
185.421
0
185.522
0
185.622
0
185.722
0
185.822
0
185.921
0
186.022
0
186.122
0
186.222
0
186.321
0
186.422
0
186.522
0
186.622
0
186.722
0
186.822
0
186.922
0
187.022
0
187.121
0
187.221
0
187.322
0
187.422
0
187.522
0
187.622
0
187.722
0
187.822
0
187.921
0
188.022
0
188.121
0
188.221
0
188.322
0
188.422
0
188.521
0
188.622
0
188.722
0
188.821
0
188.922
0
189.021
0
189.122
0
189.221
0
189.322
0
189.422
0
189.522
0
189.622
0
189.722
0
189.822
0
189.922
0
190.022
0
190.122
0
190.221
0
190.321
0
190.422
0
190.522
0
190.622
0
190.721
0
190.821
0
190.922
0
191.022
0
191.121
0
191.222
0
191.322
0
191.422
0
191.522
0
191.621
0
191.721
0
191.822
10.1584
191.922
10.1538
192.022
10.1492
192.122
10.1492
192.221
10.1538
192.322
10.1538
192.422
10.1492
192.522
10.1538
192.621
10.1492
192.722
10.1538
192.822
10.1538
192.922
10.1538
193.021
10.1538
193.122
10.1538
193.222
10.1492
193.322
10.1538
193.422
10.1538
193.522
10.1538
193.622
10.1538
193.721
10.1538
193.821
10.1538
193.922
10.1538
194.021
10.1538
194.122
10.1538
194.221
10.1538
194.322
10.1538
194.422
10.1538
194.522
10.1492
194.622
10.1584
194.722
10.1538
194.822
10.1729
194.922
10.1729
195.022
10.1729
195.122
10.1752
195.222
10.1729
195.322
10.1706
195.422
10.1729
195.522
10.1729
195.622
10.1775
195.722
10.1706
195.822
10.1729
195.922
10.1729
196.022
10.1729
196.121
10.1706
196.222
10.1706
196.322
10.1706
196.422
0
196.522
0
196.622
-0.00228281
196.722
-0.00228281
196.822
0
196.922
-0.00228281
197.022
-0.00228281
197.122
0
197.222
0
197.322
0
197.422
0
197.522
0
197.622
-0.00228281
197.721
0
197.822
0
197.922
0
198.022
0
198.122
-0.00228281
198.222
0
198.322
0
198.421
0
198.522
0
198.622
0
198.721
0.00228281
198.822
0.00228281
198.921
0.00228281
199.022
0
199.122
0
199.221
0
199.322
0
199.422
0
199.522
0
199.622
0.00228281
199.722
0.00228281
199.822
0
199.922
0
200.022
0
200.122
0
200.222
-0.00228281
200.322
0
200.422
0.00228281
200.522
0.00228281
200.622
0
200.722
0.00228281
200.822
0.00228281
200.922
0
201.022
0.00228281
201.122
0
201.222
0
201.322
0.00228281
201.422
1.69779e-309
201.522
0
201.622
0
201.722
0
201.821
0
201.921
0
202.022
0
202.122
0
202.222
0
202.321
0
202.421
0
202.522
0
202.622
0
202.722
0
202.821
0
202.921
0
203.022
0
203.122
0
203.222
0
203.322
0
203.422
0
203.521
0
203.622
0
203.722
0
203.822
0
203.921
0
204.021
0
204.121
0
204.222
0
204.321
0
204.479
0
204.623
0
204.722
0
204.822
0
204.921
0
205.021
0
205.121
0
205.222
0
205.322
0
205.422
0
205.522
0
205.622
0
205.722
0
205.822
0
205.922
0
206.021
0
206.122
0
206.221
0
206.322
0
206.422
0
206.522
0
206.622
0
206.723
0
206.822
0
206.921
0
207.023
0
207.122
0
207.223
0
207.322
0
207.422
0
207.522
0
207.622
0
207.723
0
207.822
0
207.922
0
208.021
0
208.121
0
208.223
0
208.322
0
208.422
0
208.522
0
208.621
0
208.723
0
208.822
0
208.922
0
209.022
0
209.122
0
209.223
0
209.322
0
209.422
0
209.521
0
209.622
0
209.723
0
209.822
0
209.921
0
210.022
0
210.122
0
210.223
0
210.321
0
210.422
0
210.521
0
210.622
0
210.723
0
210.822
0
210.922
0
211.022
0
211.122
0
211.223
0
211.321
0
211.422
0
211.522
0
211.621
0
211.722
0
211.822
0
211.921
0
212.022
0
212.122
0
212.223
0
212.322
0
212.422
0
212.521
0
212.621
0
212.723
0
212.822
0
212.921
0
213.021
0
213.122
0
213.222
0
213.321
0
213.422
0
213.522
0
213.622
0
213.723
0
213.822
0
213.921
0
214.021
0
214.122
0
214.223
0
214.322
0
214.421
0
214.522
0
214.622
0
214.722
0
214.821
0
214.922
0
215.021
0
215.122
0
215.223
0
215.322
0
215.422
0
215.522
0
215.622
0
215.723
0
215.822
0
215.922
0
216.022
0
216.122
0
216.223
0
216.322
0
216.422
0
216.521
0
216.622
0
216.723
0
216.822
0
216.922
0
217.021
0
217.122
0
217.223
0
217.322
0
217.422
0
217.522
0
217.621
0
217.723
0
217.822
0
217.922
0
218.022
0
218.122
0
218.223
0
218.322
0
218.422
0
218.521
0
218.622
0
218.722
0
218.821
0
218.922
0
219.022
0
219.121
0
219.222
0
219.321
0
219.422
0
219.522
0
219.622
0
219.721
0
219.822
0
219.922
0
220.022
0
220.122
0
220.221
0
220.322
0
220.422
0
220.522
0
220.621
0
220.722
0
220.822
0
220.922
0
221.023
0
221.122
0
221.222
0
221.322
0
221.422
0
221.521
0
221.622
0
221.722
0
221.822
0
221.921
0
222.022
0
222.122
0
222.222
0
222.322
0
222.421
0
222.521
0
222.622
0
222.722
0
222.822
0
222.923
0
223.022
0
223.122
0
223.221
0
223.322
0
223.421
0
223.522
0
223.621
0
223.722
0
223.822
0
223.922
0
224.022
0
224.121
0
224.222
0
224.322
0
224.421
0
224.521
0
224.622
0
224.723
0
224.822
0
224.922
0
225.022
0
225.122
0
225.223
0
225.322
0
225.422
0
225.522
0
225.622
0
225.723
0
225.822
0
225.922
0
226.022
0
226.122
0
226.222
0
226.322
0
226.422
0
226.522
0
226.622
0
226.723
0
226.821
0
226.921
0
227.022
0
227.121
0
227.222
0
227.322
0
227.422
0
227.522
0
227.622
0
227.723
0
227.822
0
227.922
0
228.022
0
228.122
0
228.223
0
228.322
0
228.422
0
228.522
0
228.622
0
228.722
0
228.822
0
228.922
0
229.023
0
229.121
0
229.222
0
229.321
0
229.422
0
229.522
0
229.622
0
229.722
0
229.822
0
229.921
0
230.022
0
230.121
0
230.222
0
230.322
0
230.422
0
230.522
0
230.622
0
230.722
0
230.822
0
230.921
0
231.022
0
231.122
0
231.221
0
231.321
0
231.422
0
231.522
0
231.621
0
231.722
0
231.822
0
231.922
0
232.022
0
232.122
0
232.222
0
232.322
0
232.422
0
232.522
0
232.622
0
232.722
0
232.822
0
232.922
0
233.021
0
233.122
0
233.222
0
233.322
0
233.422
0
233.521
0
233.622
0
233.721
0
233.822
0
233.921
0
234.022
0
234.122
0
234.222
0
234.321
0
234.422
0
234.521
0
234.622
0
234.722
0
234.822
0
234.922
0
235.022
0
235.121
0
235.221
0
235.322
0
235.422
0
235.522
0
235.622
0
235.721
0
235.822
0
235.922
0
236.022
0
236.122
0
236.222
0
236.322
0
236.422
0
236.521
0
236.621
0
236.722
0
236.822
0
236.921
0
237.021
0
237.122
0
237.221
0
237.322
0
237.422
0
237.521
0
237.622
0
237.722
0
237.821
0
237.922
0
238.022
0
238.122
0
238.221
0
238.322
0
238.422
0
238.522
0
238.622
0
238.722
0
238.822
0
238.922
0
239.022
0
239.122
0
239.222
0
239.322
0
239.421
0
239.521
0
239.622
0
239.722
0
239.822
0
239.922
0
240.022
0
240.121
0
240.222
0
240.322
0
240.422
0
240.522
0
240.621
0
240.722
0
240.822
0
240.922
0
241.022
0
241.121
0
241.221
0
241.322
0
241.422
0
241.522
0
241.622
0
241.722
0
241.822
0
241.921
0
242.022
0
242.122
0
242.221
0
242.321
0
242.422
0
242.522
0
242.621
0
242.721
0
242.821
0
242.922
0
243.021
0
243.122
0
243.221
0
243.322
0
243.422
0
243.522
0
243.622
0
243.722
0
243.822
0
243.922
0
244.022
0
244.122
0
244.222
0
244.322
0
244.422
0
244.521
0
244.622
0
244.722
0
244.822
0
244.922
0
245.022
0
245.122
0
245.223
0
245.321
0
245.422
0
245.521
0
245.622
0
245.723
0
245.821
0
245.921
0
246.022
0
246.122
0
246.224
0
246.322
0
246.422
0
246.522
0
246.621
0
246.722
0
246.822
0
246.922
0
247.022
0
247.122
0
247.222
0
247.322
0
247.422
0
247.522
0
247.622
0
247.722
0
247.822
0
247.921
0
248.022
0
248.122
0
248.222
0
248.322
0
248.422
0
248.522
0
248.622
0
248.721
0
248.822
0
248.922
0
249.022
0
249.122
0
249.222
0
249.321
0
249.421
0
249.522
0
249.622
0
249.739
0
249.822
0
249.922
0
250.022
0
250.122
0
250.222
0
250.322
0
250.421
0
250.522
0
250.622
0
250.722
0
250.822
0
250.922
0
251.022
0
251.122
0
251.221
0
251.322
0
251.422
0
251.522
0
251.621
0
251.722
0
251.822
0
251.921
0
252.022
0
252.121
0
252.222
0
252.322
0
252.422
0
252.522
0
252.622
0
252.722
0
252.821
0
252.922
0
253.021
0
253.121
0
253.222
0
253.321
0
253.421
0
253.522
0
253.621
0
253.722
0
253.822
0
253.922
0
254.022
0
254.122
0
254.222
0
254.322
0
254.422
0
254.522
0
254.622
0
254.722
0
254.821
0
254.922
0
255.022
0
255.122
0
255.222
0
255.322
0
255.423
0
255.522
0
255.622
0
255.722
0
255.821
0
255.922
0
256.022
0
256.122
0
256.222
0
256.322
0
256.422
0
256.522
0
256.622
0
256.722
0
256.822
0
256.922
0
257.022
0
257.122
0
257.222
0
257.322
0
257.422
0
257.522
0
257.621
0
257.722
0
257.821
0
257.922
0
258.022
0
258.122
0
258.222
0
258.321
0
258.422
0
258.522
0
258.621
0
258.721
0
258.821
0
258.922
0
259.021
0
259.122
0
259.222
0
259.322
0
259.421
0
259.522
0
259.622
0
259.721
0
259.822
0
259.922
0
260.022
0
260.122
0
260.222
0
260.322
0
260.422
0
260.521
0
260.622
0
260.722
0
260.822
0
260.922
0
261.022
0
261.122
0
261.222
0
261.322
0
261.422
0
261.522
0
261.621
0
261.722
0
261.822
0
261.922
0
262.022
0
262.121
0
262.221
0
262.322
0
262.422
0
262.522
0
262.622
0
262.722
0
262.821
0
262.921
0
263.022
0
263.122
0
263.221
0
263.322
0
263.421
0
263.521
0
263.621
0
263.722
0
263.821
0
263.922
0
264.021
0
264.122
0
264.221
0
264.321
0
264.422
0
264.522
0
264.621
0
264.721
0
264.822
0
264.921
0
265.022
0
265.121
0
265.222
0
265.322
0
265.422
0
265.521
0
265.622
0
265.722
0
265.822
0
265.922
0
266.022
0
266.122
0
266.221
0
266.322
0
266.422
0
266.522
0
266.622
0
266.723
0
266.822
0
266.922
0
267.021
0
267.121
0
267.222
0
267.322
0
267.422
0
267.521
0
267.622
0
267.722
0
267.822
0
267.922
0
268.022
0
268.122
0
268.222
0
268.321
0
268.421
0
268.522
0
268.622
0
268.722
0
268.822
0
268.922
0
269.022
0
269.122
0
269.222
0
269.322
0
269.422
0
269.521
0
269.622
0
269.721
0
269.822
0
269.921
0
270.022
0
270.122
0
270.222
0
270.321
0
270.422
0
270.522
0
270.622
0
270.722
0
270.821
0
270.921
0
271.021
0
271.122
0
271.221
0
271.322
0
271.422
0
271.521
0
271.622
0
271.722
0
271.822
0
271.922
0
272.022
0
272.122
0
272.222
0
272.322
0
272.422
0
272.521
0
272.622
0
272.722
0
272.822
0
272.921
0
273.021
0
273.122
0
273.222
0
273.322
0
273.421
0
273.521
0
273.622
0
273.722
0
273.822
0
273.922
0
274.022
0
274.122
0
274.222
0
274.322
0
274.422
0
274.522
0
274.622
0
274.722
0
274.822
0
274.922
0
275.022
0
275.122
0
275.221
0
275.322
0
275.421
0
275.522
0
275.622
0
275.722
0
275.822
0
275.922
0
276.022
0
276.122
0
276.222
0
276.322
0
276.422
0
276.522
0
276.622
0
276.722
0
276.821
0
276.922
0
277.021
0
277.122
0
277.222
0
277.322
0
277.422
0
277.521
0
277.622
0
277.722
0
277.822
0
277.922
0
278.022
0
278.122
0
278.222
0
278.322
0
278.422
0
278.522
0
278.621
0
278.722
0
278.822
0
278.922
0
279.021
0
279.122
0
279.222
0
279.321
0
279.421
0
279.522
0
279.622
0
279.722
0
279.822
0
279.922
0
280.022
0
280.122
0
280.221
0
280.322
0
280.421
0
280.522
0
280.622
0
280.722
0
280.822
0
280.921
0
281.022
0
281.122
0
281.222
0
281.322
0
281.422
0
281.522
0
281.622
0
281.722
0
281.822
0
281.922
0
282.022
0
282.122
0
282.222
0
282.321
0
282.421
0
282.522
0
282.622
0
282.722
0
282.821
0
282.922
0
283.022
0
283.122
0
283.222
0
283.321
0
283.421
0
283.522
0
283.621
0
283.722
0
283.822
0
283.922
0
284.021
0
284.121
0
284.222
0
284.321
0
284.422
0
284.522
0
284.622
0
284.722
0
284.822
0
284.922
0
285.021
0
285.121
0
285.222
0
285.322
0
285.422
0
285.521
0
285.622
0
285.722
0
285.822
0
285.922
0
286.022
0
286.122
0
286.222
0
286.322
0
286.421
0
286.522
0
286.622
0
286.722
0
286.822
0
286.922
0
287.022
0
287.122
0
287.222
0
287.321
0
287.422
0
287.522
0
287.622
0
287.721
0
287.822
0
287.922
0
288.021
0
288.122
0
288.222
0
288.322
0
288.422
0
288.522
0
288.622
0
288.722
0
288.822
0
288.922
0
289.022
0
289.122
0
289.221
0
289.322
0
289.421
0
289.522
0
289.622
0
289.722
0
289.822
0
289.922
0
290.022
0
290.122
0
290.222
0
290.322
0
290.422
0
290.522
0
290.622
0
290.722
0
290.822
0
290.922
0
291.022
0
291.122
0
291.221
0
291.322
0
291.422
0
291.522
0
291.622
0
291.722
0
291.822
0
291.922
0
292.022
0
292.122
0
292.222
0
292.322
0
292.422
0
292.522
0
292.621
0
292.722
0
292.821
0
292.921
0
293.022
0
293.122
0
293.222
0
293.321
0
293.422
0
293.522
0
293.622
0
293.722
0
293.822
0
293.922
0
294.022
0
294.122
0
294.222
0
294.321
0
294.422
0
294.522
0
294.622
0
294.722
0
294.822
0
294.922
0
295.022
0
295.121
0
295.222
0
295.322
0
295.422
0
295.522
0
295.622
0
295.722
0
295.822
0
295.922
0
296.022
0
296.122
0
296.222
0
296.322
0
296.422
0
296.522
0
296.621
0
296.722
0
296.822
0
296.922
0
297.022
0
297.121
0
297.222
0
297.322
0
297.422
0
297.522
0
297.622
0
297.722
0
297.821
0
297.922
0
298.022
0
298.122
0
298.222
0
298.322
0
298.421
0
298.522
0
298.622
0
298.722
0
298.821
0
298.922
0
299.022
0
299.122
0
299.222
0
299.322
0
299.422
0
299.522
0
299.622
0
299.722
0
299.822
0
299.922
0
300.022
0
300.122
0
300.222
0
300.322
0
300.422
0
300.522
0
300.622
0
300.722
0
300.822
0
300.922
0
301.022
0
301.122
0
301.222
0
301.322
0
301.422
0
301.521
0
301.622
0
301.723
0
301.822
0
301.922
0
302.021
0
302.121
0
302.222
0
302.322
0
302.422
0
302.522
0
302.622
0
302.721
0
302.822
0
302.922
0
0.0137169
0
0.104879
0
0.21004
0
0.314857
0
0.420085
0
0.525009
0
0.630519
0
0.734908
0
0.840805
0
0.945235
0
1.04725
0
1.14783
0
1.24769
0
1.34781
0
1.44749
0
1.54693
0
1.64714
0
1.74756
0
1.84753
0
1.94707
0
2.04781
0
2.14784
0
2.24762
0
2.34753
0
2.44761
0
2.54746
0
2.64784
0
2.74765
0
2.84767
0
2.94763
0
3.04776
0
3.14776
0
3.24695
0
3.3477
0
3.4478
0
3.54726
0
3.64707
0
3.74756
0
3.84742
0
3.94766
0
4.04783
0
4.14734
0
4.24734
0
4.34782
0
4.44704
0
4.54758
0
4.64734
0
4.74746
0
4.84746
0
4.9477
0
5.0473
0
5.14716
0
5.24705
0
5.34779
0
5.44769
0
5.54782
0
5.64751
0
5.74716
0
5.84717
0
5.94758
0
6.04713
0
6.14717
0
6.24719
0
6.34738
0
6.44755
0
6.54763
0
6.64705
0
6.74769
0
6.84741
0
6.94771
0
7.04749
0
7.14694
0
7.24754
0
7.34717
0
7.44783
0
7.54693
0
7.64746
0
7.74764
0
7.84785
0
7.94787
0
8.04755
0
8.1479
0
8.24764
0
8.34716
0
8.44753
0
8.54764
0
8.647
0
8.74772
0
8.8473
0
8.94689
0
9.04769
0
9.14735
0
9.24782
0
9.34754
0
9.44707
0
9.54752
0
9.64723
0
9.74752
0
9.84736
0
9.94717
0
10.0477
0
10.1476
0
10.2478
0
10.3473
0
10.4475
0
10.5479
0
10.6473
0
10.7475
0
10.8471
0
10.9477
0
11.0469
0
11.1479
0
11.2478
0
11.3477
0
11.447
0
11.5476
0
11.6469
0
11.7472
0
11.8471
0
11.9472
0
12.0473
0
12.1474
0
12.2478
0
12.3472
0
12.4477
0
12.5486
0
12.6473
0
12.7479
0
12.8472
0
12.9473
0
13.0489
0
13.1473
0
13.2471
0
13.3473
0
13.4471
0
13.5485
0
13.6472
0
13.7476
0
13.8472
0
13.9478
0
14.0484
0
14.1474
0
14.2478
0
14.3475
0
14.4477
0
14.5481
0
14.6475
0
14.7476
0
14.8478
0
14.947
0
15.0484
0
15.1478
0
15.2474
0
15.3479
0
15.447
0
15.5489
0
15.6477
0
15.7478
0
15.847
0
15.9477
0
16.0487
0
16.1476
0
16.247
0
16.3471
0
16.4478
0
16.548
0
16.6471
0
16.7471
0
16.8473
0
16.9478
0
17.0482
0
17.147
0
17.2478
0
17.3478
0
17.447
0
17.5482
0
17.6473
0
17.7477
0
17.8475
0
17.9477
0
18.0485
0
18.1469
0
18.2478
0
18.3473
0
18.4471
0
18.5479
0
18.6478
0
18.747
0
18.8471
0
18.9477
0
19.0482
0
19.1477
0
19.247
0
19.3474
0
19.4479
0
19.5487
0
19.6475
0
19.7469
0
19.8477
0
19.9477
0
20.0479
0
20.1471
0
20.2478
0
20.3473
0
20.4476
0
20.5484
0
20.6476
0
20.7471
0
20.8477
0
20.947
0
21.0477
0
21.1474
0
21.2479
0
21.3472
0
21.4469
0
21.548
0
21.6471
0
21.7474
0
21.8472
0
21.9475
0
22.0482
0
22.1478
0
22.2474
0
22.3473
0
22.4472
0
22.5483
0
22.6476
0
22.7475
0
22.8478
0
22.9472
0
23.0484
0
23.1478
0
23.2478
0
23.3477
0
23.4477
0
23.5478
0
23.6477
0
23.7475
0
23.8477
0
23.9478
0
24.0477
0
24.1474
0
24.2476
0
24.3478
0
24.4478
0
24.5486
0
24.6472
0
24.7478
0
24.8469
0
24.9477
0
25.0486
0
25.147
0
25.2478
0
25.3478
0
25.4473
0
25.5482
0
25.647
0
25.7475
0
25.847
0
25.9475
0
26.0482
0
26.1471
0
26.2477
0
26.3475
0
26.4473
0
26.5484
0
26.6472
0
26.7475
0
26.8469
0
26.9477
0
27.0484
0
27.1479
0
27.2471
0
27.3478
0
27.4477
0
27.548
0
27.647
0
27.747
0
27.8475
0
27.9476
0
28.0478
0
28.147
0
28.2472
0
28.3476
0
28.4476
0
28.5476
0
28.6477
0
28.7472
0
28.8473
0
28.9474
0
29.0482
0
29.1476
0
29.2478
0
29.3471
0
29.4472
0
29.5484
0
29.6469
0
29.7475
0
29.8473
0
29.9472
0
30.0478
0
30.1476
0
30.2478
0
30.3472
0
30.4478
0
30.5484
0
30.647
0
30.7473
0
30.847
0
30.9473
0
31.0482
0
31.1476
0
31.2469
0
31.3474
0
31.447
0
31.548
0
31.6476
0
31.7474
0
31.8476
0
31.9472
0
32.0483
0
32.1476
0
32.247
0
32.3473
0
32.4475
0
32.5486
0
32.6474
0
32.7477
0
32.8473
0
32.9477
0
33.0477
0
33.1479
0
33.2469
0
33.3475
0
33.4478
0
33.5484
0
33.6475
0
33.7475
0
33.847
0
33.9475
0
34.0476
0
34.1472
0
34.2471
0
34.3477
0
34.4475
0
34.5473
0
34.6479
0
34.7473
0
34.8471
0
34.9474
0
35.0476
0
35.1471
0
35.2477
0
35.3476
0
35.4475
0
35.5475
0
35.6475
0
35.7469
0
35.847
0
35.9477
0
36.0472
0
36.1473
0
36.2473
0
36.3469
0
36.4471
0
36.5475
0
36.6476
0
36.7471
0
36.8478
0
36.9469
0
37.0472
0
37.1475
0
37.2469
0
37.3471
0
37.4475
0
37.5471
0
37.6474
0
37.7473
0
37.8471
0
37.9473
0
38.0471
0
38.147
0
38.2472
0
38.3477
0
38.4477
0
38.5476
0
38.6473
0
38.7473
0
38.8478
0
38.9477
0
39.0482
0
39.1475
0
39.2476
0
39.3478
0
39.4475
0
39.5488
0
39.648
0
39.7472
0
39.8476
0
39.9478
0
40.0478
0
40.1476
0
40.2477
0
40.3479
0
40.4472
0
40.548
0
40.647
0
40.7478
0
40.848
0
40.9473
0
41.0478
0
41.1476
0
41.2471
0
41.3473
0
41.4476
0
41.5477
0
41.6473
0
41.7475
0
41.8478
0
41.9472
0
42.0472
0
42.147
0
42.2478
0
42.3475
0
42.4479
0
42.547
0
42.6472
0
42.7471
0
42.8474
0
42.9471
0
43.0471
0
43.1472
0
43.2475
0
43.3473
0
43.447
0
43.5472
0
43.6477
0
43.747
0
43.847
0
43.9471
0
44.0478
0
44.1474
0
44.2472
0
44.3469
0
44.447
0
44.5473
0
44.6478
0
44.7473
0
44.8471
0
44.9473
0
45.0471
0
45.1473
0
45.247
0
45.3478
0
45.4476
0
45.5469
0
45.6474
0
45.747
0
45.8473
0
45.9472
0
46.0471
0
46.1469
0
46.2474
0
46.3478
0
46.4471
0
46.5475
0
46.6473
0
46.7471
0
46.8471
0
46.9469
0
47.0478
0
47.1478
0
47.2469
0
47.3477
0
47.4477
0
47.5478
0
47.647
0
47.7469
0
47.847
0
47.9472
0
48.0483
0
48.1472
0
48.2469
0
48.3477
0
48.4471
0
48.5489
0
48.6476
0
48.7475
0
48.8469
0
48.9477
0
49.0483
0
49.1475
0
49.2474
0
49.3471
0
49.447
0
49.5485
0
49.6473
0
49.7476
0
49.8469
0
49.9473
0
50.0477
0
50.1474
0
50.2478
0
50.3474
0
50.4478
0
50.5477
0
50.6472
0
50.7474
0
50.847
0
50.947
0
51.0475
0
51.1473
0
51.2469
0
51.3474
0
51.4476
0
51.5469
0
51.6474
0
51.7475
0
51.8473
0
51.9479
0
52.0471
0
52.1477
0
52.2479
0
52.3476
0
52.4471
0
52.5475
0
52.6469
0
52.747
0
52.8476
0
52.9478
0
53.0474
0
53.1476
0
53.2473
0
53.3471
0
53.4478
0
53.5479
0
53.6476
0
53.7472
0
53.847
0
53.9476
0
54.0478
0
54.1478
0
54.247
0
54.3475
0
54.4473
0
54.5478
0
54.6476
0
54.747
0
54.8471
0
54.9471
0
55.0469
0
55.1477
0
55.2471
0
55.3477
0
55.4476
0
55.5469
0
55.6473
0
55.7473
0
55.8475
0
55.9474
0
56.0475
0
56.1474
0
56.2479
0
56.3485
0
56.4473
0
56.5477
0
56.647
0
56.7471
0
56.8477
0
56.9478
0
57.0477
0
57.1472
0
57.2476
0
57.3469
0
57.4477
0
57.5478
0
57.6478
0
57.7472
0
57.8471
0
57.9472
0
58.0475
0
58.147
0
58.2471
0
58.3478
0
58.4473
0
58.5477
0
58.6475
0
58.7469
0
58.8475
0
58.947
0
59.047
0
59.1477
0
59.2472
0
59.3477
0
59.447
0
59.5475
0
59.6476
0
59.7472
0
59.8472
0
59.9472
0
60.0472
0
60.1469
0
60.2479
0
60.347
0
60.4471
0
60.5476
0
60.6474
0
60.7472
0
60.8469
0
60.9476
0
61.0473
0
61.1476
0
61.2471
0
61.3478
0
61.4472
0
61.5477
0
61.6473
0
61.7473
0
61.8478
0
61.9477
0
62.0473
0
62.1471
0
62.2473
0
62.3474
0
62.4478
0
62.547
0
62.6473
0
62.747
0
62.8476
0
62.9478
0
63.0471
0
63.147
0
63.247
0
63.3474
0
63.4477
0
63.5469
0
63.6469
0
63.7473
0
63.8476
0
63.9474
0
64.0473
0
64.1478
0
64.2477
0
64.3476
0
64.4473
0
64.5476
0
64.6473
0
64.7478
0
64.8474
0
64.9475
0
65.0473
0
65.1473
0
65.2472
0
65.3475
0
65.4473
0
65.5473
0
65.647
0
65.7474
0
65.8476
0
65.9472
0
66.0473
0
66.147
0
66.2473
0
66.3478
0
66.4474
0
66.5476
0
66.6471
0
66.7473
0
66.8478
0
66.947
0
67.0477
0
67.1477
0
67.2469
0
67.347
0
67.4472
0
67.5473
0
67.6471
0
67.7471
0
67.8471
0
67.9473
0
68.0469
0
68.1476
0
68.2474
0
68.3473
0
68.4478
0
68.5479
0
68.6477
0
68.7478
0
68.8472
0
68.9475
0
69.0478
0
69.1474
0
69.2476
0
69.3478
0
69.4474
0
69.5478
0
69.6473
0
69.7475
0
69.8478
0
69.9477
0
70.0475
0
70.1475
0
70.2477
0
70.3472
0
70.4474
0
70.5469
0
70.6477
0
70.7478
0
70.8474
0
70.947
0
71.0469
0
71.1476
0
71.2478
0
71.3472
0
71.4473
0
71.5478
0
71.6476
0
71.7477
0
71.8474
0
71.947
0
72.0471
0
72.1475
0
72.2477
0
72.347
0
72.4476
0
72.5471
0
72.6478
0
72.7476
0
72.8479
0
72.947
0
73.0472
0
73.1471
0
73.2473
0
73.3475
0
73.4469
0
73.5479
0
73.647
0
73.7474
0
73.8474
0
73.9477
0
74.0473
0
74.147
0
74.2471
0
74.3474
0
74.4471
0
74.5476
0
74.6471
0
74.7478
0
74.8469
0
74.9473
0
75.0472
0
75.147
0
75.2472
0
75.3473
0
75.4474
0
75.5474
0
75.647
0
75.7477
0
75.8476
0
75.9475
0
76.0469
0
76.1475
0
76.2476
0
76.3471
0
