0
25
50
75
100
125
150
175
200
225
250
275
300
325
350
375
400
425
450
475
500
525
550
575
600
625
650
675
700
725
750
775
800
825
850
875
900
925
950
975
1001
1026
1051
1076
1101
1126
1151
1176
1201
1226
1251
1276
1301
1326
1351
1376
1401
1426
1451
1476
1501
1526
1551
1576
1601
1626
1651
1676
1701
1726
1751
1776
1801
1826
1851
1876
1901
1926
1951
1976
2001
2026
2051
2076
2101
2126
2151
2176
2201
2226
2251
2276
2301
2326
2351
2376
2401
2426
2452
2477
2502
2527
2552
2577
2602
2627
2652
2677
2702
2727
2752
2777
2802
2827
2852
2877
2902
2927
2952
2977
3002
3027
3052
3077
3102
3127
3152
3177
3202
3227
3252
3277
3302
3327
3352
3377
3402
3427
3452
3477
3502
3527
3552
3577
3602
3628
3653
3678
3703
3728
3753
3778
3803
3828
3853
3878
3903
3928
3953
3978
4003
4028
4053
4078
4103
4128
4153
4178
4203
4228
4253
4279
4304
4329
4354
4379
4404
4429
4454
4479
4504
4530
4555
4580
4605
4630
4655
4680
4705
4730
4755
4780
4805
4830
4855
4880
4905
4930
4955
4980
5005
5030
5055
5080
5105
5131
5156
5181
5206
5231
5256
5281
5306
5331
5356
5381
5406
5431
5456
5481
5506
5531
5556
5581
5606
5631
5656
5681
5706
5731
5756
5781
5806
5831
5856
5881
5906
5931
5956
5981
6006
6031
6056
6081
6107
6132
6157
6182
6207
6232
6257
6282
6307
6332
6357
6382
6407
6432
6457
6482
6507
6532
6557
6582
6607
6632
6657
6682
6707
6732
6757
6782
6807
6832
6857
6882
6907
6932
6957
6982
7007
7032
7057
7082
7107
7132
7157
7182
7207
7232
7257
7282
7307
7332
7357
7382
7407
7432
7457
7482
7507
7532
7557
7582
7607
7632
7657
7682
7707
7732
7757
7782
7807
7832
7857
7882
7907
7932
7957
7982
8007
8032
8057
8082
8107
8132
8157
8182
8207
8232
8257
8282
8307
8332
8357
8382
8407
8432
8457
8482
8507
8532
8557
8582
8607
8632
8657
8682
8707
8732
8757
8782
8807
8832
8857
8882
8907
8932
8957
8982
9007
9032
9057
9082
9107
9132
9157
9182
9207
9232
9257
9282
9307
9332
9357
9382
9408
9433
9458
9483
9508
9533
9558
9583
9608
9633
9658
9683
9708
9733
9758
9783
9808
9833
9858
9883
9908
9933
9958
9983
10008
10033
10058
10083
10108
10133
10158
10183
10208
10233
10258
10283
10308
10333
10358
10383
10408
10433
10458
10483
10508
10533
10558
10583
10608
10633
10658
10683
10708
10733
10758
10783
10808
10833
10858
10883
10908
10933
10958
10983
11008
11033
11058
11083
11108
11133
11158
11183
11208
11233
11258
11283
11308
11333
11358
11383
11408
11433
11458
11483
11508
11533
11558
11583
11608
11633
11658
11683
11708
11733
11758
11783
11808
11833
11858
11883
11908
11933
11958
11983
12008
12033
12058
12083
12108
12133
12158
12183
12208
12233
12258
12283
12308
12333
12358
12383
12408
12433
12458
12483
12508
12533
12558
12583
12608
12633
12658
12683
12708
12733
12758
12783
12808
12833
12858
12883
12908
12933
12958
12983
13008
13033
13058
13083
13108
13133
13158
13183
13208
13233
13258
13283
13308
13333
13358
13383
13408
13433
13458
13483
13508
13533
13558
13583
13608
13633
13658
13683
13708
13733
13758
13783
13808
13833
13858
13883
13908
13933
13958
13983
14008
14033
14058
14083
14108
14133
14158
14183
14208
14233
14258
14283
14308
14333
14358
14383
14408
14433
14458
14483
14508
14533
14558
14583
14608
14633
14658
14683
14708
14733
14758
14783
14808
14833
14858
14883
14908
14933
14958
14983
15008
15033
15058
15083
15108
15133
15158
15183
15208
15233
15258
15283
15308
15333
15358
15383
15408
15433
15458
15483
15508
15533
15558
15583
15608
15633
15658
15683
15708
15733
15758
15783
15808
15833
15858
15883
15908
15933
15958
15983
16008
16033
16058
16083
16108
16133
16158
16183
16208
16233
16258
16283
16308
16333
16358
16383
16408
16433
16458
16483
16508
16533
16558
16583
16608
16633
16658
16683
16708
16733
16758
16783
16809
16834
16859
16884
16909
16934
16959
16984
17009
17034
17059
17084
17109
17134
17159
17184
17209
17234
17259
17284
17309
17334
17359
17384
17409
17434
17459
17484
17509
17534
17559
17584
17609
17634
17659
17684
17709
17734
17759
17784
17809
17834
17859
17884
17909
17934
17959
17984
18009
18034
18059
18084
18109
18134
18159
18184
18209
18234
18259
18284
18309
18334
18359
18384
18409
18434
18459
18484
18509
18534
18559
18584
18609
18634
18659
18684
18709
18734
18759
18784
18809
18834
18859
18884
18909
18934
18959
18984
19009
19034
19059
19084
19109
19134
19159
19184
19209
19234
19259
19284
19309
19334
19359
19384
19409
19434
19459
19484
19509
19534
19559
19584
19609
19634
19659
19684
19709
19734
19759
19784
19809
19834
19859
19884
19909
19934
19959
19984
20009
20034
20059
20084
20109
20134
20159
20184
20209
20234
20259
20284
20309
20334
20359
20384
20409
20434
20459
20484
20509
20534
20559
20584
20609
20634
20659
20684
20709
20734
20759
20784
20809
20834
20859
20884
20909
20934
20959
20984
21009
21034
21059
21084
21109
21134
21159
21184
21209
21234
21259
21284
21309
21334
21359
21384
21409
21434
21459
21484
21509
21534
21559
21585
21613
21644
21679
21717
21759
21804
21853
21904
21957
22012
22066
22118
22168
22216
22261
22304
22343
22378
22407
22433
22458
22483
22508
22533
22558
22583
22608
22633
22658
22683
22708
22733
22758
22787
22819
22856
22895
22937
22982
23028
23078
23132
23192
23257
23327
23400
23474
23547
23618
23689
23760
23834
23909
23985
24060
24132
24202
24266
24324
24375
24416
24448
24473
24498
24523
24548
24573
24598
24623
24648
24678
24713
24754
24801
24854
24912
24974
25040
25110
25182
25257
25333
25412
25492
25573
25655
25736
25815
25892
25964
26031
26091
26142
26186
26222
26251
26276
26301
26326
26351
26376
26401
26426
26451
26476
26503
26533
26566
26603
26644
26688
26736
26786
26837
26887
26934
26979
27021
27060
27097
27132
27165
27195
27223
27248
27273
27298
27323
27348
27373
27398
27423
27448
27473
27498
27523
27548
27573
27598
27623
27648
27673
27698
27723
27748
27773
27798
27823
27848
27873
27898
27923
27948
27973
27998
28023
28048
28073
28098
28123
28148
28173
28198
28223
28248
28273
28298
28323
28348
28373
28398
28423
28448
28473
28498
28523
28548
28573
28598
28623
28648
28673
28698
28723
28748
28773
28798
28823
28848
28873
28898
28923
28948
28973
28998
29023
29048
29073
29098
29123
29148
29173
29198
29223
29249
29274
29299
29324
29349
29374
29399
29424
29449
29474
29499
29524
29549
29574
29599
29624
29649
29674
29699
29724
29749
29774
29799
29824
29849
29874
29899
29924
29949
29974
29999
30024
30049
30074
30099
30124
30149
30174
30199
30224
30249
30274
30299
30324
30349
30374
30399
30424
30449
30474
30499
30524
30549
30574
30599
30624
30649
30674
30699
30724
30749
30774
30799
30824
30849
30874
30899
30924
30949
30974
30999
31024
31049
31074
31099
31124
31149
31174
31199
31224
31249
31274
31299
31324
31349
31374
31399
31424
31449
31474
31499
31524
31549
31574
31599
31624
31650
31675
31700
31725
31750
31775
31800
31826
31851
31876
31901
31926
31951
31976
32001
32026
32051
32076
32101
32126
32151
32176
32201
32226
32251
32276
32301
32326
32351
32376
32401
32426
32451
32476
32501
32526
32551
32576
32601
32626
32651
32676
32701
32726
32751
32776
32801
32826
32851
32876
32901
32926
32951
32976
33001
33026
33051
33077
33102
33127
33152
33177
33202
33227
33252
33277
33302
33327
33352
33377
33402
33427
33452
33477
33502
33527
33552
33577
33602
33627
33652
33677
33702
33727
33752
33777
33802
33827
33852
33877
33902
33927
33952
33977
34002
34027
34052
34077
34102
34127
34152
34177
34202
34227
34252
34277
34302
34327
34352
34377
34402
34427
34452
34477
34502
34527
34552
34577
34602
34627
34652
34677
34702
34727
34752
34779
34808
34840
34874
34911
34951
34991
35029
35065
35096
35121
35146
35171
35196
35221
35247
35272
35297
35322
35347
35372
35397
35422
35447
35472
35497
35522
35547
35572
35597
35622
35647
35672
35697
35722
35747
35772
35797
35822
35847
35872
35897
35922
35947
35972
35997
36022
36047
36072
36097
36122
36147
36172
36197
36222
36247
36273
36298
36323
36348
36373
36398
36423
36448
36473
36499
36524
36550
36575
36602
36630
36657
36683
36708
36733
36758
36783
36808
36833
36858
36883
36908
36933
36958
36983
37008
37033
37058
37083
37108
37133
37158
37183
37208
37233
37258
37283
37308
37333
37358
37383
37408
37433
37458
37483
37508
37533
37558
37583
37608
37633
37658
37683
37708
37733
37758
37783
37808
37833
37858
37883
37908
37933
37958
37983
38008
38033
38058
38083
38108
38133
38158
38183
38208
38233
38258
38283
38308
38333
38358
38383
38408
38433
38458
38483
38508
38537
38568
38596
38621
38646
38671
38696
38721
38746
38771
38796
38821
38846
38871
38897
38922
38947
38972
38997
39022
39047
39072
39097
39122
39147
39172
39197
39222
39247
39272
39297
39322
39347
39372
39397
39422
39447
39472
39497
39523
39561
39608
39663
39719
39771
39814
39841
39866
39891
39921
39961
40008
40061
40119
40179
40241
40303
40362
40415
40457
40485
40510
40535
40560
40585
40610
40635
40660
40685
40710
40735
40760
40785
40810
40835
40860
40885
40910
40935
40960
40985
41027
41086
41158
41243
41335
41433
41532
41631
41726
41815
41897
41973
42042
42105
42164
42218
42269
42313
42350
42375
42400
42425
42450
42488
42545
42620
42713
42822
42945
43083
43233
43392
43557
43725
43894
44062
44226
44388
44543
44691
44826
44945
45043
45118
45167
45193
45218
45243
45289
45353
45437
45540
45659
45791
45933
46079
46226
46373
46516
46653
46785
46914
47041
47167
47293
47422
47554
47688
47823
47956
48085
48208
48327
48441
48551
48657
48759
48854
48939
49011
49070
49116
49152
49179
49204
49229
49254
49281
49325
49385
49458
49537
49620
49704
49785
49863
49938
50012
50088
50168
50250
50331
50410
50485
50555
50619
50678
50733
50788
50844
50905
50971
51041
51114
51184
51249
51305
51352
51390
51422
51447
51472
51497
51522
51547
51572
51597
51622
51647
51672
51697
51722
51747
51772
51797
51822
51847
51872
51897
51922
51947
51972
52002
52039
52082
52132
52187
52247
52309
52369
52426
52476
52518
52548
52573
52598
52623
52648
52685
52732
52788
52852
52921
52997
53076
53156
53231
53298
53352
53392
53418
53443
53468
53493
53518
53551
53587
53624
53656
53682
53707
53732
53757
53782
53807
53835
53867
53904
53943
53983
54020
54049
54074
54099
54124
54151
54192
54245
54308
54376
54447
54518
54588
54655
54717
54774
54825
54869
54907
54939
54964
54989
55014
55039
55064
55089
55114
55139
55164
55189
55214
55239
55264
55289
55314
55339
55364
55389
55414
55439
55464
55489
55514
55539
55564
55589
55614
55639
55664
55689
55714
55739
55764
55789
55814
55839
55864
55889
55914
55939
55964
55992
56026
56069
56123
56189
56265
56349
56439
56529
56617
56700
56777
56847
56909
56962
57008
57047
57080
57107
57132
57157
57182
57207
57232
57257
57282
57307
57332
57357
57383
57408
57433
57461
57499
57549
57612
57688
57775
57872
57975
58080
58185
58285
58379
58464
58541
58610
58671
58724
58771
58812
58847
58876
58901
58926
58951
58976
59001
59026
59051
59076
59101
59126
59151
59176
59201
59226
59251
59276
59301
59326
59351
59376
59401
59426
59451
59477
59510
59551
59602
59662
59729
59803
59879
59957
60032
60104
60170
60228
60275
60310
60335
60360
60385
60410
60435
60460
60485
60510
60535
60560
60585
60610
60635
60660
60685
60710
60735
60760
60785
60810
60835
60860
60885
60913
60948
60986
61024
61058
61085
61110
61135
61160
61185
61210
61235
61260
61285
61312
61340
61368
61393
61418
61443
61468
61493
61518
61543
61569
61595
61620
61645
61670
61695
61720
61745
61770
61795
61820
61845
61870
61895
61920
61951
61990
62034
62084
62137
62194
62254
62318
62382
62446
62508
62567
62619
62662
62693
62718
62743
62768
62793
62818
62843
62868
62893
62918
62943
62968
62993
63021
63054
63093
63138
63190
63248
63312
63384
63459
63533
63602
63661
63708
63741
63766
63791
63816
63841
63866
63891
63916
63941
63970
64001
64032
64063
64094
64125
64156
64187
64218
64248
64275
64300
64325
64350
64376
64401
64426
64451
64476
64505
64538
64573
64609
64642
64670
64695
64720
64745
64770
64795
64821
64851
64884
64918
64951
64982
65007
65032
65057
65082
65107
65132
65157
65182
65207
65232
65257
65282
65311
65346
65384
65425
65465
65503
65537
65569
65600
65630
65661
65691
65719
65744
65769
65794
65819
65844
65869
65894
65920
65947
65975
66001
66028
66056
66085
66114
66143
66169
66194
66219
66244
66269
66294
66319
66344
66369
66394
66419
66444
66469
66494
66519
66544
66569
66594
66620
66648
66680
66715
66753
66792
66832
66872
66909
66944
66976
67002
67027
67052
67077
67102
67132
67172
67221
67275
67331
67387
67442
67493
67540
67581
67616
67646
67673
67698
67723
67749
67776
67804
67832
67858
67883
67908
67933
67958
67983
68008
68033
68059
68084
68109
68135
68162
68188
68214
68240
68266
68292
68318
68346
68375
68405
68436
68467
68498
68527
68555
68580
68605
68630
68655
68680
68705
68730
68755
68780
68805
68830
68855
68881
68906
68931
68956
68981
69006
69031
69056
69081
69106
69131
69156
69181
69206
69231
69256
69281
69306
69331
69356
69381
69406
69431
69456
69481
69506
69531
69556
69581
69606
69631
69656
69681
69706
69731
69756
69781
69806
69831
69856
69881
69906
69931
69956
69981
70006
70031
70056
70081
70106
70131
70156
70181
70206
70231
70256
70281
70306
70331
70356
70381
70412
70450
70494
70541
70589
70635
70678
70716
70749
70776
70801
70826
70851
70876
70901
70926
70951
70976
71001
71026
71051
71076
71101
71126
71151
71176
71203
71229
71255
71280
71305
71330
71355
71380
71405
71430
71455
71480
71505
71530
71555
71580
71605
71630
71655
71680
71705
71730
71755
71780
71805
71830
71855
71880
71905
71930
71955
71980
72005
72030
72055
72080
72105
72130
72155
72180
72205
72230
72255
72280
72305
72333
72363
72394
72425
72456
72487
72519
72551
72580
72607
72632
72657
72682
72707
72732
72757
72783
72808
72833
72858
72883
72908
72933
72958
72984
73012
73042
73074
73106
73139
73172
73203
73232
73260
73285
73310
73335
73360
73385
73410
73435
73460
73485
73510
73535
73560
73585
73610
73635
73660
73685
73710
73735
73760
73785
73810
73835
73860
73885
73910
73935
73960
73985
74010
74035
74060
74085
74110
74135
74160
74185
74210
74235
74260
74285
74310
74335
74360
74385
74410
74435
74460
74485
74510
74535
74560
74585
74610
74635
74660
74685
74710
74735
74760
74785
74810
74835
74860
74885
74910
74935
74960
74985
75010
75035
75060
75085
75110
75135
75160
75185
75210
75235
75260
75285
75310
75335
75360
75385
75410
75435
75460
75485
75510
75535
75560
75585
75610
75635
75660
75685
75710
75735
75760
75785
75810
75835
75860
75885
75910
75935
75960
75985
76010
76035
76060
76085
76110
76135
76160
76188
76217
76248
76277
76303
76328
76353
76378
76403
76428
76453
76478
76503
76528
76553
76578
76603
76628
76653
76678
76703
76728
76753
76778
76803
76828
76853
76878
76903
76928
76953
76978
77003
77028
77053
77078
77103
77128
77153
77178
77203
77228
77253
77278
77303
77328
77353
77378
77403
77428
77453
77478
77503
77528
77553
77578
77603
77628
77653
77678
77703
77728
77753
77778
77803
77828
77853
77880
77909
77939
77969
77999
78028
78057
78086
78115
78143
78171
78198
78224
78249
78274
78299
78324
78349
78374
78399
78424
78449
78474
78499
78524
78549
78574
78599
78624
78649
78674
78699
78724
78749
78774
78800
78826
78853
78881
78909
78938
78967
78995
79022
79047
79072
79097
79122
79147
79172
79197
79222
79247
79272
79297
79322
79347
79372
79397
79422
79447
79472
79497
79522
79547
79572
79597
79622
79647
79672
79697
79722
79747
79772
79797
79822
79847
79872
79897
79922
79947
79972
79997
80022
80047
80072
80097
80122
80147
80172
80197
80222
80247
80272
80297
80322
80347
80372
80397
80423
80450
80477
80505
80532
80558
80583
80608
80633
80658
80683
80708
80733
80758
80783
80808
80833
80858
80884
80909
80934
80959
80984
81009
81034
81059
81084
81109
81134
81159
81184
81210
81235
81260
81285
81310
81335
81360
81385
81410
81435
81461
81489
81517
81544
81569
81594
81619
81644
81669
81694
81719
81744
81769
81794
81819
81844
81869
81894
81919
81944
81969
81994
82019
82044
82069
82094
82119
82144
82169
82194
82219
82244
82269
82294
82319
82344
82369
82394
82419
82444
82469
82494
82519
82544
82569
82594
82619
82644
82669
82694
82719
82744
82769
82794
82819
82844
82869
82894
82919
82944
82969
82994
83019
83044
83069
83094
83119
83144
83169
83194
83219
83244
83269
83294
83319
83344
83374
83413
83458
83505
83553
83600
83645
83686
83724
83757
83783
83808
83833
83858
83883
83908
83933
83958
83983
84008
84033
84058
84083
84108
84133
84158
84183
84208
84233
84258
84283
84308
84333
84358
84383
84408
84433
84458
84483
84508
84533
84558
84583
84608
84633
84658
84683
84708
84733
84758
84783
84808
84833
84858
84883
84908
84933
84958
84983
85009
85034
85059
85084
85109
85134
85159
85184
85209
85234
85259
85285
85310
85335
85360
85385
85410
85435
85460
85485
85510
85535
85560
85585
85610
85635
85660
85685
85710
85735
85760
85785
85810
85835
85860
85885
85910
85935
85960
85985
86010
86035
86061
86086
86111
86136
86161
86186
86211
86236
86261
86286
86311
86336
86361
86386
86411
86436
86461
86486
86511
86536
86561
86586
86611
86636
86661
86686
86711
86738
86765
86792
86817
86842
86867
86892
86917
86942
86967
86992
87017
87042
87067
87092
87117
87142
87167
87192
87217
87242
87267
87292
87317
87342
87367
87392
87417
87442
87467
87492
87517
87542
87567
87592
87617
87642
87667
87692
87717
87742
87767
87792
87817
87842
87867
87892
87917
87942
87967
87992
88017
88042
88067
88092
88117
88142
88167
88192
88217
88242
88267
88292
88317
88342
88368
88393
88418
88443
88468
88493
88518
88543
88568
88593
88618
88643
88668
88693
88718
88743
88768
88793
88818
88843
88868
88893
88918
88943
88968
88993
89018
89043
89068
89093
89118
89143
89168
89193
89218
89243
89268
89293
89318
89343
89368
89393
89418
89443
89468
89493
89518
89543
89568
89593
89618
89643
89668
89693
89718
89743
89768
89793
89818
89843
89868
89893
89918
89943
89968
89993
90018
90043
90068
90093
90118
90143
90168
90193
90218
90243
90268
90293
90318
90343
90368
90393
90418
90443
90468
90493
90518
90543
90568
90593
90618
90643
90668
90693
90718
90743
90768
90793
90818
90843
90868
90893
90918
90943
90968
90993
91018
91043
91068
91093
91118
91143
91168
91193
91218
91243
91268
91293
91318
91343
91368
91393
91418
91443
91468
91493
91518
91543
91568
91593
91618
91643
91668
91693
91718
91743
91768
91793
91818
91843
91868
91893
91918
91943
91968
91993
92018
92043
92068
92093
92118
92143
92168
92193
92218
92243
92268
92293
92318
92343
92368
92393
92418
92443
92468
92493
92518
92543
92568
92593
92618
92643
92668
92693
92718
92743
92768
92793
92818
92843
92868
92893
92918
92943
92968
92993
93018
93043
93068
93093
93118
93143
93168
93193
93218
93243
93268
93293
93318
93343
93368
93393
93418
93443
93468
93493
93518
93543
93568
93593
93618
93643
93668
93693
93718
93743
93768
93793
93818
93843
93868
93893
93918
93943
93968
93993
94018
94043
94068
94093
94118
94143
94168
94193
94218
94243
94268
94293
94318
94343
94368
94393
94418
94443
94468
94493
94518
94543
94568
94593
94618
94643
94668
94693
94718
94743
94768
94793
94818
94843
94868
94893
94918
94943
94968
94993
95018
95043
95068
95093
95118
95143
95168
95193
95218
95243
95268
95293
95318
95343
95368
95393
95418
95443
95468
95493
95518
95543
95568
95593
95618
95643
95668
95693
95718
95743
95768
95793
95818
95843
95868
95893
95918
95943
95968
95993
96018
96043
96068
96093
96118
96143
96168
96193
96218
96243
96268
96293
96318
96343
96368
96393
96418
96443
96468
96493
96518
96543
96568
96593
96618
96643
96668
96693
96718
96743
96768
96793
96818
96843
96868
96893
96918
96943
96968
96993
97018
97043
97068
97093
97118
97143
97168
97193
97218
97243
97268
97293
97318
97343
97368
97393
97418
97443
97468
97493
97518
97543
97568
97593
97618
97643
97668
97693
97718
97743
97768
97793
97818
97843
97868
97893
97918
97943
97968
97993
98018
98043
98068
98093
98118
98143
98168
98193
98218
98243
98268
98293
98318
98343
98368
98393
98418
98443
98468
98493
98518
98543
98568
98593
98618
98643
98668
98693
98718
98743
98768
98793
98818
98843
98868
98893
98918
98943
98968
98993
99018
99043
99068
99093
99118
99143
99168
99193
99218
99243
99268
99293
99318
99343
99368
99393
99418
99443
99468
99493
99518
99543
99568
99593
99618
99643
99668
99693
99718
99743
99768
99793
99818
99843
99868
99893
99918
99943
99968
99993
100018
100043
100068
100093
100118
100143
100168
100193
100218
100243
100268
100293
100318
100343
100368
100393
100418
100443
100468
100493
100518
100543
100568
100593
100618
100643
100668
100693
100718
100743
100768
100793
100818
100843
100868
100893
100918
100943
100968
100993
101018
101043
101068
101093
101118
101143
101168
101193
101218
101243
101268
101293
101318
101343
101368
101393
101418
101443
101468
101493
101518
101543
101568
101593
101618
101643
101668
101693
101718
101743
101768
101793
101818
101843
101868
101893
101918
101943
101968
101993
102018
102043
102068
102093
102118
102143
102168
102193
102218
102243
102268
102293
102318
102343
102368
102393
102418
102443
102468
102493
102518
102543
102568
102593
102618
102643
102668
102693
102718
102743
102768
102793
102818
102843
102868
102893
102918
102943
102968
102993
103018
103043
103068
103093
103118
103143
103168
103193
103218
103243
103268
103293
103318
103343
103368
103393
103418
103443
103468
103493
103518
103543
103568
103593
103618
103643
103668
103693
103718
103743
103769
103794
103819
103844
103869
103894
103919
103944
103969
103994
104019
104044
104069
104094
104119
104144
104169
104194
104219
104244
104269
104294
104319
104344
104369
104394
104419
104444
104469
104494
104519
104544
104569
104594
104619
104644
104669
104694
104719
104744
104769
104794
104819
104844
104869
104894
104919
104944
104969
104995
105020
105045
105070
105095
105120
105145
105170
105195
105220
105245
105270
105295
105320
105345
105371
105396
105421
105446
105471
105496
105521
105546
105571
105596
105621
105646
105671
105696
105721
105746
105771
105796
105821
105846
105871
105896
105921
105946
105971
105996
106021
106046
106072
106097
106122
106147
106172
106197
106222
106247
106272
106297
106322
106347
106372
106397
106422
106447
106472
106497
106522
106547
106572
106597
106622
106647
106672
106697
106722
106747
106772
106797
106822
106847
106872
106897
106922
106947
106972
106997
107022
107047
107072
107097
107122
107147
107172
107197
107222
107247
107272
107297
107322
107347
107372
107397
107422
107447
107472
107497
107522
107547
107572
107597
107622
107647
107672
107697
107722
107747
107772
107797
107822
107847
107872
107897
107922
107947
107972
107997
108022
108047
108072
108097
108122
108147
108172
108197
108222
108247
108272
108297
108322
108347
108372
108397
108422
108447
108472
108497
108522
108547
108572
108597
108622
108647
108672
108697
108722
108747
108772
108797
108822
108847
108872
108897
108922
108947
108972
108997
109022
109047
109072
109097
109122
109147
109172
109197
109222
109247
109272
109297
109322
109347
109372
109397
109422
109447
109472
109497
109522
109547
109572
109597
109622
109647
109672
109697
109722
109747
109772
109797
109822
109847
109872
109897
109922
109947
109972
109997
110022
110047
110072
110097
110122
110147
110172
110197
110222
110247
110272
110297
110322
110347
110372
110397
110422
110447
110472
110497
110522
110547
110572
110597
110622
110647
110672
110697
110722
110747
110772
110797
110822
110848
110873
110898
110923
110948
110973
110998
111023
111048
111073
111098
111123
111148
111173
111198
111223
111248
111273
111298
111323
111348
111373
111398
111423
111448
111473
111498
111523
111548
111573
111598
111623
111648
111673
111698
111723
111748
111773
111798
111823
111849
111874
111899
111924
111949
111974
111999
112024
112049
112074
112099
112124
112149
112174
112199
112224
112249
112274
112299
112324
112349
112374
112399
112424
112449
112474
112499
112524
112549
112574
112599
112624
112649
112674
112699
112724
112749
112774
112799
112824
112849
112874
112899
112924
112949
112974
112999
113024
113049
113074
113099
113124
113149
113174
113199
113224
113249
113274
113299
113324
113349
113374
113399
113424
113449
113474
113499
113524
113549
113574
113599
113624
113649
113674
113699
113724
113749
113774
113799
113824
113849
113874
113899
113924
113949
113974
113999
114024
114049
114074
114099
114124
114149
114174
114199
114224
114249
114274
114299
114324
114349
114374
114399
114424
114449
114474
114499
114524
114549
114574
114599
114624
114649
114674
114699
114724
114749
114774
114799
114824
114849
114874
114899
114924
114949
114974
114999
115024
115049
115074
115099
115124
115149
115174
115199
115224
115249
115274
115299
115324
115349
115374
115399
115424
115449
115474
115499
115524
115549
115574
115599
115624
115649
115674
115699
115724
115749
115774
115799
115824
115849
115874
115899
115924
115949
115974
115999
116024
116049
116074
116099
116124
116149
116174
116199
116224
116249
116274
116299
116324
116349
116374
116399
116424
116449
116474
116499
116524
116549
116574
116599
116624
116649
116674
116699
116724
116749
116774
116799
116824
116849
116874
116899
116924
116949
116974
116999
117024
117049
117074
117099
117124
117149
117174
117199
117224
117249
117274
117299
117324
117349
117374
117399
117424
117449
117474
117499
117524
117549
117574
117599
117624
117649
117674
117699
117724
117749
117774
117799
117824
117849
117874
117899
117924
117949
117974
117999
118024
118049
118074
118099
118124
118149
118174
118199
118224
118249
118274
118299
118324
118349
118374
118399
118424
118449
118474
118499
118524
118549
118574
118599
118624
118649
118674
118699
118724
118749
118774
118799
118824
118849
118874
118899
118924
118949
118974
118999
119024
119049
119074
119099
119124
119149
119174
119199
119224
119249
119274
119299
119324
119349
119374
119399
119424
119449
119474
119499
119524
119549
119574
119599
119624
119649
119674
119699
119724
119749
119774
119799
119824
119849
119874
119899
119924
119949
119974
119999
120024
120049
120074
120099
120124
120149
120174
120199
120224
120249
120274
120299
120324
120349
120374
120399
120424
120450
120475
120500
120525
120550
120575
120600
120625
120650
120675
120700
120725
120750
120775
120800
120825
120850
120875
120900
120925
120950
120975
121000
121025
121050
121075
121100
121125
121150
121175
121200
121225
121250
121275
121300
121325
121350
121375
121400
121426
121451
121476
121501
121526
121551
121576
121601
121626
121651
121676
121701
121726
121751
121776
121801
121826
121851
121876
121901
121926
121951
121976
122001
122026
122051
122076
122101
122126
122151
122176
122201
122226
122251
122276
122301
122326
122351
122376
122401
122426
122451
122476
122501
122526
122551
122576
122601
122626
122651
122676
122701
122726
122751
122776
122801
122826
122851
122876
122901
122926
122951
122976
123001
123026
123052
123077
123102
123127
123152
123177
123202
123227
123252
123277
123302
123327
123352
123377
123402
123427
123452
123477
123502
123527
123552
123577
123602
123627
123652
123677
123702
123727
123752
123777
123802
123827
123852
123877
123902
123927
123952
123977
124002
124027
124052
124077
124102
124127
124152
124177
124202
124227
124252
124277
124302
124327
124352
124377
124402
124427
124452
124477
124502
124527
124552
124577
124602
124627
124652
124677
124702
124727
124752
124777
124802
124827
124852
124877
124902
124927
124952
124977
125002
125027
125052
125077
125102
125127
125152
125177
125202
125227
125252
125277
125302
125327
125352
125377
125402
125427
125452
125477
125502
125527
125552
125577
125602
125627
125652
125677
125702
125727
125752
125777
125802
125827
125852
125877
125902
125927
125952
125977
126003
126028
126053
126078
126103
126128
126153
126178
126203
126228
126253
126278
126303
126328
126353
126378
126403
126428
126453
126478
126503
126528
126553
126578
126603
126628
126653
126678
126703
126728
126753
126778
126803
126828
126853
126878
126903
126928
126953
126978
127003
127028
127053
127078
127103
127128
127153
127178
127203
127228
127253
127278
127303
127328
127353
127378
127403
127428
127453
127478
127503
127528
127553
127579
127604
127629
127654
127679
127704
127729
127754
127779
127804
127829
127854
127879
127904
127929
127954
127979
128004
128029
128054
128079
128104
128129
128154
128180
128205
128230
128255
128280
128305
128330
128355
128380
128405
128430
128455
128480
128505
128530
128555
128580
128605
128630
128655
128680
128705
128730
128755
128780
128805
128830
128855
128880
128905
128930
128955
128980
129005
129030
129055
129080
129105
129130
129155
129180
129205
129230
129255
129280
129305
129330
129355
129380
129405
129430
129455
129480
129505
129530
129555
129580
129605
129630
129655
129680
129705
129730
129755
129780
129805
129830
129855
129880
129905
129930
129955
129980
130005
130030
130055
130080
130105
130130
130155
130180
130205
130230
130255
130280
130305
130330
130355
130380
130405
130430
130455
130480
130505
130530
130555
130580
130605
130630
130655
130680
130705
130730
130755
130780
130805
130830
130855
130880
130905
130930
130955
130980
131005
131030
131055
131080
131105
131130
131155
131180
131205
131230
131255
131280
131305
131330
131355
131380
131405
131431
131456
131481
131506
131531
131556
131581
131606
131631
131656
131681
131706
131731
131756
131781
131806
131831
131856
131881
131906
131931
131956
131981
132006
132032
132057
132082
132107
132132
132157
132182
132207
132233
132258
132283
132308
132333
132358
132383
132408
132433
132458
132483
132508
132533
132558
132583
132608
132633
132658
132683
132708
132733
132758
132783
132808
132833
132858
132883
132908
132933
132958
132983
133008
133033
133058
133083
133108
133133
133158
133183
133208
133233
133258
133283
133308
133333
133358
133383
133408
133433
133458
133483
133508
133533
133558
133583
133608
133633
133658
133683
133708
133733
133758
133783
133808
133833
133858
133883
133908
133933
133958
133983
134008
134033
134058
134083
134108
134133
134158
134183
134208
134233
134258
134283
134308
134333
134358
134383
134408
134433
134458
134483
134508
134533
134558
134583
134608
134633
134658
134683
134708
134733
134758
134783
134808
134833
134858
134883
134908
134933
134958
134983
135008
135033
135058
135083
135108
135133
135158
135183
135208
135233
135258
135283
135308
135333
135358
135383
135408
135433
135458
135483
135508
135533
135558
135584
135609
135634
135659
135684
135709
135734
135759
135784
135809
135834
135859
135884
135909
135934
135959
135984
136009
136034
136059
136084
136109
136134
136159
136184
136209
136234
136259
136284
136309
136334
136359
136384
136409
136434
136459
136484
136509
136534
136559
136584
136609
136634
136659
136684
136709
136734
136759
136784
136809
136834
136859
136884
136909
136934
136959
136984
137009
137034
137059
137084
137109
137134
137159
137184
137209
137234
137259
137284
137309
137334
137359
137384
137410
137435
137460
137485
137510
137535
137560
137585
137610
137635
137660
137685
137710
137735
137760
137785
137810
137835
137860
137885
137910
137935
137960
137985
138010
138035
138060
138085
138110
138135
138160
138185
138210
138235
138260
138285
138310
138335
138360
138385
138410
138435
138460
138485
138510
138535
138560
138585
138610
138635
138660
138685
138710
138735
138760
138785
138810
138835
138860
138885
138910
138935
138960
138985
139010
139035
139060
139085
139110
139135
139160
139185
139210
139235
139260
139285
139310
139335
139360
139385
139410
139435
139460
139485
139510
139535
139560
139585
139610
139635
139660
139685
139710
139735
139760
139785
139810
139835
139860
139885
139910
139935
139960
139985
140010
140035
140060
140085
140110
140135
140160
140185
140210
140235
140260
140285
140310
140335
140360
140385
140410
140435
140460
140485
140510
140535
140560
140585
140610
140635
140660
140685
140710
140735
140760
140785
140810
140835
140860
140885
140910
140935
140960
140985
141010
141035
141060
141085
141111
141136
141161
141186
141211
141236
141261
141286
141311
141336
141361
141386
141411
141436
