0, 4.89368
1, -4.19474
2, -6.19474
3, 0.849472
4, 0.849472
5, -0.150528
6, -5.19474
7, 1.84947
8, 2.87158
9, 3.87158
10, 6.91579
11, 3.87158
12, 3.87158
13, 3.87158
14, 10.96
15, 5.91579
16, 13.9821
17, 4.91579
18, 9.96
19, 10.9821
20, 20.0484
21, 15.0042
22, 17.0263
23, 19.0484
24, 23.0926
25, 22.0705
26, 22.0926
27, 20.0484
28, 23.1147
29, 20.0484
30, 25.1147
31, 25.1147
32, 25.1147
33, 25.1147
34, 28.1368
35, 33.2253
36, 35.2253
37, 29.159
38, 27.1368
39, 34.2253
40, 35.2253
41, 34.2032
42, 36.2695
43, 35.2253
44, 43.3137
45, 44.3137
46, 42.3137
47, 49.38
48, 45.3358
49, 45.3358
50, 47.3579
51, 51.4021
52, 47.3579
53, 50.4021
54, 46.3579
55, 57.4684
56, 52.4021
57, 55.4463
58, 57.4684
59, 61.5126
60, 59.4905
61, 55.4684
62, 57.4684
63, 56.4905
64, 58.4905
65, 63.5347
66, 62.5126
67, 64.5569
68, 62.5126
69, 63.5569
70, 68.579
71, 65.5569
72, 65.579
73, 76.6674
74, 73.6453
75, 73.6453
76, 78.7116
77, 72.6232
78, 72.6453
79, 77.6895
80, 75.6674
81, 79.7116
82, 79.7337
83, 75.6674
84, 82.7337
85, 82.7337
86, 82.7337
87, 84.7779
88, 81.7779
89, 84.7779
90, 87.8
91, 87.8221
92, 87.8
93, 93.8884
94, 94.8663
95, 88.8221
96, 89.8442
97, 93.8663
98, 98.9105
99, 93.8663
100, 98.9105
101, 96.9105
102, 98.9105
103, 96.9105
104, 100.933
105, 99.9548
106, 103.977
107, 103.977
108, 103.977
109, 103.977
110, 104.999
111, 109.021
112, 104.977
113, 109.021
114, 110.043
115, 103.977
116, 111.065
117, 114.087
118, 112.065
119, 116.087
120, 115.087
121, 114.087
122, 121.154
123, 118.132
124, 123.176
125, 120.132
126, 124.176
127, 126.22
128, 122.176
129, 120.154
130, 120.176
131, 124.22
132, 128.242
133, 126.22
134, 129.242
135, 129.242
136, 130.264
137, 131.264
138, 133.286
139, 127.22
140, 133.308
141, 136.331
142, 141.375
143, 138.353
144, 141.397
145, 140.375
146, 143.397
147, 143.397
148, 144.397
149, 147.441
150, 148.463
151, 145.441
152, 150.485
153, 150.485
154, 154.507
155, 153.507
156, 157.552
157, 144.419
158, 152.507
159, 157.552
160, 155.552
161, 158.574
162, 159.596
163, 160.574
164, 155.552
165, 163.64
166, 164.64
167, 162.64
168, 164.64
169, 168.684
170, 162.64
171, 169.684
172, 169.684
173, 169.706
174, 172.728
175, 173.728
176, 175.751
177, 176.773
178, 179.795
179, 176.773
180, 182.817
181, 178.795
182, 181.817
183, 182.817
184, 187.905
185, 180.839
186, 186.905
187, 182.839
188, 184.861
189, 183.883
190, 189.927
191, 192.972
192, 194.972
193, 195.972
194, 191.927
195, 194.972
196, 193.972
197, 195.994
198, 198.016
199, 200.016
200, 200.016
201, 203.06
202, 203.06
203, 203.06
204, 202.038
205, 204.06
206, 208.104
207, 206.082
208, 212.148
209, 208.104
210, 208.104
211, 216.193
212, 211.126
213, 213.171
214, 209.148
215, 213.171
216, 217.215
217, 212.148
218, 217.215
219, 218.237
220, 217.215
221, 222.259
222, 222.259
223, 219.237
224, 223.281
225, 225.303
226, 221.259
227, 223.259
228, 226.347
229, 226.303
230, 222.259
231, 228.347
232, 229.347
233, 233.392
234, 232.392
235, 239.458
236, 232.392
237, 231.392
238, 230.347
239, 235.414
240, 239.458
241, 237.414
242, 243.502
243, 241.48
244, 241.48
245, 244.502
246, 238.48
247, 249.546
248, 241.48
249, 244.502
250, 246.524
251, 240.48
252, 252.591
253, 253.613
254, 252.591
255, 251.591
256, 250.568
257, 254.613
258, 263.701
259, 254.635
260, 252.613
261, 256.657
262, 261.701
263, 260.679
264, 256.635
265, 259.679
266, 260.701
267, 265.745
268, 265.723
269, 264.767
270, 263.723
271, 267.767
272, 268.767
273, 269.79
274, 268.767
275, 272.812
276, 273.834
277, 275.856
278, 274.834
279, 273.834
280, 273.834
281, 278.878
282, 280.9
283, 272.834
284, 280.922
285, 281.922
286, 287.988
287, 285.966
288, 285.966
289, 287.988
290, 282.922
291, 280.9
292, 286.988
293, 292.033
294, 294.055
295, 290.011
296, 292.033
297, 291.033
298, 295.055
299, 293.055
300, 298.121
301, 298.099
302, 300.121
303, 298.099
304, 301.143
305, 299.121
306, 303.165
307, 309.21
308, 305.165
309, 310.232
310, 309.232
311, 308.21
312, 313.254
313, 316.298
314, 310.232
315, 314.298
316, 314.276
317, 313.254
318, 313.254
319, 316.298
320, 319.32
321, 320.342
322, 326.408
323, 318.342
324, 326.408
325, 323.364
326, 324.386
327, 328.431
328, 326.408
329, 325.386
330, 325.386
331, 330.453
332, 331.475
333, 333.475
334, 328.431
335, 333.475
336, 334.497
337, 338.519
338, 334.497
339, 338.563
340, 341.563
341, 332.475
342, 338.541
343, 342.563
344, 341.585
345, 344.607
346, 345.607
347, 345.63
348, 342.585
349, 347.652
350, 346.63
351, 350.674
352, 351.674
353, 352.696
354, 354.718
355, 350.674
356, 349.696
357, 355.718
358, 353.696
359, 356.74
360, 355.74
361, 354.718
362, 360.762
363, 362.806
364, 359.784
365, 359.806
366, 358.762
367, 361.784
368, 357.762
369, 369.873
370, 365.828
371, 363.806
372, 370.895
373, 370.895
374, 373.917
375, 373.917
376, 368.895
377, 372.939
378, 373.939
379, 373.917
380, 371.917
381, 375.939
382, 376.983
383, 378.983
384, 382.027
385, 379.983
386, 379.983
387, 382.005
388, 379.983
389, 387.072
390, 381.005
391, 383.027
392, 390.094
393, 392.116
394, 393.138
395, 391.116
396, 391.116
397, 391.138
398, 390.094
399, 399.204
400, 398.204
401, 396.182
402, 399.204
403, 394.182
404, 401.226
405, 401.226
406, 406.271
407, 403.249
408, 404.271
409, 406.293
410, 412.337
411, 404.271
412, 414.359
413, 408.293
414, 409.315
415, 413.337
416, 412.337
417, 412.337
418, 418.403
419, 417.403
420, 419.425
421, 417.381
422, 422.447
423, 422.447
424, 422.447
425, 427.514
426, 421.447
427, 426.492
428, 428.536
429, 429.536
430, 430.558
431, 423.492
432, 434.58
433, 430.558
434, 431.536
435, 431.558
436, 433.58
437, 436.602
438, 439.646
439, 437.624
440, 442.669
441, 443.691
442, 438.646
443, 445.713
444, 443.669
445, 442.735
446, 445.691
447, 446.713
448, 446.713
449, 452.779
450, 445.713
451, 451.801
452, 448.757
453, 459.867
454, 455.823
455, 452.779
456, 450.757
457, 462.89
458, 461.89
459, 462.89
460, 458.867
461, 459.867
462, 459.867
463, 465.934
464, 462.89
465, 472
466, 472
467, 465.934
468, 474.022
469, 465.956
470, 469.956
471, 465.912
472, 474.022
473, 472
474, 475.022
475, 475.022
476, 476.044
477, 476.044
478, 481.089
479, 477.066
480, 477.066
481, 479.066
482, 483.133
483, 487.177
484, 487.155
485, 485.133
486, 482.111
487, 487.155
488, 484.133
489, 487.133
490, 486.111
491, 491.199
492, 492.221
493, 496.243
494, 490.199
495, 490.199
496, 497.265
497, 493.243
498, 498.265
499, 499.31
500, 496.265
501, 498.287
502, 497.265
503, 495.265
504, 505.354
505, 502.354
506, 502.332
507, 505.376
508, 506.354
509, 507.376
510, 505.354
511, 507.42
512, 498.287
513, 510.442
514, 516.464
515, 514.464
516, 513.442
517, 518.509
518, 513.464
519, 512.442
520, 515.486
521, 519.509
522, 526.597
523, 525.575
524, 520.531
525, 524.575
526, 524.575
527, 527.597
528, 530.641
529, 533.685
530, 527.597
531, 528.619
532, 526.597
533, 539.73
534, 525.663
535, 536.707
536, 536.707
537, 534.685
538, 531.641
539, 542.752
540, 538.73
541, 538.73
542, 545.796
543, 536.707
544, 540.752
545, 543.796
546, 548.84
547, 548.84
548, 544.818
549, 549.84
550, 548.818
551, 552.884
552, 546.818
553, 557.929
554, 554.906
555, 557.951
556, 557.929
557, 558.951
558, 556.929
559, 557.929
560, 562.995
561, 566.017
562, 566.017
563, 565.039
564, 563.017
565, 567.061
566, 576.127
567, 571.083
568, 571.083
569, 570.083
570, 574.105
571, 574.105
572, 574.105
573, 575.127
574, 578.15
575, 579.172
576, 576.127
577, 585.238
578, 578.15
579, 584.238
580, 584.238
581, 579.172
582, 581.172
583, 583.216
584, 590.282
585, 587.282
586, 589.282
587, 588.282
588, 590.304
589, 588.282
590, 588.26
591, 594.349
592, 593.326
593, 595.349
594, 601.415
595, 597.371
596, 597.371
597, 598.393
598, 599.393
599, 595.349
600, 600.393
601, 606.459
602, 606.481
603, 601.415
604, 607.481
605, 605.459
606, 611.525
607, 605.459
608, 606.481
609, 611.525
610, 609.503
611, 609.503
612, 608.503
613, 617.592
614, 615.57
615, 615.57
616, 614.548
617, 616.592
618, 617.592
619, 623.658
620, 612.548
621, 617.592
622, 623.636
623, 619.614
624, 624.658
625, 630.724
626, 626.68
627, 628.702
628, 628.702
629, 632.746
630, 627.68
631, 628.746
632, 632.746
633, 627.702
634, 633.746
635, 633.769
636, 634.791
637, 637.813
638, 637.813
639, 640.835
640, 644.879
641, 636.791
642, 644.901
643, 640.857
644, 645.879
645, 644.923
646, 649.945
647, 651.945
648, 647.945
649, 648.923
650, 652.968
651, 650.945
652, 654.99
653, 652.99
654, 649.945
655, 652.968
656, 654.99
657, 658.034
658, 662.056
659, 653.056
660, 658.012
661, 665.1
662, 662.078
663, 664.078
664, 666.1
665, 663.1
666, 673.189
667, 667.144
668, 672.189
669, 675.211
670, 674.211
671, 674.211
672, 678.233
673, 672.166
674, 678.255
675, 673.211
676, 674.211
677, 678.255
678, 678.255
679, 679.277
680, 682.321
681, 681.277
682, 688.365
683, 685.343
684, 686.321
685, 689.365
686, 687.343
687, 692.365
688, 693.432
689, 691.388
690, 694.432
691, 693.41
692, 694.432
693, 695.454
694, 696.454
695, 699.476
696, 698.498
697, 702.52
698, 703.52
699, 699.52
700, 706.564
701, 704.542
702, 705.52
703, 706.564
704, 709.586
705, 708.586
706, 708.586
707, 707.586
708, 708.586
709, 713.631
710, 712.609
711, 713.631
712, 713.631
713, 715.631
714, 719.697
715, 712.631
716, 716.675
717, 717.697
718, 722.741
719, 723.763
720, 723.741
721, 721.741
722, 729.808
723, 731.852
724, 726.785
725, 727.763
726, 732.83
727, 722.741
728, 732.852
729, 734.874
730, 727.808
731, 730.808
732, 735.874
733, 731.808
734, 740.94
735, 734.874
736, 737.896
737, 735.896
738, 737.896
739, 747.006
740, 745.984
741, 753.051
742, 740.962
743, 739.918
744, 745.006
745, 745.984
746, 748.029
747, 753.073
748, 750.029
749, 751.051
750, 749.029
751, 755.095
752, 753.073
753, 754.095
754, 755.095
755, 757.117
756, 753.073
757, 761.161
758, 756.117
759, 758.117
760, 758.117
761, 762.161
762, 758.117
763, 761.161
764, 769.25
765, 765.228
766, 764.183
767, 766.205
768, 770.25
769, 766.228
770, 771.272
771, 777.316
772, 773.272
773, 775.316
774, 776.316
775, 778.338
776, 778.338
777, 777.316
778, 781.338
779, 781.36
780, 781.382
781, 783.404
782, 779.36
783, 786.449
784, 788.471
785, 789.449
786, 788.449
787, 786.449
788, 793.515
789, 785.426
790, 789.449
791, 792.493
792, 801.581
793, 792.537
794, 794.537
795, 802.603
796, 795.537
797, 800.581
798, 801.603
799, 808.67
800, 802.603
801, 802.625
802, 801.603
803, 806.625
804, 807.648
805, 810.67
806, 807.648
807, 809.692
808, 809.692
809, 812.736
810, 811.714
811, 813.714
812, 815.758
813, 812.714
814, 817.758
815, 821.824
816, 817.78
817, 822.824
818, 823.824
819, 819.824
820, 821.824
821, 824.869
822, 826.891
823, 827.891
824, 829.913
825, 832.935
826, 829.913
827, 830.957
828, 832.935
829, 832.913
830, 834.979
831, 837.979
832, 836.979
833, 839.001
834, 836.979
835, 840.023
836, 841.023
837, 842.045
838, 843.045
839, 838.001
840, 846.09
841, 844.068
842, 844.068
843, 849.112
844, 850.134
845, 852.156
846, 852.134
847, 849.112
848, 852.156
849, 853.156
850, 858.222
851, 856.2
852, 859.222
853, 855.178
854, 859.244
855, 863.267
856, 862.244
857, 862.267
858, 863.267
859, 862.267
860, 861.244
861, 865.311
862, 865.311
863, 866.311
864, 866.311
865, 868.333
866, 873.377
867, 868.333
868, 871.377
869, 872.399
870, 871.377
871, 874.399
872, 872.377
873, 877.443
874, 878.443
875, 879.443
876, 875.399
877, 880.465
878, 882.488
879, 884.51
880, 883.51
881, 885.532
882, 882.465
883, 884.51
884, 885.51
885, 884.51
886, 886.532
887, 886.532
888, 889.554
889, 895.62
890, 886.532
891, 896.642
892, 893.62
893, 905.731
894, 896.642
895, 897.664
896, 895.642
897, 897.642
898, 899.664
899, 903.731
900, 903.731
901, 903.753
902, 903.709
903, 906.753
904, 904.731
905, 904.731
906, 911.819
907, 910.797
908, 914.841
909, 910.797
910, 907.753
911, 914.841
912, 918.885
913, 916.841
914, 913.819
915, 913.797
916, 917.885
917, 922.908
918, 922.93
919, 917.885
920, 924.952
921, 922.93
922, 926.974
923, 928.974
924, 926.996
925, 926.974
926, 929.996
927, 923.952
928, 932.018
929, 933.04
930, 935.062
931, 935.062
932, 933.04
933, 939.107
934, 936.084
935, 940.107
936, 933.04
937, 941.129
938, 942.129
939, 945.151
940, 946.173
941, 947.195
942, 942.129
943, 954.261
944, 948.217
945, 956.283
946, 948.195
947, 956.283
948, 951.217
949, 957.305
950, 950.217
951, 954.283
952, 961.328
953, 961.35
954, 960.372
955, 963.372
956, 961.372
957, 966.394
958, 967.416
959, 967.416
960, 964.394
961, 965.394
962, 970.438
963, 973.46
964, 974.504
965, 967.416
966, 973.46
967, 973.482
968, 978.549
969, 973.482
970, 976.504
971, 975.527
972, 980.549
973, 979.527
974, 979.549
975, 981.549
976, 980.571
977, 983.593
978, 981.571
979, 980.549
980, 987.637
981, 986.615
982, 984.615
983, 987.637
984, 993.681
985, 990.659
986, 991.659
987, 997.748
988, 993.703
989, 996.725
990, 993.703
991, 998.77
992, 997.748
993, 999.77
994, 999.77
995, 999.748
996, 1005.81
997, 1003.79
998, 1009.86
999, 1005.84
1000, 1006.84
1001, 1011.88
1002, 1006.86
1003, 1011.9
1004, 1004.84
1005, 1009.9
1006, 1005.86
1007, 1008.86
1008, 1014.95
1009, 1015.95
1010, 1018.99
1011, 1016.95
1012, 1014.95
1013, 1017.97
1014, 1020.99
1015, 1019.99
1016, 1022.01
1017, 1023.01
1018, 1020.99
1019, 1021.99
1020, 1021.99
1021, 1030.08
1022, 1028.08
1023, 1027.06
1024, 1029.12
1025, 1026.06
1026, 1031.1
1027, 1033.12
1028, 1033.15
1029, 1035.15
1030, 1042.23
1031, 1032.12
1032, 1037.17
1033, 1037.19
1034, 1035.17
1035, 1043.23
1036, 1041.21
1037, 1039.23
1038, 1046.28
1039, 1046.28
1040, 1047.28
1041, 1048.3
1042, 1047.28
1043, 1048.3
1044, 1050.32
1045, 1053.37
1046, 1054.37
1047, 1054.37
1048, 1051.34
1049, 1059.41
1050, 1060.43
1051, 1055.39
1052, 1056.39
1053, 1060.43
1054, 1061.43
1055, 1060.41
1056, 1065.5
1057, 1052.34
1058, 1068.52
1059, 1062.48
1060, 1065.48
1061, 1077.61
1062, 1064.5
1063, 1066.5
1064, 1075.59
1065, 1064.48
1066, 1074.59
1067, 1076.61
1068, 1073.59
1069, 1077.63
1070, 1075.59
1071, 1076.61
1072, 1079.63
1073, 1077.65
1074, 1078.63
1075, 1085.7
1076, 1082.65
1077, 1086.72
1078, 1085.72
1079, 1087.74
1080, 1089.74
1081, 1088.72
1082, 1088.74
1083, 1095.81
1084, 1092.76
1085, 1097.85
1086, 1094.81
1087, 1095.83
1088, 1098.83
1089, 1098.85
1090, 1099.85
1091, 1101.9
1092, 1100.85
1093, 1098.85
1094, 1100.87
1095, 1100.87
1096, 1102.92
1097, 1105.92
1098, 1104.9
1099, 1109.96
1100, 1109.96
1101, 1116.03
1102, 1104.94
1103, 1109.96
1104, 1108.96
1105, 1111.99
1106, 1113.01
1107, 1114.01
1108, 1116.03
1109, 1118.05
1110, 1119.05
1111, 1117.05
1112, 1118.05
1113, 1121.1
1114, 1119.1
1115, 1122.1
1116, 1124.14
1117, 1124.12
1118, 1125.14
1119, 1127.16
1120, 1127.16
1121, 1130.18
1122, 1127.14
1123, 1131.21
1124, 1129.18
1125, 1129.18
1126, 1127.16
1127, 1135.25
1128, 1137.27
1129, 1136.25
1130, 1140.32
1131, 1132.21
1132, 1140.32
1133, 1142.32
1134, 1140.29
1135, 1141.29
1136, 1140.29
1137, 1144.34
1138, 1142.32
1139, 1155.47
1140, 1136.27
1141, 1149.41
1142, 1152.43
1143, 1148.41
1144, 1152.43
1145, 1151.43
1146, 1152.43
1147, 1152.43
1148, 1153.45
1149, 1152.45
1150, 1156.49
1151, 1157.49
1152, 1159.52
1153, 1156.49
1154, 1159.52
1155, 1162.54
1156, 1163.56
1157, 1162.54
1158, 1162.54
1159, 1159.52
1160, 1167.58
1161, 1166.6
1162, 1165.58
1163, 1169.65
1164, 1174.67
1165, 1171.65
1166, 1171.65
1167, 1174.69
1168, 1178.71
1169, 1178.71
1170, 1175.69
1171, 1173.67
1172, 1176.69
1173, 1177.71
1174, 1179.74
1175, 1184.78
1176, 1181.74
1177, 1183.78
1178, 1188.85
1179, 1187.83
1180, 1188.83
1181, 1186.8
1182, 1185.8
1183, 1189.85
1184, 1195.91
1185, 1190.87
1186, 1192.87
1187, 1195.91
1188, 1196.91
1189, 1196.91
1190, 1200.98
1191, 1198.96
1192, 1198.96
1193, 1201.96
1194, 1202.98
1195, 1202.98
1196, 1205
1197, 1207.02
1198, 1203
1199, 1211.07
1200, 1208.02
1201, 1210.07
1202, 1212.09
1203, 1213.09
1204, 1218.16
1205, 1213.11
1206, 1215.11
1207, 1211.09
1208, 1220.18
1209, 1216.14
1210, 1217.14
1211, 1218.16
1212, 1221.22
1213, 1219.16
1214, 1223.22
1215, 1228.27
1216, 1225.22
1217, 1223.2
1218, 1228.27
1219, 1227.25
1220, 1227.25
1221, 1229.27
1222, 1232.31
1223, 1227.25
1224, 1233.31
1225, 1232.31
1226, 1234.33
1227, 1239.38
1228, 1234.33
1229, 1241.4
1230, 1235.36
1231, 1240.4
1232, 1244.44
1233, 1241.4
1234, 1244.44
1235, 1241.4
1236, 1247.47
1237, 1247.47
1238, 1246.47
1239, 1245.44
1240, 1245.47
1241, 1249.51
1242, 1249.49
1243, 1257.6
1244, 1253.53
1245, 1253.53
1246, 1253.53
1247, 1257.6
1248, 1257.58
1249, 1260.62
1250, 1256.58
1251, 1256.56
1252, 1262.64
1253, 1260.62
1254, 1260.62
1255, 1261.64
1256, 1263.64
1257, 1263.64
1258, 1265.67
1259, 1262.64
1260, 1263.67
1261, 1266.69
1262, 1267.69
1263, 1261.62
1264, 1265.69
1265, 1269.73
1266, 1274.78
1267, 1274.78
1268, 1273.75
1269, 1271.75
1270, 1275.8
1271, 1276.8
1272, 1277.82
1273, 1280.84
1274, 1282.84
1275, 1280.84
1276, 1280.84
1277, 1281.86
1278, 1281.86
1279, 1284.89
1280, 1282.86
1281, 1287.93
1282, 1287.93
1283, 1296
1284, 1293.98
1285, 1291.95
1286, 1287.91
1287, 1302.06
1288, 1292.98
1289, 1293.98
1290, 1295
1291, 1299.02
1292, 1302.09
1293, 1298.02
1294, 1300.06
1295, 1297.04
1296, 1300.06
1297, 1301.04
1298, 1304.11
1299, 1308.13
1300, 1304.09
1301, 1313.17
1302, 1310.15
1303, 1311.17
1304, 1310.17
1305, 1318.24
1306, 1316.22
1307, 1310.15
1308, 1314.2
1309, 1317.24
1310, 1313.2
1311, 1314.2
1312, 1321.26
1313, 1322.28
1314, 1322.28
1315, 1325.33
1316, 1323.31
1317, 1326.33
1318, 1320.26
1319, 1325.33
1320, 1326.35
1321, 1330.37
1322, 1327.35
1323, 1327.37
1324, 1335.42
1325, 1330.37
1326, 1336.46
1327, 1332.42
1328, 1334.44
1329, 1335.44
1330, 1339.46
1331, 1342.51
1332, 1344.55
1333, 1344.53
1334, 1343.53
1335, 1344.53
1336, 1344.53
1337, 1346.55
1338, 1346.57
1339, 1347.59
1340, 1352.62
1341, 1349.59
1342, 1346.55
1343, 1359.7
1344, 1352.62
1345, 1353.64
1346, 1355.66
1347, 1358.68
1348, 1360.7
1349, 1361.73
1350, 1355.68
1351, 1357.66
1352, 1361.73
1353, 1361.73
1354, 1363.75
1355, 1363.75
1356, 1364.77
1357, 1364.75
1358, 1366.77
1359, 1366.77
1360, 1370.84
1361, 1369.82
1362, 1368.82
1363, 1369.82
1364, 1371.84
1365, 1373.86
1366, 1374.86
1367, 1370.84
1368, 1372.84
1369, 1377.88
1370, 1375.88
1371, 1377.93
1372, 1375.88
1373, 1381.97
1374, 1381.95
1375, 1378.9
1376, 1383.97
1377, 1379.95
1378, 1384.97
1379, 1384.97
1380, 1386.99
1381, 1387.01
1382, 1391.04
1383, 1391.04
1384, 1389.04
1385, 1390.04
1386, 1389.04
1387, 1389.04
1388, 1395.1
1389, 1389.01
1390, 1396.1
1391, 1398.1
1392, 1395.12
1393, 1401.15
1394, 1397.12
1395, 1399.15
1396, 1403.19
1397, 1402.17
1398, 1403.17
1399, 1402.17
1400, 1407.21
1401, 1409.26
1402, 1409.24
1403, 1411.26
1404, 1408.24
1405, 1407.26
1406, 1413.28
1407, 1413.28
1408, 1416.32
1409, 1411.28
1410, 1415.3
1411, 1414.32
1412, 1418.35
1413, 1417.32
1414, 1419.37
1415, 1414.37
1416, 1421.39
1417, 1422.41
1418, 1422.39
1419, 1422.39
1420, 1423.41
1421, 1428.46
1422, 1426.43
1423, 1429.46
1424, 1429.46
1425, 1430.5
1426, 1435.52
1427, 1435.52
1428, 1435.54
1429, 1433.5
1430, 1436.54
1431, 1437.54
1432, 1440.57
1433, 1442.61
1434, 1441.59
1435, 1447.66
1436, 1441.59
1437, 1447.68
1438, 1442.61
1439, 1444.63
1440, 1445.63
1441, 1446.66
1442, 1454.72
1443, 1447.66
1444, 1454.74
1445, 1449.68
1446, 1453.72
1447, 1449.7
1448, 1455.77
1449, 1452.72
1450, 1453.72
1451, 1456.77
1452, 1458.79
1453, 1460.81
1454, 1464.85
1455, 1461.81
1456, 1462.83
1457, 1466.88
1458, 1467.88
1459, 1466.88
1460, 1471.92
1461, 1466.88
1462, 1469.92
1463, 1472.92
1464, 1473.96
1465, 1473.96
1466, 1477.99
1467, 1474.94
1468, 1476.96
1469, 1481.03
1470, 1482.03
1471, 1482.03
1472, 1482.05
1473, 1481.03
1474, 1482.05
1475, 1483.05
1476, 1482.05
1477, 1484.08
1478, 1486.12
1479, 1489.1
1480, 1486.1
1481, 1489.12
1482, 1489.1
1483, 1490.14
1484, 1494.16
1485, 1489.12
1486, 1492.16
1487, 1499.21
1488, 1497.19
1489, 1495.21
1490, 1502.25
1491, 1503.27
1492, 1499.23
1493, 1501.25
1494, 1505.27
1495, 1506.3
1496, 1504.3
1497, 1502.25
1498, 1510.34
1499, 1509.34
1500, 1508.36
1501, 1509.34
1502, 1509.32
1503, 1505.32
1504, 1512.38
1505, 1515.41
1506, 1514.38
1507, 1512.36
1508, 1517.43
1509, 1519.43
1510, 1519.45
1511, 1520.45
1512, 1518.43
1513, 1524.5
1514, 1521.47
1515, 1525.52
1516, 1527.54
1517, 1528.54
1518, 1529.54
1519, 1519.47
1520, 1528.54
1521, 1525.52
1522, 1527.54
1523, 1528.56
1524, 1529.56
1525, 1537.65
1526, 1536.63
1527, 1537.65
1528, 1540.67
1529, 1536.63
1530, 1533.61
1531, 1540.67
1532, 1542.69
1533, 1536.65
1534, 1544.72
1535, 1542.72
1536, 1541.69
1537, 1546.74
1538, 1543.69
1539, 1548.76
1540, 1548.76
1541, 1547.74
1542, 1549.78
1543, 1549.78
1544, 1551.78
1545, 1555.87
1546, 1557.87
1547, 1550.78
1548, 1553.85
1549, 1555.85
1550, 1559.89
1551, 1560.92
1552, 1561.89
1553, 1564.94
1554, 1560.89
1555, 1560.92
1556, 1563.94
1557, 1561.92
1558, 1561.92
1559, 1571
1560, 1570
1561, 1569
1562, 1567.98
1563, 1574.07
1564, 1578.09
1565, 1575.05
1566, 1573.05
1567, 1578.09
1568, 1582.14
1569, 1576.07
1570, 1577.09
1571, 1579.09
1572, 1582.14
1573, 1580.11
1574, 1580.11
1575, 1584.16
1576, 1585.16
1577, 1587.2
1578, 1583.16
1579, 1591.22
1580, 1592.25
1581, 1588.18
1582, 1595.27
1583, 1589.22
1584, 1589.2
1585, 1595.29
1586, 1593.25
1587, 1593.25
1588, 1599.31
1589, 1597.31
1590, 1600.34
1591, 1600.34
1592, 1604.38
1593, 1605.38
1594, 1605.4
1595, 1606.38
1596, 1611.45
1597, 1602.38
1598, 1609.42
1599, 1610.45
1600, 1614.47
1601, 1604.47
1602, 1615.49
1603, 1610.45
1604, 1613.49
1605, 1615.51
1606, 1619.53
1607, 1613.47
1608, 1618.53
1609, 1617.53
1610, 1624.6
1611, 1620.56
1612, 1616.51
1613, 1622.58
1614, 1626.64
1615, 1627.62
1616, 1631.67
1617, 1627.62
1618, 1630.64
1619, 1624.62
1620, 1629.64
1621, 1632.71
1622, 1636.73
1623, 1633.69
1624, 1638.73
1625, 1637.73
1626, 1637.76
1627, 1634.73
1628, 1638.76
1629, 1639.76
1630, 1639.76
1631, 1642.8
1632, 1639.76
1633, 1638.76
1634, 1643.82
1635, 1645.82
1636, 1645.82
1637, 1648.87
1638, 1646.87
1639, 1646.84
1640, 1651.89
1641, 1652.91
1642, 1653.91
1643, 1652.91
1644, 1651.91
1645, 1655.93
1646, 1658.95
1647, 1651.91
1648, 1656.95
1649, 1655.95
1650, 1655.95
1651, 1662
1652, 1659.98
1653, 1658.98
1654, 1666.04
1655, 1662.02
1656, 1666.04
1657, 1668.06
1658, 1663.02
1659, 1666.06
1660, 1669.09
1661, 1671.11
1662, 1671.11
1663, 1673.13
1664, 1675.15
1665, 1671.11
1666, 1672.11
1667, 1674.13
1668, 1670.11
1669, 1679.18
1670, 1678.2
1671, 1680.2
1672, 1679.2
1673, 1674.13
1674, 1686.29
1675, 1687.29
1676, 1687.31
1677, 1682.22
1678, 1686.26
1679, 1686.26
1680, 1689.29
1681, 1690.35
1682, 1691.33
1683, 1693.33
1684, 1695.37
1685, 1694.35
1686, 1697.37
1687, 1699.42
1688, 1697.4
1689, 1695.37
1690, 1701.44
1691, 1703.46
1692, 1703.46
1693, 1701.44
1694, 1698.42
1695, 1708.51
1696, 1706.51
1697, 1708.51
1698, 1710.53
1699, 1711.55
1700, 1709.53
1701, 1708.51
1702, 1716.62
1703, 1715.6
1704, 1715.6
1705, 1714.6
1706, 1718.62
1707, 1715.6
1708, 1718.64
1709, 1715.62
1710, 1722.68
1711, 1720.66
1712, 1722.66
1713, 1724.68
1714, 1726.71
1715, 1731.77
1716, 1721.66
1717, 1726.73
1718, 1728.73
1719, 1730.75
1720, 1731.75
1721, 1731.77
1722, 1731.82
1723, 1733.79
1724, 1738.86
1725, 1736.82
1726, 1739.86
1727, 1738.84
1728, 1740.86
1729, 1738.84
1730, 1740.88
1731, 1741.88
1732, 1746.93
1733, 1743.9
1734, 1744.93
1735, 1737.9
1736, 1747.95
1737, 1750.97
1738, 1749.97
1739, 1752.02
1740, 1749.97
1741, 1750.97
1742, 1750.99
1743, 1753.02
1744, 1755.04
1745, 1753.02
1746, 1757.04
1747, 1756.06
1748, 1757.04
1749, 1757.06
1750, 1757.08
1751, 1760.08
1752, 1766.15
1753, 1763.1
1754, 1762.1
1755, 1764.13
1756, 1765.15
1757, 1766.13
1758, 1769.19
1759, 1770.19
1760, 1771.21
1761, 1765.15
1762, 1767.17
1763, 1775.24
1764, 1775.24
1765, 1775.24
1766, 1774.24
1767, 1774.26
1768, 1777.26
1769, 1781.32
1770, 1778.28
1771, 1777.3
1772, 1781.32
1773, 1778.3
1774, 1780.3
1775, 1780.28
1776, 1781.32
1777, 1787.39
1778, 1784.35
1779, 1785.35
1780, 1787.39
1781, 1791.41
1782, 1790.39
1783, 1793.44
1784, 1793.44
1785, 1796.46
1786, 1790.44
1787, 1796.48
1788, 1783.37
1789, 1799.52
1790, 1796.48
1791, 1799.5
1792, 1800.52
1793, 1799.5
1794, 1804.57
1795, 1801.55
1796, 1801.55
1797, 1808.61
1798, 1806.57
1799, 1811.63
1800, 1808.61
1801, 1807.61
1802, 1813.66
1803, 1811.63
1804, 1811.63
1805, 1810.63
1806, 1809.63
1807, 1814.68
1808, 1816.7
1809, 1818.7
1810, 1821.74
1811, 1823.79
1812, 1821.74
1813, 1828.83
1814, 1823.77
1815, 1823.77
1816, 1822.77
1817, 1828.83
1818, 1826.81
1819, 1827.83
1820, 1833.88
1821, 1827.83
1822, 1829.86
1823, 1833.88
1824, 1835.9
1825, 1835.9
1826, 1839.94
1827, 1832.9
1828, 1836.94
1829, 1839.94
1830, 1840.97
1831, 1841.97
1832, 1842.99
1833, 1846.03
1834, 1845.03
1835, 1845.01
1836, 1848.03
1837, 1848.03
1838, 1845.01
1839, 1850.08
1840, 1850.08
1841, 1852.08
1842, 1850.05
1843, 1849.08
1844, 1853.1
1845, 1854.12
1846, 1857.14
1847, 1854.12
1848, 1864.21
1849, 1862.19
1850, 1863.19
1851, 1861.19
1852, 1865.23
1853, 1862.21
1854, 1868.28
1855, 1867.25
1856, 1870.3
1857, 1864.23
1858, 1868.28
1859, 1872.3
1860, 1869.28
1861, 1876.34
1862, 1869.28
1863, 1870.3
1864, 1875.34
1865, 1878.36
1866, 1878.36
1867, 1881.41
1868, 1876.36
1869, 1880.39
1870, 1881.39
1871, 1883.43
1872, 1880.41
1873, 1881.43
1874, 1885.45
1875, 1885.45
1876, 1885.47
1877, 1887.47
1878, 1881.41
1879, 1897.58
1880, 1892.54
1881, 1889.5
1882, 1893.54
1883, 1891.5
1884, 1897.58
1885, 1897.58
1886, 1899.61
1887, 1897.58
1888, 1897.58
1889, 1901.61
1890, 1900.63
1891, 1902.63
1892, 1902.63
1893, 1902.65
1894, 1903.65
1895, 1906.67
1896, 1906.7
1897, 1903.67
1898, 1906.67
1899, 1906.7
1900, 1915.78
1901, 1906.7
1902, 1911.74
1903, 1910.72
1904, 1908.72
1905, 1915.78
1906, 1911.74
1907, 1915.78
1908, 1913.76
1909, 1915.76
1910, 1919.81
1911, 1918.81
1912, 1921.85
1913, 1922.87
1914, 1921.85
1915, 1920.85
1916, 1923.89
1917, 1927.89
1918, 1924.92
1919, 1928.92
1920, 1926.89
1921, 1929.94
1922, 1929.94
1923, 1932.98
1924, 1934
1925, 1932.98
1926, 1930.96
1927, 1937
1928, 1933.98
1929, 1928.96
1930, 1936
1931, 1939.03
1932, 1942.07
1933, 1942.07
1934, 1942.09
1935, 1945.12
1936, 1942.07
1937, 1943.12
1938, 1948.14
1939, 1951.16
1940, 1948.16
1941, 1953.18
1942, 1950.16
1943, 1953.18
1944, 1951.16
1945, 1950.16
1946, 1954.2
1947, 1957.23
1948, 1955.2
1949, 1961.27
1950, 1960.25
1951, 1960.27
1952, 1959.25
1953, 1960.27
1954, 1960.27
1955, 1964.31
1956, 1967.34
1957, 1964.31
1958, 1969.36
1959, 1967.34
1960, 1966.34
1961, 1973.4
1962, 1972.4
1963, 1971.4
1964, 1974.42
1965, 1973.4
1966, 1974.45
1967, 1973.45
1968, 1978.47
1969, 1974.42
1970, 1977.45
1971, 1984.54
1972, 1981.49
1973, 1984.54
1974, 1988.58
1975, 1984.54
1976, 1983.54
1977, 1987.58
1978, 1983.54
1979, 1992.62
1980, 1991.62
1981, 1990.6
1982, 1992.62
1983, 1998.67
1984, 1995.65
1985, 1999.69
1986, 1996.67
1987, 2001.71
1988, 1999.69
1989, 2005.76
1990, 2002.73
1991, 2000.71
1992, 2000.73
1993, 2004.73
1994, 2003.76
1995, 2007.78
1996, 2004.73
1997, 2010.82
1998, 2008.8
1999, 2011.84
2000, 2010.82
2001, 2015.87
2002, 2014.89
2003, 2014.87
2004, 2009.82
2005, 2014.87
2006, 2014.87
2007, 2016.89
2008, 2020.93
2009, 2020.93
2010, 2023.96
2011, 2017.89
2012, 2017.91
2013, 2029.02
2014, 2024
2015, 2027
2016, 2025.98
2017, 2032.04
2018, 2028
2019, 2028.02
2020, 2033.07
2021, 2028.02
2022, 2031.04
2023, 2037.11
2024, 2033.07
2025, 2035.11
2026, 2038.11
2027, 2031.04
2028, 2041.15
2029, 2038.13
2030, 2031.04
2031, 2043.18
2032, 2047.22
2033, 2043.18
2034, 2044.18
2035, 2044.18
2036, 2050.26
2037, 2046.22
2038, 2049.24
2039, 2050.24
2040, 2055.31
2041, 2045.2
2042, 2052.29
2043, 2051.24
2044, 2054.29
2045, 2055.31
2046, 2054.29
2047, 2054.31
2048, 2058.35
2049, 2054.33
2050, 2061.4
2051, 2060.38
2052, 2062.38
2053, 2060.35
2054, 2063.4
2055, 2064.4
2056, 2064.44
2057, 2075.53
2058, 2067.44
2059, 2070.49
2060, 2067.44
2061, 2069.46
2062, 2071.49
2063, 2072.49
2064, 2080.57
2065, 2069.49
2066, 2070.55
2067, 2077.55
2068, 2078.55
2069, 2079.57
2070, 2081.62
2071, 2077.55
2072, 2085.64
2073, 2084.62
2074, 2086.64
2075, 2088.66
2076, 2093.73
2077, 2091.71
2078, 2089.68
2079, 2085.66
2080, 2089.68
2081, 2094.75
2082, 2100.82
2083, 2091.71
2084, 2095.73
2085, 2097.75
2086, 2097.77
2087, 2099.8
2088, 2105.86
2089, 2100.82
2090, 2103.84
2091, 2105.86
2092, 2104.84
2093, 2106.88
2094, 2103.84
2095, 2106.86
2096, 2109.91
2097, 2098.8
2098, 2110.91
2099, 2107.88
2100, 2112.93
2101, 2110.93
2102, 2115.97
2103, 2117.99
2104, 2116.99
2105, 2120.02
2106, 2122.04
2107, 2118.02
2108, 2119.99
2109, 2123.04
2110, 2122.04
2111, 2126.08
2112, 2128.1
2113, 2126.08
2114, 2129.1
2115, 2129.1
2116, 2130.13
2117, 2132.15
2118, 2130.13
2119, 2133.15
2120, 2133.15
2121, 2131.13
2122, 2135.22
2123, 2138.24
2124, 2132.15
2125, 2136.17
2126, 2143.26
2127, 2144.28
2128, 2139.24
2129, 2139.24
2130, 2144.28
2131, 2145.28
2132, 2144.28
2133, 2152.39
2134, 2150.37
2135, 2147.33
2136, 2145.28
2137, 2148.33
2138, 2150.35
2139, 2151.39
2140, 2156.41
2141, 2154.39
2142, 2157.44
2143, 2154.39
2144, 2156.44
2145, 2162.5
2146, 2158.44
2147, 2159.44
2148, 2162.48
2149, 2159.46
2150, 2163.5
2151, 2162.48
2152, 2164.5
2153, 2166.52
2154, 2165.5
2155, 2169.55
2156, 2172.59
2157, 2169.55
2158, 2170.57
2159, 2171.57
2160, 2168.55
2161, 2170.57
2162, 2173.59
2163, 2175.61
2164, 2170.57
2165, 2179.68
2166, 2176.64
2167, 2179.68
2168, 2178.66
2169, 2181.68
2170, 2187.75
2171, 2181.7
2172, 2182.7
2173, 2184.72
2174, 2183.72
2175, 2183.72
2176, 2187.75
2177, 2190.77
2178, 2191.79
2179, 2191.81
2180, 2191.79
2181, 2192.81
2182, 2194.83
2183, 2195.83
2184, 2196.86
2185, 2195.83
2186, 2199.9
2187, 2200.88
2188, 2198.88
2189, 2202.92
2190, 2204.94
2191, 2203.92
2192, 2201.9
2193, 2205.97
2194, 2206.94
2195, 2207.99
2196, 2212.01
2197, 2207.97
2198, 2209.99
2199, 2214.03
2200, 2214.03
2201, 2221.14
2202, 2214.03
2203, 2212.01
2204, 2215.06
2205, 2219.1
2206, 2221.12
2207, 2219.1
2208, 2219.1
2209, 2222.12
2210, 2221.12
2211, 2225.17
2212, 2227.19
2213, 2225.17
2214, 2224.14
2215, 2230.23
2216, 2231.23
2217, 2232.25
2218, 2230.21
2219, 2235.28
2220, 2232.25
2221, 2234.25
2222, 2239.32
2223, 2236.3
2224, 2237.3
2225, 2241.34
2226, 2237.3
2227, 2239.32
2228, 2243.36
2229, 2238.32
2230, 2246.39
2231, 2245.39
2232, 2242.39
2233, 2248.41
2234, 2248.41
2235, 2249.43
2236, 2251.45
2237, 2251.48
2238, 2252.45
2239, 2254.5
2240, 2257.52
2241, 2253.48
2242, 2255.5
2243, 2260.56
2244, 2261.54
2245, 2256.52
2246, 2259.56
2247, 2260.56
2248, 2259.54
2249, 2265.61
2250, 2263.59
2251, 2264.59
2252, 2261.61
2253, 2266.63
2254, 2272.67
2255, 2267.63
2256, 2271.67
2257, 2270.67
2258, 2272.67
2259, 2267.63
2260, 2269.67
2261, 2275.67
2262, 2275.72
2263, 2274.7
2264, 2280.76
2265, 2268.67
2266, 2280.81
2267, 2277.74
2268, 2283.81
2269, 2280.78
2270, 2285.83
2271, 2285.83
2272, 2282.81
2273, 2288.87
2274, 2283.81
2275, 2289.87
2276, 2286.83
2277, 2289.9
2278, 2289.87
2279, 2290.87
2280, 2292.9
2281, 2296.94
2282, 2293.92
2283, 2291.9
2284, 2297.94
2285, 2291.92
2286, 2292.92
2287, 2294.92
2288, 2294.92
2289, 2301.98
2290, 2299.01
2291, 2305.07
2292, 2304.03
2293, 2304.03
2294, 2304.03
2295, 2310.07
2296, 2307.05
2297, 2310.09
2298, 2308.07
2299, 2317.16
2300, 2309.09
2301, 2313.12
2302, 2310.09
2303, 2315.14
2304, 2316.14
2305, 2316.16
2306, 2316.16
2307, 2324.25
2308, 2319.23
2309, 2316.16
2310, 2321.2
2311, 2323.23
2312, 2319.2
2313, 2328.29
2314, 2323.25
2315, 2326.27
2316, 2325.25
2317, 2331.32
2318, 2329.29
2319, 2325.27
2320, 2328.34
2321, 2333.34
2322, 2333.34
2323, 2333.34
2324, 2338.4
2325, 2336.38
2326, 2339.4
2327, 2337.38
2328, 2345.47
2329, 2345.47
2330, 2338.4
2331, 2346.49
2332, 2344.47
2333, 2342.45
2334, 2347.49
2335, 2345.49
2336, 2349.54
2337, 2351.56
2338, 2358.62
2339, 2351.56
2340, 2351.54
2341, 2351.56
2342, 2356.58
2343, 2360.62
2344, 2361.67
2345, 2356.6
2346, 2358.62
2347, 2358.65
2348, 2360.65
2349, 2359.62
2350, 2360.65
2351, 2364.69
2352, 2365.69
2353, 2363.69
2354, 2369.74
2355, 2363.67
2356, 2369.74
2357, 2372.78
2358, 2371.76
2359, 2373.78
2360, 2373.78
2361, 2377.82
2362, 2376.82
2363, 2378.82
2364, 2374.85
2365, 2375.8
2366, 2381.87
2367, 2378.85
2368, 2381.87
2369, 2382.89
2370, 2383.91
2371, 2385.93
2372, 2385.91
2373, 2387.93
2374, 2389.96
2375, 2390.98
2376, 2387.96
2377, 2390.98
2378, 2391.98
2379, 2394.02
2380, 2393
2381, 2397.02
2382, 2392
2383, 2397.04
2384, 2397.04
2385, 2398.04
2386, 2399.07
2387, 2399.07
2388, 2402.11
2389, 2403.11
2390, 2405.13
2391, 2406.16
2392, 2406.13
2393, 2405.13
2394, 2408.16
2395, 2410.18
2396, 2409.2
2397, 2410.2
2398, 2408.2
2399, 2410.2
2400, 2414.22
2401, 2414.22
2402, 2416.27
2403, 2413.22
2404, 2418.27
2405, 2420.29
2406, 2418.27
2407, 2420.31
2408, 2419.29
2409, 2423.33
2410, 2421.31
2411, 2420.31
2412, 2419.29
2413, 2426.35
2414, 2422.31
2415, 2429.4
2416, 2426.38
2417, 2423.33
2418, 2427.38
2419, 2426.38
2420, 2435.46
2421, 2433.46
2422, 2432.42
2423, 2433.44
2424, 2434.44
2425, 2435.44
2426, 2439.53
2427, 2441.53
2428, 2440.51
2429, 2440.51
2430, 2443.55
2431, 2443.53
2432, 2443.58
2433, 2443.55
2434, 2444.58
2435, 2444.58
2436, 2446.58
2437, 2446.62
2438, 2450.62
2439, 2452.66
2440, 2450.62
2441, 2449.62
2442, 2452.66
2443, 2451.64
2444, 2455.71
2445, 2455.69
2446, 2457.71
2447, 2459.73
2448, 2460.73
2449, 2467.82
2450, 2463.77
2451, 2466.8
2452, 2465.8
2453, 2466.8
2454, 2465.8
2455, 2462.77
2456, 2473.88
2457, 2467.82
2458, 2469.84
2459, 2469.84
2460, 2473.91
2461, 2472.86
2462, 2476.93
2463, 2480.95
2464, 2476.95
2465, 2487.02
2466, 2479.95
2467, 2478.95
2468, 2486
2469, 2482.97
2470, 2481.97
2471, 2483
2472, 2485.02
2473, 2486.02
2474, 2491.08
2475, 2487.02
2476, 2486.04
2477, 2490.06
2478, 2489.04
2479, 2490.06
2480, 2493.11
2481, 2499.15
2482, 2494.11
2483, 2497.15
2484, 2495.11
2485, 2497.15
2486, 2499.15
2487, 2502.19
2488, 2499.15
2489, 2502.19
2490, 2504.22
2491, 2507.24
2492, 2505.22
2493, 2505.24
2494, 2508.26
2495, 2511.28
2496, 2516.33
2497, 2510.3
2498, 2512.3
2499, 2514.33
2500, 2516.33
2501, 2515.33
2502, 2513.3
2503, 2517.35
2504, 2519.39
2505, 2522.42
2506, 2521.42
2507, 2521.39
2508, 2523.44
2509, 2525.44
2510, 2524.44
2511, 2517.35
2512, 2519.37
2513, 2526.46
2514, 2531.53
2515, 2528.48
2516, 2530.5
2517, 2529.48
2518, 2532.5
2519, 2532.53
2520, 2536.59
2521, 2534.55
2522, 2535.55
2523, 2538.59
2524, 2533.55
2525, 2537.57
2526, 2539.61
2527, 2538.61
2528, 2543.66
2529, 2540.61
2530, 2541.64
2531, 2534.55
2532, 2544.66
2533, 2547.68
2534, 2548.68
2535, 2547.7
2536, 2549.7
2537, 2549.7
2538, 2544.66
2539, 2549.72
2540, 2548.7
2541, 2553.75
2542, 2548.7
2543, 2558.79
2544, 2560.84
2545, 2557.79
2546, 2556.77
2547, 2556.79
2548, 2559.81
2549, 2561.86
2550, 2560.86
2551, 2563.86
2552, 2559.81
2553, 2565.88
2554, 2565.88
2555, 2567.9
2556, 2565.92
2557, 2565.92
2558, 2571.95
2559, 2570.92
2560, 2570.95
2561, 2576.01
2562, 2564.9
2563, 2577.01
2564, 2574.99
2565, 2577.01
2566, 2576.01
2567, 2582.06
2568, 2582.06
2569, 2573.97
2570, 2583.06
2571, 2585.1
2572, 2581.06
2573, 2581.08
2574, 2582.06
2575, 2586.1
2576, 2587.12
2577, 2593.19
2578, 2577.03
2579, 2595.21
2580, 2594.19
2581, 2588.17
2582, 2596.21
2583, 2596.23
2584, 2597.23
2585, 2596.23
2586, 2596.23
2587, 2610.37
2588, 2602.28
2589, 2595.26
2590, 2597.23
2591, 2604.32
2592, 2606.34
2593, 2607.34
2594, 2609.37
2595, 2611.39
2596, 2615.43
2597, 2607.34
2598, 2613.39
2599, 2614.41
2600, 2604.32
2601, 2613.43
2602, 2618.45
2603, 2616.43
2604, 2616.43
2605, 2619.48
2606, 2621.52
2607, 2623.52
2608, 2622.5
2609, 2623.52
2610, 2623.52
2611, 2624.52
2612, 2627.56
2613, 2627.56
2614, 2627.59
2615, 2628.56
2616, 2631.61
2617, 2632.61
2618, 2634.65
2619, 2634.63
2620, 2625.56
2621, 2637.65
2622, 2636.65
2623, 2642.72
2624, 2639.72
2625, 2639.7
2626, 2642.72
2627, 2645.74
2628, 2644.76
2629, 2645.76
2630, 2643.74
2631, 2645.76
2632, 2646.76
2633, 2645.76
2634, 2648.79
2635, 2651.83
2636, 2651.83
2637, 2650.83
2638, 2651.87
2639, 2657.87
2640, 2654.85
2641, 2655.87
2642, 2658.92
2643, 2658.9
2644, 2653.85
2645, 2659.92
2646, 2657.94
2647, 2659.94
2648, 2661.94
2649, 2661.94
2650, 2668.01
2651, 2669.01
2652, 2665.01
2653, 2665.98
2654, 2665.98
2655, 2674.05
2656, 2671.05
2657, 2675.07
2658, 2677.1
2659, 2675.07
2660, 2676.07
2661, 2673.07
2662, 2673.05
2663, 2676.1
2664, 2679.12
2665, 2678.12
2666, 2684.18
2667, 2680.14
2668, 2683.18
2669, 2679.14
2670, 2684.18
2671, 2685.18
2672, 2687.21
2673, 2685.18
2674, 2690.25
2675, 2686.21
2676, 2692.27
2677, 2691.25
2678, 2693.27
2679, 2693.27
2680, 2695.32
2681, 2691.29
2682, 2695.29
2683, 2693.27
2684, 2693.32
2685, 2701.38
2686, 2697.34
2687, 2700.36
2688, 2701.36
2689, 2699.38
2690, 2704.4
2691, 2703.43
2692, 2704.4
2693, 2700.36
2694, 2709.45
2695, 2706.43
2696, 2708.43
2697, 2707.49
2698, 2708.45
2699, 2722.6
2700, 2715.52
2701, 2717.54
2702, 2714.52
2703, 2714.54
2704, 2715.54
2705, 2718.56
2706, 2721.58
2707, 2721.58
2708, 2722.6
2709, 2725.63
2710, 2723.6
2711, 2725.63
2712, 2725.63
2713, 2727.65
2714, 2729.69
2715, 2732.71
2716, 2730.69
2717, 2730.69
2718, 2736.74
2719, 2736.76
2720, 2736.76
2721, 2737.76
2722, 2736.74
2723, 2740.8
2724, 2742.8
2725, 2737.8
2726, 2740.8
2727, 2743.82
2728, 2744.82
2729, 2741.82
2730, 2743.85
2731, 2748.89
2732, 2747.87
2733, 2745.87
2734, 2749.89
2735, 2750.89
2736, 2752.94
2737, 2753.94
2738, 2752.94
2739, 2752.94
2740, 2757.98
2741, 2758.98
2742, 2760.02
2743, 2761.02
2744, 2760
2745, 2760.02
2746, 2766.05
2747, 2767.09
2748, 2764.07
2749, 2771.13
2750, 2767.09
2751, 2768.09
2752, 2770.13
2753, 2772.16
2754, 2774.16
2755, 2772.13
2756, 2773.16
2757, 2774.16
2758, 2774.16
2759, 2769.13
2760, 2778.2
2761, 2775.18
2762, 2777.2
2763, 2779.22
2764, 2782.27
2765, 2784.27
2766, 2783.29
2767, 2782.27
2768, 2784.27
2769, 2784.29
2770, 2785.29
2771, 2788.31
2772, 2788.31
2773, 2790.33
2774, 2790.33
2775, 2789.36
2776, 2787.31
2777, 2792.36
2778, 2804.49
2779, 2797.42
2780, 2794.38
2781, 2798.44
2782, 2798.42
2783, 2794.4
2784, 2798.42
2785, 2802.47
2786, 2802.47
2787, 2801.47
2788, 2804.49
2789, 2803.49
2790, 2806.51
2791, 2808.53
2792, 2806.53
2793, 2809.55
2794, 2808.55
2795, 2810.55
2796, 2809.55
2797, 2815.6
2798, 2811.6
2799, 2815.62
2800, 2817.64
2801, 2812.58
2802, 2811.6
2803, 2821.66
2804, 2819.66
2805, 2818.66
2806, 2819.66
2807, 2821.69
2808, 2822.69
2809, 2825.73
2810, 2824.73
2811, 2825.73
2812, 2827.73
2813, 2826.73
2814, 2830.78
2815, 2830.8
2816, 2830.8
2817, 2830.78
2818, 2828.78
2819, 2830.78
2820, 2834.82
2821, 2835.84
2822, 2833.82
2823, 2838.89
2824, 2833.82
2825, 2839.89
2826, 2839.91
2827, 2841.91
2828, 2846.95
2829, 2841.91
2830, 2845.95
2831, 2846.95
2832, 2852.02
2833, 2850.02
2834, 2852
2835, 2850
2836, 2850
2837, 2856.06
2838, 2851
2839, 2854.04
2840, 2856.06
2841, 2859.08
2842, 2862.13
2843, 2862.13
2844, 2860.11
2845, 2862.13
2846, 2865.15
2847, 2862.13
2848, 2864.13
2849, 2864.15
2850, 2867.15
2851, 2869.15
2852, 2865.2
2853, 2870.22
2854, 2870.22
2855, 2870.22
2856, 2872.22
2857, 2871.22
2858, 2875.26
2859, 2875.28
2860, 2879.33
2861, 2880.31
2862, 2880.31
2863, 2883.35
2864, 2879.33
2865, 2884.37
2866, 2893.46
2867, 2885.37
2868, 2884.37
2869, 2878.31
2870, 2889.42
2871, 2888.42
2872, 2888.42
2873, 2888.42
2874, 2886.44
2875, 2892.46
2876, 2895.48
2877, 2894.48
2878, 2894.48
2879, 2896.5
2880, 2896.5
2881, 2897.5
2882, 2902.55
2883, 2906.62
2884, 2903.59
2885, 2902.57
2886, 2907.62
2887, 2905.59
2888, 2907.62
2889, 2906.62
2890, 2907.62
2891, 2909.64
2892, 2907.62
2893, 2914.7
2894, 2912.68
2895, 2913.68
2896, 2908.64
2897, 2914.7
2898, 2907.68
2899, 2913.7
2900, 2913.7
2901, 2918.75
2902, 2916.7
2903, 2916.73
2904, 2919.77
2905, 2920.77
2906, 2918.79
2907, 2923.79
2908, 2924.81
2909, 2927.84
2910, 2928.86
2911, 2925.84
2912, 2929.86
2913, 2931.88
2914, 2927.84
2915, 2928.86
2916, 2931.9
2917, 2928.9
2918, 2932.88
2919, 2935.92
2920, 2935.92
2921, 2940.99
2922, 2934.95
2923, 2937.97
2924, 2937.97
2925, 2940.99
2926, 2943.01
2927, 2936.95
2928, 2942.01
2929, 2940.99
2930, 2944.01
2931, 2941.99
2932, 2942.01
2933, 2951.1
2934, 2950.08
2935, 2946.04
2936, 2950.08
2937, 2947.1
2938, 2951.1
2939, 2953.12
2940, 2954.12
2941, 2954.12
2942, 2956.15
2943, 2956.15
2944, 2961.19
2945, 2957.15
2946, 2960.19
2947, 2962.21
2948, 2965.23
2949, 2965.26
2950, 2967.28
2951, 2966.26
2952, 2963.23
2953, 2967.28
2954, 2968.28
2955, 2972.32
2956, 2967.28
2957, 2970.3
2958, 2975.37
2959, 2976.37
2960, 2980.41
2961, 2974.37
2962, 2976.37
2963, 2975.37
2964, 2966.3
2965, 2979.41
2966, 2980.41
2967, 2982.43
2968, 2982.43
2969, 2983.43
2970, 2985.48
2971, 2987.5
2972, 2987.5
2973, 2987.5
2974, 2988.5
2975, 2988.5
2976, 2994.57
2977, 2992.57
2978, 2991.57
2979, 2995.59
2980, 2993.57
2981, 2999.63
2982, 2999.63
2983, 3001.65
2984, 2998.61
2985, 3002.65
2986, 3002.65
2987, 3003.68
2988, 3001.65
2989, 3004.7
2990, 3004.7
2991, 3005.7
2992, 3009.76
2993, 3008.72
2994, 3013.76
2995, 3017.83
2996, 3012.76
2997, 3009.74
2998, 3013.79
2999, 3015.81
3000, 3018.83
3001, 3020.85
3002, 3018.85
3003, 3016.83
3004, 3020.9
3005, 3024.9
3006, 3024.9
3007, 3024.9
3008, 3024.9
3009, 3028.96
3010, 3025.92
3011, 3028.96
3012, 3026.92
3013, 3029.96
3014, 3032.99
3015, 3030.99
3016, 3037.03
3017, 3036.03
3018, 3036.03
3019, 3043.1
3020, 3044.12
3021, 3040.05
3022, 3038.07
3023, 3040.05
3024, 3044.1
3025, 3043.1
3026, 3041.1
3027, 3044.12
3028, 3044.14
3029, 3043.12
3030, 3048.16
3031, 3052.21
3032, 3051.18
3033, 3051.23
3034, 3051.18
3035, 3051.21
3036, 3049.16
3037, 3050.18
3038, 3058.25
3039, 3054.23
3040, 3054.23
3041, 3058.25
3042, 3061.3
3043, 3060.3
3044, 3058.27
3045, 3061.3
3046, 3062.3
3047, 3061.3
3048, 3060.3
3049, 3063.34
3050, 3067.38
3051, 3068.38
3052, 3062.32
3053, 3070.38
3054, 3073.43
3055, 3072.43
3056, 3073.43
3057, 3072.43
3058, 3076.47
3059, 3066.34
3060, 3074.45
3061, 3077.47
3062, 3079.49
3063, 3081.54
3064, 3078.49
3065, 3080.52
3066, 3081.52
3067, 3085.56
3068, 3084.54
3069, 3085.56
3070, 3084.56
3071, 3088.6
3072, 3086.6
3073, 3087.6
3074, 3093.65
3075, 3087.58
3076, 3092.65
3077, 3094.67
3078, 3094.69
3079, 3088.67
3080, 3095.67
3081, 3094.67
3082, 3099.72
3083, 3098.72
3084, 3101.74
3085, 3102.76
3086, 3102.76
3087, 3100.74
3088, 3104.78
3089, 3107.8
3090, 3110.87
3091, 3107.8
3092, 3109.83
3093, 3107.83
3094, 3110.83
3095, 3113.91
3096, 3115.89
3097, 3111.87
3098, 3115.91
3099, 3119.94
3100, 3116.89
3101, 3119.96
3102, 3116.94
3103, 3120.96
3104, 3121.96
3105, 3122.98
3106, 3125
3107, 3123.02
3108, 3126.02
3109, 3124
3110, 3129.05
3111, 3129.05
3112, 3137.14
3113, 3129.05
3114, 3130.07
3115, 3129.09
3116, 3135.11
3117, 3136.11
3118, 3137.14
3119, 3136.14
3120, 3139.16
3121, 3144.2
3122, 3141.18
3123, 3146.22
3124, 3141.18
3125, 3144.2
3126, 3146.22
3127, 3144.2
3128, 3145.25
3129, 3149.27
3130, 3148.27
3131, 3149.27
3132, 3147.25
3133, 3150.27
3134, 3159.36
3135, 3157.36
3136, 3155.36
3137, 3154.33
3138, 3157.36
3139, 3156.36
3140, 3159.38
3141, 3159.38
3142, 3164.44
3143, 3163.42
3144, 3164.42
3145, 3165.44
3146, 3164.42
3147, 3162.42
3148, 3170.49
3149, 3167.47
3150, 3166.44
3151, 3170.49
3152, 3172.51
3153, 3169.51
3154, 3172.53
3155, 3174.53
3156, 3169.51
3157, 3176.56
3158, 3180.62
3159, 3174.53
3160, 3184.64
3161, 3181.62
3162, 3178.6
3163, 3181.62
3164, 3184.67
3165, 3185.67
3166, 3181.64
3167, 3184.67
3168, 3188.69
3169, 3187.69
3170, 3187.71
3171, 3189.71
3172, 3189.71
3173, 3192.73
3174, 3191.73
3175, 3194.78
3176, 3194.78
3177, 3194.75
3178, 3195.78
3179, 3198.82
3180, 3200.82
3181, 3205.89
3182, 3199.82
3183, 3197.8
3184, 3201.84
3185, 3203.86
3186, 3205.89
3187, 3204.89
3188, 3201.91
3189, 3205.86
3190, 3211.95
3191, 3205.89
3192, 3210.93
3193, 3210.95
3194, 3210.95
3195, 3213.95
3196, 3213.98
3197, 3217
3198, 3210.95
3199, 3208.91
3200, 3217
3201, 3222.04
3202, 3222.06
3203, 3221.04
3204, 3221.04
3205, 3219.04
3206, 3226.11
3207, 3225.09
3208, 3226.11
3209, 3229.13
3210, 3231.15
3211, 3232.17
3212, 3232.17
3213, 3229.15
3214, 3236.22
3215, 3239.24
3216, 3235.2
3217, 3234.2
3218, 3237.22
3219, 3240.24
3220, 3242.26
3221, 3239.26
3222, 3237.24
3223, 3239.26
3224, 3247.33
3225, 3247.35
3226, 3246.33
3227, 3245.33
3228, 3247.33
3229, 3248.35
3230, 3248.35
3231, 3244.31
3232, 3255.42
3233, 3256.44
3234, 3253.4
3235, 3255.44
3236, 3262.51
3237, 3256.42
3238, 3259.48
3239, 3261.48
3240, 3259.48
3241, 3258.48
3242, 3259.48
3243, 3264.53
3244, 3267.55
3245, 3266.57
3246, 3263.53
3247, 3269.57
3248, 3269.57
3249, 3272.62
3250, 3260.53
3251, 3272.62
3252, 3270.59
3253, 3275.64
3254, 3272.64
3255, 3272.62
3256, 3276.66
3257, 3279.68
3258, 3280.7
3259, 3278.68
3260, 3274.66
3261, 3284.75
3262, 3287.77
3263, 3289.79
3264, 3287.77
3265, 3288.82
3266, 3289.79
3267, 3290.79
3268, 3285.77
3269, 3287.77
3270, 3295.88
3271, 3286.79
3272, 3300.93
3273, 3292.84
3274, 3288.82
3275, 3295.86
3276, 3296.9
3277, 3297.9
3278, 3300.93
3279, 3301.93
3280, 3302.95
3281, 3304.97
3282, 3301.95
3283, 3306.97
3284, 3303.97
3285, 3305.97
3286, 3310.01
3287, 3307.01
3288, 3305.97
3289, 3309.01
3290, 3309.01
3291, 3310.01
3292, 3311.04
3293, 3314.08
3294, 3315.08
3295, 3313.06
3296, 3314.08
3297, 3321.12
3298, 3320.15
3299, 3319.12
3300, 3323.17
3301, 3321.12
3302, 3323.17
3303, 3325.17
3304, 3322.15
3305, 3327.19
3306, 3326.21
3307, 3322.17
3308, 3328.21
3309, 3329.24
3310, 3331.26
3311, 3331.24
3312, 3336.3
3313, 3335.28
3314, 3330.26
3315, 3334.28
3316, 3335.32
3317, 3335.3
3318, 3338.32
3319, 3337.32
3320, 3343.39
3321, 3338.35
3322, 3336.3
3323, 3344.41
3324, 3343.37
3325, 3347.43
3326, 3344.39
3327, 3349.46
3328, 3344.43
3329, 3349.46
3330, 3351.48
3331, 3355.52
3332, 3351.48
3333, 3351.48
3334, 3352.48
3335, 3353.5
3336, 3355.52
3337, 3354.52
3338, 3356.54
3339, 3358.54
3340, 3357.54
3341, 3359.57
3342, 3361.61
3343, 3362.59
3344, 3360.59
3345, 3367.66
3346, 3365.63
3347, 3366.63
3348, 3369.68
3349, 3367.68
3350, 3366.66
3351, 3375.74
3352, 3372.7
3353, 3373.72
3354, 3374.74
3355, 3375.74
3356, 3374.72
3357, 3376.77
3358, 3378.77
3359, 3380.79
3360, 3380.79
3361, 3377.77
3362, 3377.79
3363, 3384.85
3364, 3381.81
3365, 3387.88
3366, 3387.88
3367, 3388.88
3368, 3390.9
3369, 3389.9
3370, 3390.92
3371, 3391.92
3372, 3394.94
3373, 3401.01
3374, 3394.94
3375, 3397.99
3376, 3396.99
3377, 3398.99
3378, 3397.96
3379, 3398.99
3380, 3401.01
3381, 3404.05
3382, 3400.03
3383, 3406.08
3384, 3402.03
3385, 3409.1
3386, 3408.1
3387, 3410.12
3388, 3407.1
3389, 3409.1
3390, 3409.1
3391, 3410.12
3392, 3412.14
3393, 3418.21
3394, 3414.16
3395, 3420.23
3396, 3421.23
3397, 3422.23
3398, 3421.23
3399, 3420.23
3400, 3424.3
3401, 3423.25
3402, 3422.25
3403, 3425.27
3404, 3427.3
3405, 3427.32
3406, 3432.38
3407, 3426.32
3408, 3426.27
3409, 3431.36
3410, 3431.34
3411, 3430.36
3412, 3435.38
3413, 3435.38
3414, 3434.38
3415, 3436.41
3416, 3440.43
3417, 3436.41
3418, 3436.41
3419, 3440.43
3420, 3441.47
3421, 3439.43
3422, 3440.47
3423, 3441.45
3424, 3441.47
3425, 3444.5
3426, 3446.52
3427, 3451.56
3428, 3450.56
3429, 3449.54
3430, 3449.54
3431, 3451.58
3432, 3456.63
3433, 3453.58
3434, 3451.56
3435, 3456.61
3436, 3456.63
3437, 3458.65
3438, 3458.65
3439, 3456.63
3440, 3462.67
3441, 3458.65
3442, 3460.69
3443, 3463.69
3444, 3464.72
3445, 3463.69
3446, 3461.67
3447, 3468.76
3448, 3466.74
3449, 3469.76
3450, 3468.78
3451, 3469.76
3452, 3471.78
3453, 3472.8
3454, 3473.83
3455, 3473.8
3456, 3473.8
3457, 3475.83
3458, 3478.87
3459, 3478.87
3460, 3474.83
3461, 3484.94
3462, 3480.89
3463, 3477.87
3464, 3489.98
3465, 3484.94
3466, 3483.92
3467, 3486.96
3468, 3486.96
3469, 3489.98
3470, 3491
3471, 3497.05
3472, 3490
3473, 3486.98
3474, 3493.03
3475, 3494.05
3476, 3498.07
3477, 3498.07
3478, 3497.05
3479, 3499.07
3480, 3498.09
3481, 3504.14
3482, 3493.03
3483, 3499.11
3484, 3505.14
3485, 3506.16
3486, 3502.14
3487, 3507.18
3488, 3506.16
3489, 3511.2
3490, 3511.22
3491, 3511.22
3492, 3514.27
3493, 3514.27
3494, 3514.25
3495, 3515.27
3496, 3512.27
3497, 3517.29
3498, 3521.36
3499, 3518.29
3500, 3525.4
3501, 3528.4
3502, 3521.34
3503, 3527.4
3504, 3526.4
3505, 3525.38
3506, 3528.4
3507, 3526.4
3508, 3529.42
3509, 3530.45
3510, 3529.42
3511, 3529.45
3512, 3532.47
3513, 3535.49
3514, 3534.53
3515, 3538.53
3516, 3537.51
3517, 3535.49
3518, 3535.51
3519, 3539.53
3520, 3538.56
3521, 3547.6
3522, 3542.58
3523, 3546.6
3524, 3547.62
3525, 3553.69
3526, 3546.62
3527, 3552.67
3528, 3550.67
3529, 3553.67
3530, 3553.71
3531, 3556.73
3532, 3551.67
3533, 3555.71
3534, 3556.71
3535, 3558.73
3536, 3560.76
3537, 3562.78
3538, 3561.8
3539, 3559.76
3540, 3561.78
3541, 3566.82
3542, 3564.82
3543, 3564.82
3544, 3562.8
3545, 3570.87
3546, 3571.89
3547, 3567.87
3548, 3570.87
3549, 3572.89
3550, 3567.87
3551, 3564.89
3552, 3573.91
3553, 3573.91
3554, 3576.95
3555, 3576.95
3556, 3577.95
3557, 3580.98
3558, 3578.98
3559, 3583
3560, 3580.98
3561, 3583
3562, 3584.02
3563, 3583.02
3564, 3585.04
3565, 3586.04
3566, 3590.06
3567, 3591.09
3568, 3589.06
3569, 3587.06
3570, 3591.09
3571, 3591.09
3572, 3591.09
3573, 3590.11
3574, 3594.13
3575, 3602.2
3576, 3594.13
3577, 3598.18
3578, 3597.18
3579, 3601.2
3580, 3603.22
3581, 3600.2
3582, 3602.22
3583, 3603.22
3584, 3605.24
3585, 3606.24
3586, 3609.31
3587, 3611.33
3588, 3608.31
3589, 3604.24
3590, 3613.33
3591, 3612.33
3592, 3614.35
3593, 3617.37
3594, 3613.35
3595, 3615.37
3596, 3617.42
3597, 3615.37
3598, 3617.42
3599, 3620.42
3600, 3623.44
3601, 3623.44
3602, 3625.46
3603, 3627.49
3604, 3628.51
3605, 3627.51
3606, 3627.49
3607, 3627.49
3608, 3631.53
3609, 3634.57
3610, 3630.53
3611, 3635.57
3612, 3635.57
3613, 3637.6
3614, 3634.57
3615, 3631.57
3616, 3639.64
3617, 3640.64
3618, 3643.68
3619, 3637.62
3620, 3645.68
3621, 3644.71
3622, 3648.71
3623, 3646.71
3624, 3648.71
3625, 3647.71
3626, 3654.77
3627, 3646.73
3628, 3649.75
3629, 3652.77
3630, 3652.77
3631, 3654.79
3632, 3652.79
3633, 3654.79
3634, 3659.84
3635, 3661.86
3636, 3654.79
3637, 3659.86
3638, 3661.88
3639, 3658.84
3640, 3663.88
3641, 3661.86
3642, 3667.93
3643, 3666.93
3644, 3672.99
3645, 3669.95
3646, 3668.95
3647, 3672.97
3648, 3671.97
3649, 3675.02
3650, 3675.02
3651, 3667.99
3652, 3679.06
3653, 3677.04
3654, 3679.06
3655, 3680.06
3656, 3675.02
3657, 3682.08
3658, 3683.1
3659, 3681.08
3660, 3688.15
3661, 3690.17
3662, 3689.17
3663, 3688.15
3664, 3686.13
3665, 3690.19
3666, 3690.17
3667, 3691.19
3668, 3690.19
3669, 3692.21
3670, 3693.21
3671, 3694.21
3672, 3698.26
3673, 3699.28
3674, 3700.3
3675, 3704.35
3676, 3701.3
3677, 3700.28
3678, 3701.33
3679, 3704.35
3680, 3701.33
3681, 3699.3
3682, 3706.35
3683, 3708.37
3684, 3708.39
3685, 3706.37
3686, 3710.39
3687, 3707.37
3688, 3707.37
3689, 3711.41
3690, 3713.44
3691, 3713.44
3692, 3715.46
3693, 3720.5
3694, 3717.48
3695, 3718.5
3696, 3720.5
3697, 3722.52
3698, 3724.55
3699, 3724.55
3700, 3724.55
3701, 3722.55
3702, 3720.5
3703, 3724.57
3704, 3725.57
3705, 3727.57
3706, 3729.61
3707, 3727.61
3708, 3729.61
3709, 3732.63
3710, 3732.63
3711, 3734.66
3712, 3733.66
3713, 3734.68
3714, 3733.66
3715, 3736.7
3716, 3740.72
3717, 3740.72
3718, 3738.75
3719, 3739.75
3720, 3743.77
3721, 3741.75
3722, 3741.75
3723, 3745.79
3724, 3744.81
3725, 3745.79
3726, 3748.81
3727, 3753.86
3728, 3752.86
3729, 3754.88
3730, 3752.88
3731, 3756.9
3732, 3753.88
3733, 3756.92
3734, 3757.92
3735, 3757.92
3736, 3757.92
3737, 3761.97
3738, 3762.97
3739, 3764.99
3740, 3763.99
3741, 3761.99
3742, 3766.01
3743, 3765.01
3744, 3767.01
3745, 3771.05
3746, 3773.08
3747, 3770.05
3748, 3773.08
3749, 3771.08
3750, 3773.1
3751, 3778.14
3752, 3776.12
3753, 3779.14
3754, 3777.12
3755, 3779.14
3756, 3781.17
3757, 3783.19
3758, 3784.21
3759, 3780.14
3760, 3783.19
3761, 3787.23
3762, 3789.28
3763, 3787.25
3764, 3786.23
3765, 3788.25
3766, 3793.3
3767, 3794.32
3768, 3789.25
3769, 3790.28
3770, 3797.36
3771, 3797.34
3772, 3798.34
3773, 3799.36
3774, 3799.36
3775, 3803.43
3776, 3797.39
3777, 3802.41
3778, 3801.39
3779, 3804.45
3780, 3808.47
3781, 3809.47
3782, 3805.43
3783, 3803.43
3784, 3811.52
3785, 3811.52
3786, 3811.52
3787, 3817.56
3788, 3812.52
3789, 3815.54
3790, 3816.56
3791, 3816.56
3792, 3819.61
3793, 3815.54
3794, 3816.56
3795, 3821.61
3796, 3821.63
3797, 3816.56
3798, 3820.61
3799, 3826.65
3800, 3825.65
3801, 3825.67
3802, 3827.67
3803, 3826.7
3804, 3826.67
3805, 3831.74
3806, 3829.7
3807, 3830.72
3808, 3835.76
3809, 3836.76
3810, 3837.78
3811, 3833.74
3812, 3835.78
3813, 3837.78
3814, 3838.81
3815, 3839.83
3816, 3837.78
3817, 3839.83
3818, 3841.83
3819, 3844.87
3820, 3841.83
3821, 3841.85
3822, 3842.85
3823, 3845.87
3824, 3850.94
3825, 3845.89
3826, 3840.83
3827, 3847.89
3828, 3844.87
3829, 3850.94
3830, 3847.89
3831, 3853.96
3832, 3857.01
3833, 3853.98
3834, 3857.01
3835, 3855.98
3836, 3860.03
3837, 3857.01
3838, 3860.05
3839, 3859.03
3840, 3861.05
3841, 3862.05
3842, 3861.03
3843, 3865.09
3844, 3867.12
3845, 3865.12
3846, 3869.12
3847, 3868.12
3848, 3869.14
3849, 3873.18
3850, 3871.18
3851, 3874.18
3852, 3874.18
3853, 3873.18
3854, 3874.2
3855, 3876.23
3856, 3877.23
3857, 3878.23
3858, 3875.23
3859, 3882.27
3860, 3884.31
3861, 3882.29
3862, 3882.31
3863, 3886.31
3864, 3885.29
3865, 3892.38
3866, 3888.36
3867, 3889.36
3868, 3888.36
3869, 3891.38
3870, 3892.38
3871, 3893.4
3872, 3895.43
3873, 3896.43
3874, 3895.43
3875, 3896.43
3876, 3897.47
3877, 3899.47
3878, 3902.49
3879, 3903.51
3880, 3903.51
3881, 3902.49
3882, 3904.54
3883, 3910.6
3884, 3906.56
3885, 3906.54
3886, 3906.54
3887, 3910.58
3888, 3917.67
3889, 3912.62
3890, 3909.6
3891, 3915.65
3892, 3918.67
3893, 3918.67
3894, 3914.65
3895, 3918.67
3896, 3921.71
3897, 3917.67
3898, 3923.73
3899, 3919.69
3900, 3927.78
3901, 3922.71
3902, 3924.73
3903, 3928.78
3904, 3929.8
3905, 3926.76
3906, 3930.82
3907, 3932.85
3908, 3934.85
3909, 3933.85
3910, 3930.85
3911, 3935.87
3912, 3936.87
3913, 3931.8
3914, 3936.87
3915, 3941.93
3916, 3932.85
3917, 3941.93
3918, 3941.91
3919, 3941.93
3920, 3944.96
3921, 3945.98
3922, 3942.93
3923, 3944.96
3924, 3946.98
3925, 3944.98
3926, 3954.02
3927, 3952.02
3928, 3951.02
3929, 3952.02
3930, 3954.04
3931, 3953.07
3932, 3957.09
3933, 3955.07
3934, 3955.07
3935, 3956.09
3936, 3960.11
3937, 3958.11
3938, 3961.13
3939, 3963.15
3940, 3959.11
3941, 3961.15
3942, 3966.2
3943, 3971.24
3944, 3966.2
3945, 3967.2
3946, 3966.18
3947, 3965.18
3948, 3970.22
3949, 3968.24
3950, 3975.29
3951, 3967.2
3952, 3972.27
3953, 3973.29
3954, 3969.22
3955, 3974.29
3956, 3978.33
3957, 3980.35
3958, 3981.35
3959, 3981.35
3960, 3981.38
3961, 3980.35
3962, 3985.4
3963, 3983.38
3964, 3987.42
3965, 3987.42
3966, 3986.42
3967, 3988.42
3968, 3989.44
3969, 3987.44
3970, 3990.49
3971, 3995.51
3972, 3993.49
3973, 3992.46
3974, 3995.53
3975, 3998.53
3976, 3999.55
3977, 3998.55
3978, 3999.55
3979, 4001.57
3980, 3998.55
3981, 3999.57
3982, 4004.62
3983, 4003.62
3984, 4003.6
3985, 4004.62
3986, 4007.64
3987, 4009.66
3988, 4008.66
3989, 4008.69
3990, 4010.69
3991, 4015.73
3992, 4013.71
3993, 4015.73
3994, 4019.77
3995, 4011.73
3996, 4019.77
3997, 4018.77
3998, 4021.8
3999, 4022.82
4000, 4021.8
4001, 4020.82
4002, 4024.84
4003, 4023.84
4004, 4030.88
4005, 4028.88
4006, 4028.91
4007, 4030.88
4008, 4032.91
4009, 4028.88
4010, 4032.93
4011, 4033.93
4012, 4035.95
4013, 4036.97
4014, 4035.95
4015, 4034.95
4016, 4038.99
4017, 4041.02
4018, 4043.04
4019, 4037.99
4020, 4044.04
4021, 4043.04
4022, 4045.06
4023, 4047.06
4024, 4043.04
4025, 4048.08
4026, 4050.11
4027, 4049.11
4028, 4050.11
4029, 4050.11
4030, 4050.11
4031, 4049.11
4032, 4051.13
4033, 4049.11
4034, 4052.13
4035, 4049.11
4036, 4051.13
4037, 4053.13
4038, 4049.11
4039, 4052.13
4040, 4050.11
4041, 4051.13
4042, 4053.13
4043, 4052.13
4044, 4051.13
4045, 4052.13
4046, 4049.11
4047, 4051.13
4048, 4052.13
4049, 4052.13
4050, 4045.06
4051, 4052.13
4052, 4052.13
4053, 4051.13
4054, 4051.13
4055, 4051.13
4056, 4049.08
4057, 4052.13
4058, 4049.11
4059, 4051.13
4060, 4050.13
4061, 4049.11
4062, 4051.13
4063, 4049.13
4064, 4052.13
4065, 4053.13
4066, 4051.13
4067, 4052.13
4068, 4052.13
4069, 4052.13
4070, 4053.13
4071, 4052.13
4072, 4051.13
4073, 4052.13
4074, 4052.13
4075, 4052.13
4076, 4051.13
4077, 4052.13
4078, 4049.11
4079, 4046.13
4080, 4052.13
4081, 4052.13
4082, 4052.13
4083, 4051.13
4084, 4052.13
4085, 4052.13
4086, 4050.13
4087, 4046.08
4088, 4051.13
4089, 4052.13
4090, 4052.13
4091, 4052.13
4092, 4051.13
4093, 4050.13
4094, 4051.13
4095, 4051.13
