0.0015759
0.00316199
0.00475826
0.00636469
0.00798126
0.00960796
0.0112448
0.0128917
0.0145486
0.0162156
0.0178926
0.0195797
0.0212767
0.0229836
0.0247005
0.0264273
0.028164
0.0299105
0.0316668
0.033433
0.0352089
0.0369945
0.0387899
0.0405949
0.0424095
0.0442338
0.0460676
0.047911
0.0497639
0.0516263
0.053498
0.0553792
0.0572697
0.0591695
0.0610786
0.0629969
0.0649244
0.0668611
0.0688068
0.0707616
0.0727253
0.0746981
0.0766797
0.0786702
0.0806694
0.0826775
0.0846942
0.0867195
0.0887534
0.0907959
0.0928468
0.0949062
0.0969738
0.0990498
0.101134
0.103226
0.105327
0.107435
0.109552
0.111676
0.113808
0.115948
0.118096
0.120251
0.122414
0.124584
0.126761
0.128946
0.131138
0.133337
0.135544
0.137757
0.139977
0.142204
0.144437
0.146678
0.148924
0.151178
0.153437
0.155703
0.157975
0.160253
0.162537
0.164827
0.167122
0.169424
0.17173
0.174042
0.17636
0.178683
0.181011
0.183343
0.185681
0.188024
0.190371
0.192722
0.195078
0.197439
0.199803
0.202172
0.204544
0.20692
0.2093
0.211683
0.21407
0.21646
0.218853
0.221249
0.223648
0.22605
0.228454
0.230861
0.233269
0.23568
0.238093
0.240508
0.242924
0.245342
0.247761
0.250181
0.252602
0.255025
0.257448
0.259871
0.262295
0.264719
0.267143
0.269566
0.27199
0.274413
0.276835
0.279256
0.281677
0.284096
0.286514
0.28893
0.291344
0.293756
0.296167
0.298574
0.30098
0.303382
0.305782
0.308178
0.310571
0.312961
0.315346
0.317728
0.320105
0.322479
0.324847
0.327211
0.329569
0.331923
0.334271
0.336613
0.338949
0.341279
0.343603
0.34592
0.34823
0.350534
0.35283
0.355118
0.357399
0.359671
0.361936
0.364191
0.366439
0.368677
0.370906
0.373125
0.375335
0.377535
0.379724
0.381903
0.384071
0.386229
0.388375
0.390509
0.392632
0.394743
0.396841
0.398927
0.401
0.40306
0.405107
0.40714
0.409159
0.411164
0.413154
0.41513
0.41709
0.419036
0.420965
0.422879
0.424777
0.426658
0.428523
0.430371
0.432201
0.434014
0.435809
0.437586
0.439344
0.441084
0.442805
0.444506
0.446188
0.44785
0.449492
0.451113
0.452713
0.454293
0.455851
0.457387
0.458902
0.460394
0.461863
0.46331
0.464734
0.466134
0.46751
0.468862
0.47019
0.471494
0.472772
0.474025
0.475252
0.476454
0.477629
0.478778
0.4799
0.480995
0.482063
0.483103
0.484115
0.485099
0.486054
0.48698
0.487877
0.488745
0.489582
0.49039
0.491167
0.491914
0.49263
0.493314
0.493967
0.494588
0.495177
0.495734
0.496257
0.496748
0.497206
0.497629
0.498019
0.498375
0.498697
0.498984
0.499235
0.499452
0.499633
0.499778
0.499887
0.49996
0.499996
0.499995
0.499957
0.499882
0.499769
0.499618
0.499429
0.499201
0.498935
0.49863
0.498285
0.497902
0.497478
0.497015
0.496512
0.495968
0.495383
0.494758
0.494092
0.493385
0.492636
0.491845
0.491013
0.490138
0.489222
0.488262
0.48726
0.486216
0.485128
0.483997
0.482822
0.481604
0.480342
0.479037
0.477687
0.476293
0.474855
0.473372
0.471844
0.470272
0.468654
0.466992
0.465285
0.463532
0.461733
0.45989
0.458
0.456065
0.454084
0.452057
0.449985
0.447866
0.445701
0.44349
0.441232
0.438929
0.436579
0.434182
0.431739
0.42925
0.426715
0.424133
0.421504
0.418829
0.416107
0.413339
0.410525
0.407664
0.404757
0.401804
0.398804
0.395758
0.392666
0.389527
0.386343
0.383113
0.379837
0.376515
0.373148
0.369735
0.366276
0.362773
0.359224
0.355631
0.351992
0.348309
0.344581
0.340809
0.336993
0.333133
0.329229
0.325282
0.321292
0.317258
0.313182
0.309063
0.304901
0.300698
0.296453
0.292166
0.287839
0.28347
0.27906
0.274611
0.270121
0.265592
0.261023
0.256416
0.25177
0.247086
0.242364
0.237605
0.232808
0.227975
0.223106
0.218201
0.213261
0.208286
0.203277
0.198233
0.193156
0.188047
0.182904
0.17773
0.172524
0.167287
0.16202
0.156723
0.151397
0.146042
0.140659
0.135248
0.12981
0.124346
0.118856
0.113341
0.107801
0.102238
0.0966507
0.0910413
0.0854098
0.0797571
0.0740839
0.0683907
0.0626784
0.0569476
0.0511991
0.0454335
0.0396517
0.0338543
0.0280422
0.022216
0.0163767
0.0105249
0.00466142
-0.0012129
-0.00709725
-0.0129908
-0.0188928
-0.0248023
-0.0307186
-0.0366407
-0.0425679
-0.0484991
-0.0544337
-0.0603706
-0.066309
-0.0722481
-0.0781868
-0.0841243
-0.0900596
-0.0959919
-0.10192
-0.107844
-0.113761
-0.119672
-0.125574
-0.131468
-0.137353
-0.143226
-0.149088
-0.154937
-0.160773
-0.166594
-0.172399
-0.178187
-0.183958
-0.189709
-0.195442
-0.201153
-0.206842
-0.212509
-0.218151
-0.223769
-0.229361
-0.234925
-0.240461
-0.245969
-0.251445
-0.256891
-0.262304
-0.267684
-0.273029
-0.278339
-0.283612
-0.288847
-0.294043
-0.299199
-0.304315
-0.309388
-0.314418
-0.319404
-0.324344
-0.329238
-0.334085
-0.338883
-0.343632
-0.34833
-0.352976
-0.357569
-0.362108
-0.366592
-0.371021
-0.375392
-0.379705
-0.383959
-0.388152
-0.392285
-0.396355
-0.400361
-0.404304
-0.40818
-0.411991
-0.415734
-0.419408
-0.423014
-0.426548
-0.430011
-0.433402
-0.43672
-0.439963
-0.443131
-0.446223
-0.449237
-0.452174
-0.455031
-0.457809
-0.460506
-0.463121
-0.465654
-0.468103
-0.470468
-0.472748
-0.474942
-0.477049
-0.479069
-0.481
-0.482842
-0.484595
-0.486257
-0.487827
-0.489306
-0.490691
-0.491983
-0.493182
-0.494285
-0.495293
-0.496205
-0.49702
-0.497738
-0.498358
-0.49888
-0.499303
-0.499627
-0.49985
-0.499974
-0.499996
-0.499917
-0.499737
-0.499454
-0.499069
-0.498581
-0.49799
-0.497295
-0.496497
-0.495594
-0.494588
-0.493476
-0.49226
-0.490939
-0.489513
-0.487982
-0.486345
-0.484603
-0.482756
-0.480802
-0.478744
-0.47658
-0.47431
-0.471935
-0.469455
-0.466869
-0.464178
-0.461383
-0.458482
-0.455477
-0.452368
-0.449155
-0.445838
-0.442418
-0.438894
-0.435269
-0.43154
-0.42771
-0.423779
-0.419747
-0.415614
-0.411382
-0.407051
-0.402621
-0.398093
-0.393468
-0.388746
-0.383928
-0.379015
-0.374008
-0.368907
-0.363714
-0.358429
-0.353053
-0.347586
-0.342031
-0.336388
-0.330658
-0.324841
-0.31894
-0.312955
-0.306887
-0.300738
-0.294508
-0.288199
-0.281812
-0.275349
-0.26881
-0.262197
-0.255512
-0.248755
-0.241929
-0.235034
-0.228072
-0.221044
-0.213953
-0.206799
-0.199585
-0.192311
-0.18498
-0.177593
-0.170151
-0.162658
-0.155113
-0.147519
-0.139878
-0.132192
-0.124462
-0.11669
-0.108878
-0.101028
-0.0931423
-0.0852223
-0.0772702
-0.0692878
-0.0612773
-0.0532406
-0.0451798
-0.037097
-0.0289943
-0.0208736
-0.0127373
-0.00458735
0.00357402
0.0117446
0.0199223
0.0281049
0.03629
0.0444756
0.0526594
0.060839
0.0690123
0.0771768
0.0853305
0.0934708
0.101596
0.109702
0.117789
0.125853
0.133892
0.141903
0.149885
0.157835
0.165751
0.173629
0.181469
0.189267
0.19702
0.204728
0.212387
0.219994
0.227548
0.235046
0.242486
0.249865
0.257181
0.264431
0.271614
0.278727
0.285767
0.292732
0.29962
0.306428
0.313154
0.319797
0.326353
0.33282
0.339196
0.345479
0.351667
0.357757
0.363747
0.369635
0.375419
0.381097
0.386666
0.392124
0.39747
0.402702
0.407816
0.412813
0.417688
0.422441
0.427069
0.431571
0.435945
0.440189
0.444301
0.44828
0.452123
0.455829
0.459397
0.462824
0.466109
0.469252
0.472249
0.4751
0.477803
0.480357
0.482761
0.485013
0.487111
0.489056
0.490845
0.492478
0.493953
0.49527
0.496427
0.497423
0.498259
0.498932
0.499442
0.499788
0.49997
0.499987
0.499838
0.499524
0.499043
0.498395
0.49758
0.496597
0.495447
0.494129
0.492642
0.490988
0.489165
0.487175
0.485016
0.48269
0.480197
0.477536
0.474709
0.471715
0.468555
0.46523
0.461741
0.458087
0.45427
0.450291
0.44615
0.441848
0.437387
0.432767
0.42799
0.423056
0.417968
0.412725
0.407331
0.401785
0.39609
0.390248
0.384259
0.378125
0.371849
0.365432
0.358877
0.352184
0.345356
0.338395
0.331303
0.324082
0.316735
0.309265
0.301672
0.29396
0.286132
0.278189
0.270134
0.261971
0.253701
0.245328
0.236855
0.228284
0.219617
0.21086
0.202013
0.193081
0.184066
0.174972
0.165801
0.156558
0.147246
0.137867
0.128426
0.118926
0.10937
0.0997615
0.0901046
0.0804028
0.0706598
0.0608791
0.0510646
0.04122
0.031349
0.0214556
0.0115436
0.00161679
-0.00832085
-0.0182654
-0.0282129
-0.0381594
-0.0481009
-0.0580334
-0.0679529
-0.0778552
-0.0877364
-0.0975924
-0.107419
-0.117212
-0.126968
-0.136682
-0.146351
-0.15597
-0.165535
-0.175041
-0.184486
-0.193865
-0.203173
-0.212407
-0.221563
-0.230636
-0.239622
-0.248518
-0.25732
-0.266023
-0.274623
-0.283118
-0.291501
-0.299771
-0.307923
-0.315952
-0.323856
-0.331631
-0.339273
-0.346777
-0.354142
-0.361362
-0.368435
-0.375357
-0.382125
-0.388734
-0.395183
-0.401467
-0.407583
-0.413528
-0.4193
-0.424894
-0.430309
-0.43554
-0.440586
-0.445444
-0.45011
-0.454582
-0.458858
-0.462935
-0.466811
-0.470483
-0.47395
-0.477208
-0.480256
-0.483093
-0.485715
-0.488122
-0.490311
-0.492281
-0.494031
-0.495558
-0.496862
-0.497942
-0.498796
-0.499423
-0.499822
-0.499993
-0.499935
-0.499646
-0.499127
-0.498377
-0.497397
-0.496184
-0.49474
-0.493065
-0.491159
-0.489021
-0.486653
-0.484054
-0.481225
-0.478168
-0.474882
-0.47137
-0.46763
-0.463666
-0.459478
-0.455067
-0.450436
-0.445584
-0.440516
-0.435231
-0.429732
-0.424022
-0.418102
-0.411975
-0.405642
-0.399107
-0.392373
-0.385441
-0.378315
-0.370997
-0.363492
-0.355801
-0.347928
-0.339878
-0.331652
-0.323255
-0.31469
-0.305962
-0.297073
-0.288029
-0.278833
-0.26949
-0.260003
-0.250377
-0.240617
-0.230727
-0.220712
-0.210576
-0.200324
-0.189962
-0.179494
-0.168926
-0.158261
-0.147507
-0.136667
-0.125747
-0.114753
-0.103691
-0.0925645
-0.0813807
-0.0701448
-0.0588624
-0.0475395
-0.0361817
-0.0247948
-0.0133849
-0.0019578
0.00948055
0.0209241
0.0323669
0.0438029
0.055226
0.0666301
0.0780091
0.0893568
0.100667
0.111934
0.123151
0.134313
0.145413
0.156444
0.167402
0.178279
0.189069
0.199768
0.210367
0.220863
0.231248
0.241516
0.251662
0.26168
0.271563
0.281307
0.290906
0.300353
0.309643
0.318771
0.327731
0.336517
0.345125
0.353549
0.361785
0.369825
0.377667
0.385305
0.392734
0.399949
0.406946
0.413721
0.420268
0.426584
0.432664
0.438504
0.444101
0.449451
0.454549
0.459392
0.463978
0.468302
0.472362
0.476154
0.479675
0.482923
0.485896
0.48859
0.491004
0.493135
0.494982
0.496542
0.497815
0.498798
0.49949
0.49989
0.499997
0.499811
0.49933
0.498555
0.497484
0.496118
0.494457
0.492502
0.490251
0.487707
0.48487
0.481741
0.478321
0.474611
0.470613
0.466329
0.46176
0.456908
0.451777
0.446367
0.440682
0.434725
0.428499
0.422006
0.41525
0.408234
0.400963
0.393439
0.385668
0.377652
0.369397
0.360908
0.352188
0.343242
0.334076
0.324695
0.315104
0.305309
0.295315
0.285128
0.274754
0.264199
0.253469
0.242571
0.231511
0.220296
0.208932
0.197426
0.185786
0.174018
0.162129
0.150128
0.138021
0.125816
0.11352
0.101142
0.0886881
0.0761674
0.0635874
0.0509563
0.038282
0.0255727
0.0128367
8.20321e-05
-0.0126829
-0.0254497
-0.03821
-0.0509556
-0.0636779
-0.0763685
-0.089019
-0.101621
-0.114166
-0.126645
-0.13905
-0.151373
-0.163606
-0.175739
-0.187764
-0.199674
-0.21146
-0.223114
-0.234627
-0.245991
-0.257199
-0.268243
-0.279114
-0.289806
-0.300309
-0.310617
-0.320723
-0.330618
-0.340295
-0.349749
-0.35897
-0.367953
-0.376691
-0.385177
-0.393405
-0.401368
-0.409061
-0.416477
-0.423611
-0.430457
-0.437009
-0.443263
-0.449213
-0.454855
-0.460183
-0.465193
-0.469882
-0.474244
-0.478277
-0.481976
-0.485338
-0.488361
-0.49104
-0.493374
-0.495359
-0.496995
-0.498278
-0.499207
-0.499781
-0.499998
-0.499857
-0.499358
-0.4985
-0.497284
-0.495708
-0.493773
-0.49148
-0.488831
-0.485825
-0.482464
-0.47875
-0.474685
-0.470271
-0.46551
-0.460405
-0.45496
-0.449176
-0.443059
-0.436611
-0.429837
-0.42274
-0.415326
-0.407599
-0.399564
-0.391226
-0.382592
-0.373666
-0.364455
-0.354965
-0.345203
-0.335175
-0.324887
-0.314349
-0.303566
-0.292546
-0.281297
-0.269828
-0.258146
-0.246259
-0.234177
-0.221908
-0.209461
-0.196845
-0.18407
-0.171144
-0.158078
-0.14488
-0.131562
-0.118133
-0.104603
-0.0909825
-0.0772816
-0.0635108
-0.0496808
-0.035802
-0.0218853
-0.00794132
0.00601903
0.0199849
0.0339453
0.0478894
0.0618061
0.0756845
0.0895134
0.103282
0.116979
0.130594
0.144115
0.157532
0.170834
0.18401
0.197049
0.20994
0.222674
0.235238
0.247624
0.25982
0.271817
0.283603
0.295171
0.306508
0.317607
0.328456
0.339048
0.349373
0.359421
0.369185
0.378655
0.387823
0.396681
0.405222
0.413437
0.421318
0.42886
0.436054
0.442895
0.449375
0.455489
0.461231
0.466595
0.471576
0.476169
0.480369
0.484172
0.487574
0.490572
0.493161
0.49534
0.497104
0.498453
0.499383
0.499893
0.499982
0.499649
0.498894
0.497715
0.496114
0.49409
0.491644
0.488778
0.485493
0.481792
0.477675
0.473147
0.46821
0.462868
0.457123
0.450981
0.444446
0.437523
0.430216
0.422532
0.414476
0.406055
0.397274
0.388142
0.378665
0.368851
0.358707
0.348242
0.337465
0.326384
0.315009
0.303348
0.291412
0.279211
0.266754
0.254052
0.241117
0.227959
0.214589
0.201019
0.18726
0.173325
0.159225
0.144974
0.130582
0.116064
0.101431
0.0866977
0.0718758
0.0569789
0.0420205
0.0270138
0.0119725
-0.00308987
-0.0181596
-0.0332231
-0.0482665
-0.063276
-0.0782379
-0.0931383
-0.107963
-0.1227
-0.137333
-0.15185
-0.166237
-0.18048
-0.194566
-0.208482
-0.222214
-0.23575
-0.249075
-0.262178
-0.275046
-0.287666
-0.300026
-0.312113
-0.323917
-0.335425
-0.346626
-0.357509
-0.368063
-0.378277
-0.388141
-0.397645
-0.40678
-0.415535
-0.423902
-0.431871
-0.439436
-0.446587
-0.453317
-0.459619
-0.465485
-0.47091
-0.475888
-0.480411
-0.484477
-0.488078
-0.491212
-0.493874
-0.496061
-0.497769
-0.498996
-0.49974
-0.5
-0.499773
-0.49906
-0.497859
-0.496172
-0.493999
-0.491341
-0.488199
-0.484577
-0.480476
-0.475899
-0.470851
-0.465335
-0.459356
-0.452919
-0.446029
-0.438692
-0.430915
-0.422704
-0.414068
-0.405013
-0.395548
-0.385682
-0.375424
-0.364782
-0.353768
-0.342392
-0.330664
-0.318595
-0.306197
-0.293482
-0.280463
-0.267151
-0.25356
-0.239702
-0.225593
-0.211244
-0.196672
-0.181889
-0.166911
-0.151753
-0.13643
-0.120957
-0.105351
-0.0896256
-0.0737983
-0.0578849
-0.0419016
-0.025865
-0.00979133
0.00630264
0.0224003
0.0384848
0.0545396
0.0705477
0.0864925
0.102357
0.118125
0.133779
0.149302
0.164679
0.179893
0.194927
0.209765
0.224391
0.23879
0.252946
0.266842
0.280465
0.293799
0.306829
0.31954
0.33192
0.343953
0.355627
0.366928
0.377843
0.38836
0.398467
0.408152
0.417405
0.426213
0.434568
0.442458
0.449876
0.456811
0.463255
0.4692
0.47464
0.479567
0.483974
0.487857
0.491209
0.494027
0.496306
0.498042
0.499233
0.499876
0.49997
0.499514
0.498506
0.496948
0.494839
0.492182
0.488977
0.485228
0.480938
0.476111
0.47075
0.464862
0.458451
0.451524
0.444087
0.436148
0.427716
0.418798
0.409403
0.399543
0.389225
0.378463
0.367266
0.355647
0.343618
0.331192
0.318383
0.305204
0.29167
0.277795
0.263595
0.249085
0.234282
0.219201
0.20386
0.188276
0.172466
0.156449
0.140241
0.123862
0.10733
0.090664
0.0738831
0.0570065
0.0400537
0.0230442
0.0059977
-0.011066
-0.028127
-0.0451653
-0.0621611
-0.0790942
-0.0959449
-0.112693
-0.129319
-0.145803
-0.162124
-0.178265
-0.194205
-0.209925
-0.225406
-0.240629
-0.255577
-0.270229
-0.28457
-0.29858
-0.312243
-0.325542
-0.33846
-0.350981
-0.363089
-0.37477
-0.386008
-0.396789
-0.407099
-0.416926
-0.426256
-0.435076
-0.443377
-0.451146
-0.458374
-0.46505
-0.471166
-0.476712
-0.481683
-0.486069
-0.489865
-0.493066
-0.495665
-0.49766
-0.499046
-0.499821
-0.499983
-0.49953
-0.498462
-0.496779
-0.494483
-0.491574
-0.488056
-0.483931
-0.479205
-0.473881
-0.467965
-0.461464
-0.454385
-0.446735
-0.438523
-0.429758
-0.420451
-0.410612
-0.400252
-0.389384
-0.378021
-0.366175
-0.353861
-0.341094
-0.327889
-0.314262
-0.300229
-0.285808
-0.271016
-0.255872
-0.240394
-0.224601
-0.208512
-0.192149
-0.175531
-0.158679
-0.141614
-0.124358
-0.106932
-0.0893597
-0.0716621
-0.0538622
-0.0359828
-0.0180468
-7.72778e-05
0.0179025
0.0358694
0.0537999
0.0716708
0.0894587
0.10714
0.124693
0.142092
0.159316
0.176342
0.193146
0.209707
0.226003
0.242011
0.25771
0.27308
0.288098
0.302745
0.317
0.330845
0.34426
0.357227
0.369727
0.381744
0.39326
0.40426
0.414727
0.424647
0.434007
0.442791
0.450989
0.458586
0.465574
0.47194
0.477676
0.482773
0.487222
0.491017
0.494152
0.496621
0.498419
0.499543
0.499991
0.499761
0.498851
0.497263
0.494997
0.492054
0.488439
0.484154
0.479205
0.473597
0.467337
0.460432
0.452891
0.444723
0.435938
0.426548
0.416564
0.405999
0.394867
0.383182
0.370959
0.358216
0.344968
0.331233
0.317029
0.302376
0.287293
0.271801
0.25592
0.239673
0.223081
0.206166
0.188954
0.171466
0.153727
0.135763
0.117597
0.0992546
0.0807625
0.0621461
0.0434315
0.0246453
0.00581384
-0.0130361
-0.0318776
-0.050684
-0.0694282
-0.0880836
-0.106623
-0.12502
-0.143248
-0.161281
-0.179092
-0.196655
-0.213945
-0.230936
-0.247603
-0.263923
-0.279869
-0.29542
-0.310552
-0.325242
-0.339468
-0.353209
-0.366443
-0.379152
-0.391315
-0.402914
-0.413931
-0.42435
-0.434153
-0.443325
-0.451852
-0.459721
-0.466919
-0.473434
-0.479255
-0.484373
-0.48878
-0.492466
-0.495427
-0.497656
-0.499148
-0.499901
-0.499913
-0.499181
-0.497706
-0.495489
-0.492532
-0.488838
-0.484412
-0.479259
-0.473386
-0.4668
-0.45951
-0.451526
-0.442859
-0.43352
-0.423524
-0.412883
-0.401613
-0.38973
-0.377251
-0.364195
-0.350579
-0.336423
-0.32175
-0.306579
-0.290933
-0.274835
-0.25831
-0.241382
-0.224075
-0.206417
-0.188433
-0.17015
-0.151597
-0.132801
-0.113791
-0.094596
-0.0752449
-0.0557677
-0.0361942
-0.0165545
0.00312094
0.0228018
0.0424575
0.0620574
0.0815709
0.100968
0.120217
0.139289
0.158153
0.17678
0.19514
0.213204
0.230943
0.248328
0.265332
0.281928
0.298089
0.313788
0.329
0.343701
0.357866
0.371472
0.384496
0.396918
0.408716
0.41987
0.430363
0.440175
0.449292
0.457696
0.465373
0.472311
0.478496
0.483918
0.488567
0.492433
0.495511
0.497793
0.499275
0.499953
0.499825
0.498889
0.497147
0.494599
0.491249
0.4871
0.482159
0.476431
0.469926
0.462653
0.454622
0.445845
0.436335
0.426108
0.415178
0.403562
0.391279
0.378348
0.364788
0.350622
0.335871
0.32056
0.304711
0.288352
0.271508
0.254206
0.236475
0.218343
0.199839
0.180994
0.161838
0.142404
0.122722
0.102826
0.0827487
0.0625228
0.0421822
0.0217608
0.00129273
-0.0191877
-0.0396461
-0.060048
-0.080359
-0.100545
-0.120571
-0.140404
-0.160009
-0.179353
-0.198404
-0.217127
-0.235492
-0.253466
-0.271017
-0.288117
-0.304734
-0.32084
-0.336406
-0.351406
-0.365811
-0.379598
-0.392742
-0.405218
-0.417005
-0.428081
-0.438427
-0.448022
-0.456851
-0.464895
-0.472141
-0.478574
-0.484182
-0.488955
-0.492882
-0.495956
-0.49817
-0.499519
-0.499999
-0.499608
-0.498346
-0.496214
-0.493213
-0.489349
-0.484626
-0.479051
-0.472633
-0.465383
-0.457311
-0.448431
-0.438756
-0.428304
-0.417091
-0.405136
-0.392459
-0.379081
-0.365025
-0.350316
-0.334978
-0.319037
-0.302521
-0.285459
-0.26788
-0.249815
-0.231295
-0.212353
-0.193022
-0.173336
-0.15333
-0.13304
-0.112501
-0.0917497
-0.0708235
-0.0497597
-0.0285961
-0.00737081
0.013878
0.035112
0.0562926
0.0773815
0.0983402
0.11913
0.139714
0.160054
0.180112
0.199852
0.219237
0.238231
0.256799
0.274907
0.29252
0.309605
0.326131
0.342066
0.357381
0.372046
0.386032
0.399315
0.411867
0.423665
0.434686
0.444908
0.454311
0.462877
0.470589
0.477431
0.483389
0.488451
0.492605
0.495844
0.49816
0.499546
0.5
0.499519
0.498102
0.495751
0.492469
0.488261
0.483134
0.477095
0.470155
0.462325
0.45362
0.444055
0.433645
0.422411
0.410371
0.397548
0.383964
0.369646
0.354617
0.338908
0.322545
0.305561
0.287985
0.269851
0.251193
0.232046
0.212445
0.192429
0.172033
0.151298
0.130262
0.108966
0.0874506
0.0657563
0.043925
0.0219988
1.99019e-05
-0.0219693
-0.0439261
-0.0658079
-0.0875723
-0.109177
-0.130579
-0.151737
-0.172609
-0.193155
-0.213333
-0.233104
-0.252429
-0.271269
-0.289586
-0.307344
-0.324508
-0.341042
-0.356914
-0.372091
-0.386542
-0.400238
-0.413151
-0.425255
-0.436523
-0.446934
-0.456464
-0.465094
-0.472806
-0.479582
-0.485409
-0.490273
-0.494163
-0.49707
-0.498988
-0.49991
-0.499834
-0.498758
-0.496684
-0.493614
-0.489552
-0.484506
-0.478484
-0.471497
-0.463559
-0.454683
-0.444886
-0.434186
-0.422605
-0.410165
-0.396888
-0.382802
-0.367934
-0.352312
-0.335967
-0.318932
-0.301241
-0.282928
-0.26403
-0.244585
-0.224632
-0.20421
-0.183362
-0.162128
-0.140553
-0.11868
-0.0965535
-0.0742185
-0.0517208
-0.0291065
-0.00642204
0.0162858
0.0389703
0.0615845
0.0840814
0.106414
0.128537
0.150403
0.171967
0.193183
0.214007
0.234395
0.254303
0.273691
0.292516
0.310739
0.32832
0.345223
0.36141
0.376847
0.3915
0.405337
0.418329
0.430447
0.441664
0.451956
0.461299
0.469672
0.477057
0.483436
0.488795
0.493121
0.496404
0.498634
0.499806
0.499917
0.498963
0.496947
0.49387
0.489739
0.48456
0.478343
0.4711
0.462845
0.453595
0.443368
0.432185
0.420068
0.407043
0.393135
0.378375
0.362793
0.34642
0.329293
0.311446
0.292917
0.273746
0.253973
0.23364
0.212792
0.191471
0.169725
0.1476
0.125144
0.102404
0.0794319
0.0562757
0.0329865
0.00961481
-0.0137881
-0.037171
-0.0604825
-0.0836713
-0.106686
-0.129477
-0.151992
-0.174182
-0.195997
-0.21739
-0.238311
-0.258714
-0.278554
-0.297785
-0.316364
-0.334249
-0.3514
-0.367776
-0.383342
-0.398061
-0.411899
-0.424824
-0.436806
-0.447817
-0.457832
-0.466826
-0.474778
-0.481669
-0.487483
-0.492203
-0.495819
-0.498321
-0.499702
-0.499958
-0.499086
-0.497086
-0.493962
-0.48972
-0.484368
-0.477916
-0.470377
-0.461768
-0.452107
-0.441413
-0.42971
-0.417024
-0.403383
-0.388815
-0.373353
-0.357031
-0.339887
-0.321956
-0.303281
-0.283902
-0.263864
-0.243211
-0.22199
-0.200249
-0.178038
-0.155408
-0.132409
-0.109095
-0.0855187
-0.0617348
-0.037798
-0.0137635
0.0103132
0.0343761
0.0583694
0.0822371
0.105924
0.129374
0.152532
0.175345
0.197758
0.219718
0.241174
0.262075
0.28237
0.302013
0.320955
0.339152
0.356559
0.373135
0.38884
0.403636
0.417486
0.430356
0.442216
0.453035
0.462787
0.471448
0.478995
0.485409
0.490674
0.494775
0.497701
0.499445
0.499999
0.499362
0.497534
0.494517
0.490317
0.484942
0.478405
0.470718
0.4619
0.45197
0.440951
0.428867
0.415746
0.401619
0.386518
0.370479
0.353538
0.335737
0.317117
0.297722
0.277598
0.256793
0.235356
0.213339
0.190794
0.167776
0.144341
0.120544
0.096443
0.0720971
0.0475651
0.0229068
-0.00181772
-0.026548
-0.0512234
-0.0757835
-0.100168
-0.124316
-0.148168
-0.171666
-0.194751
-0.217366
-0.239454
-0.26096
-0.28183
-0.302012
-0.321455
-0.34011
-0.35793
-0.374869
-0.390885
-0.405936
-0.419985
-0.432993
-0.444929
-0.455761
-0.46546
-0.474001
-0.481362
-0.487521
-0.492463
-0.496174
-0.498642
-0.499861
-0.499824
-0.498532
-0.495986
-0.49219
-0.487152
-0.480885
-0.473401
-0.46472
-0.45486
-0.443845
-0.431703
-0.418462
-0.404155
-0.388816
-0.372484
-0.355199
-0.337003
-0.317941
-0.298062
-0.277415
-0.256052
-0.234026
-0.211393
-0.18821
-0.164536
-0.14043
-0.115955
-0.0911726
-0.0661459
-0.0409391
-0.0156169
0.00975576
0.0351135
0.0603908
0.0855224
0.110443
0.135089
0.159394
0.183297
0.206734
0.229645
0.251969
0.273647
0.294623
0.31484
0.334246
0.352789
0.370418
0.387089
0.402754
0.417373
0.430906
0.443317
0.45457
0.464636
0.473486
0.481096
0.487444
0.492513
0.496287
0.498754
0.499907
0.499742
0.498256
0.495452
0.491337
0.485919
0.479211
0.47123
0.461995
0.45153
0.43986
0.427015
0.413028
0.397935
0.381775
0.36459
0.346424
0.327325
0.307343
0.286531
0.264942
0.242635
0.219667
0.196101
0.171998
0.147423
0.122442
0.0971206
0.0715277
0.0457317
0.0198021
-0.00619115
-0.0321779
-0.0580877
-0.0838503
-0.109396
-0.134654
-0.159557
-0.184036
-0.208024
-0.231456
-0.254266
-0.276391
-0.297772
-0.318348
-0.338062
-0.356859
-0.374687
-0.391496
-0.407238
-0.421869
-0.435348
-0.447636
-0.458698
-0.468502
-0.47702
-0.484227
-0.490101
-0.494624
-0.497783
-0.499567
-0.49997
-0.498988
-0.496624
-0.492881
-0.487769
-0.4813
-0.473491
-0.464362
-0.453937
-0.442243
-0.429311
-0.415177
-0.399877
-0.383455
-0.365953
-0.347421
-0.327908
-0.307468
-0.286158
-0.264037
-0.241165
-0.217606
-0.193425
-0.168691
-0.143472
-0.117838
-0.091862
-0.0656164
-0.0391752
-0.0126131
0.013995
0.0405736
0.0670473
0.0933409
0.11938
0.145089
0.170395
0.195226
0.21951
0.243178
0.266161
0.288393
0.309809
0.330347
0.349948
0.368554
0.386111
0.402567
0.417873
0.431985
0.44486
0.45646
0.46675
0.475699
0.48328
0.489469
0.494246
0.497597
0.49951
0.499977
0.498997
0.496569
0.492699
0.487398
0.480678
0.472558
0.463059
0.452209
0.440036
0.426575
0.411864
0.395944
0.378861
0.360663
0.341402
0.321134
0.299916
0.27781
0.25488
0.231193
0.206816
0.181822
0.156282
0.130273
0.103869
0.0771487
0.0501905
0.0230737
-0.00412144
-0.0313146
-0.0584252
-0.0853726
-0.112077
-0.138458
-0.164438
-0.189938
-0.214883
-0.239196
-0.262806
-0.285641
-0.307631
-0.32871
-0.348815
-0.367883
-0.385856
-0.40268
-0.418303
-0.432676
-0.445755
-0.457499
-0.467871
-0.476839
-0.484374
-0.490451
-0.495051
-0.498159
-0.499762
-0.499854
-0.498435
-0.495505
-0.491073
-0.48515
-0.477752
-0.468901
-0.458622
-0.446943
-0.4339
-0.419531
-0.403877
-0.386985
-0.368906
-0.349693
-0.329404
-0.308099
-0.285844
-0.262704
-0.23875
-0.214055
-0.188693
-0.162742
-0.136281
-0.109391
-0.0821538
-0.0546536
-0.0269748
0.000797536
0.0285776
0.0562794
0.0838174
0.111106
0.13806
0.164596
0.190632
0.216085
0.240875
0.264926
0.288161
0.310508
0.331895
0.352254
0.371522
0.389637
0.40654
0.422178
0.4365
0.44946
0.461016
0.47113
0.479769
0.486904
0.492511
0.49657
0.499068
0.499994
0.499344
0.497118
0.493322
0.487965
0.481064
0.472638
0.462712
0.451317
0.438486
0.424258
0.408679
0.391794
0.373658
0.354326
0.333858
0.312318
0.289775
0.266299
0.241963
0.216845
0.191025
0.164584
0.137606
0.110177
0.0823844
0.0543177
0.0260663
-0.00227903
-0.0306272
-0.058887
-0.0869672
-0.114777
-0.142227
-0.169227
-0.19569
-0.221529
-0.246662
-0.271004
-0.294477
-0.317003
-0.338509
-0.358923
-0.378178
-0.39621
-0.412958
-0.428368
-0.442387
-0.454969
-0.46607
-0.475652
-0.483683
-0.490136
-0.494986
-0.498216
-0.499815
-0.499774
-0.498093
-0.494776
-0.48983
-0.483272
-0.47512
-0.4654
-0.454143
-0.441383
-0.427162
-0.411524
-0.394521
-0.376206
-0.356639
-0.335884
-0.314008
-0.291082
-0.267182
-0.242385
-0.216774
-0.190433
-0.163448
-0.135909
-0.107907
-0.0795356
-0.0508883
-0.0220609
0.00685048
0.0357491
0.0645382
0.0931212
0.121402
0.149285
0.176677
0.203485
0.229619
0.254988
0.279508
0.303095
0.325668
0.34715
0.367467
0.38655
0.404332
0.420752
0.435754
0.449283
0.461295
0.471744
0.480596
0.487818
0.493383
0.497271
0.499468
0.499963
0.498753
0.495841
0.491234
0.484948
0.477001
0.467418
0.456232
0.443479
0.4292
0.413444
0.396262
0.377713
0.357858
0.336765
0.314505
0.291153
0.26679
0.241497
0.215362
0.188473
0.160923
0.132807
0.104221
0.0752646
0.0460368
0.0166392
-0.0128264
-0.0422576
-0.0715521
-0.100608
-0.129323
-0.157598
-0.185333
-0.212431
-0.238796
-0.264336
-0.288961
-0.312583
-0.335119
-0.356489
-0.376616
-0.395429
-0.412859
-0.428846
-0.44333
-0.456259
-0.467586
-0.47727
-0.485275
-0.491571
-0.496133
-0.498944
-0.499992
-0.499272
-0.496784
-0.492536
-0.48654
-0.478816
-0.46939
-0.458293
-0.445563
-0.431244
-0.415386
-0.398042
-0.379273
-0.359146
-0.337729
-0.315099
-0.291335
-0.266521
-0.240745
-0.214098
-0.186674
-0.158572
-0.12989
-0.100733
-0.0712038
-0.0414084
-0.0114539
0.0185521
0.0485014
0.078286
0.107798
0.136931
0.165579
0.193638
0.221006
0.247584
0.273273
0.29798
0.321614
0.344089
0.365321
0.385233
0.403749
0.420803
0.436329
0.45027
0.462573
0.473192
0.482086
0.48922
0.494568
0.498108
0.499825
0.49971
0.497762
0.493988
0.488397
0.48101
0.471852
0.460955
0.448356
0.434101
0.418241
0.400832
0.381937
0.361625
0.339969
0.317048
0.292945
0.267749
0.241553
0.214451
0.186544
0.157935
0.128729
0.0990352
0.0689624
0.0386227
0.00812889
-0.0224054
-0.0528663
-0.0831398
-0.113113
-0.142673
-0.171709
-0.200112
-0.227774
-0.254591
-0.280463
-0.30529
-0.328978
-0.351437
-0.372582
-0.392331
-0.410609
-0.427345
-0.442474
-0.455939
-0.467686
-0.477669
-0.485849
-0.492193
-0.496675
-0.499276
-0.499985
-0.498797
-0.495714
-0.490747
-0.483913
-0.475235
-0.464745
-0.45248
-0.438487
-0.422817
-0.405527
-0.386683
-0.366354
-0.344617
-0.321555
-0.297253
-0.271804
-0.245304
-0.217854
-0.189559
-0.160525
-0.130865
-0.100692
-0.0701214
-0.0392704
-0.00825783
0.0227968
0.0537735
0.0845528
0.115015
0.145043
0.174519
0.203329
0.23136
0.258503
0.284652
0.309705
0.333562
0.356129
0.377319
0.397046
0.415234
0.431808
0.446703
0.45986
0.471224
0.48075
0.4884
0.49414
0.497947
0.499803
0.499701
0.497637
0.493619
0.487661
0.479783
0.470015
0.458393
0.444962
0.429772
0.412883
0.394358
0.37427
0.352696
0.32972
0.305432
0.279927
0.253304
0.225669
0.197129
0.167797
0.137789
0.107223
0.0762216
0.0449065
0.0134023
-0.0181655
-0.049671
-0.0809885
-0.111993
-0.142559
-0.172566
-0.201892
-0.230418
-0.258031
-0.284619
-0.310073
-0.334291
-0.357174
-0.378629
-0.398568
-0.41691
-0.433578
-0.448505
-0.461628
-0.472893
-0.482252
-0.489667
-0.495104
-0.49854
-0.499959
-0.499354
-0.496725
-0.49208
-0.485437
-0.476821
-0.466265
-0.453809
-0.439504
-0.423404
-0.405575
-0.386086
-0.365017
-0.342451
-0.318479
-0.293198
-0.26671
-0.239122
-0.210547
-0.1811
-0.1509
-0.120072
-0.0887419
-0.0570368
-0.0250873
0.00697563
0.03902
0.0709139
0.102526
0.133725
0.164382
0.19437
0.223565
0.251845
0.279092
0.305193
0.330038
0.353523
0.37555
0.396025
0.414862
0.431981
0.44731
0.460783
0.472342
0.481937
0.489527
0.495077
0.498564
0.499969
0.499285
0.496514
0.491665
0.484755
0.475813
0.464874
0.451981
0.437187
0.420552
0.402145
0.382042
0.360324
0.337083
0.312414
0.28642
0.25921
0.230898
0.201601
0.171443
0.140551
0.109054
0.0770858
0.0447808
0.0122759
-0.0202913
-0.0527825
-0.0850597
-0.116985
-0.148424
-0.17924
-0.209303
-0.238484
-0.266657
-0.293701
-0.319499
-0.343942
-0.366921
-0.388339
-0.408102
-0.426123
-0.442324
-0.456633
-0.468988
-0.479334
-0.487624
-0.493821
-0.497896
-0.499829
-0.499611
-0.497239
-0.492724
-0.486081
-0.477338
-0.46653
-0.453702
-0.438908
-0.42221
-0.403679
-0.383393
-0.361438
-0.337909
-0.312905
-0.286534
-0.25891
-0.230152
-0.200382
-0.169732
-0.138332
-0.106319
-0.0738324
-0.0410136
-0.00800556
0.0250477
0.0580015
0.0907118
0.123035
0.154829
0.185954
0.216273
0.245651
0.27396
0.301074
0.326872
0.351239
0.374067
0.395255
0.414706
0.432334
0.448059
0.46181
0.473524
0.483148
0.490637
0.495956
0.499079
0.499991
0.498686
0.495166
0.489447
0.481551
0.471511
0.45937
0.44518
0.429003
0.410909
0.390976
0.369293
0.345954
0.321061
0.294726
0.267064
0.238198
0.208257
0.177373
0.145684
0.113331
0.0804602
0.0472176
0.0137526
-0.0197844
-0.0532426
-0.0864711
-0.11932
-0.151641
-0.183287
-0.214116
-0.243986
-0.272763
-0.300315
-0.326516
-0.351246
-0.374392
-0.395848
-0.415514
-0.4333
-0.449123
-0.46291
-0.474595
-0.484124
-0.491452
-0.496543
-0.499372
-0.499924
-0.498194
-0.494188
-0.487923
-0.479425
-0.46873
-0.455887
-0.440951
-0.42399
-0.405078
-0.384303
-0.361756
-0.33754
-0.311765
-0.284548
-0.256014
-0.226291
-0.195517
-0.163832
-0.131381
-0.098314
-0.0647829
-0.0309424
0.00305139
0.0370413
0.0708698
0.10438
0.137416
0.169825
0.201455
0.232159
0.261793
0.290219
0.317303
0.342917
0.366942
0.389263
0.409776
0.428382
0.444993
0.45953
0.471923
0.482112
0.490047
0.495689
0.49901
0.499992
0.498628
0.494923
0.488892
0.480561
0.469967
0.457158
0.442193
0.42514
0.406078
0.385094
0.362287
0.337761
0.311632
0.284022
0.25506
0.224882
0.19363
0.16145
0.128496
0.0949216
0.0608869
0.0265528
-0.00791765
-0.0423606
-0.0766122
-0.110509
-0.143889
-0.176593
-0.208465
-0.23935
-0.269101
-0.297576
-0.324635
-0.350149
-0.373995
-0.396055
-0.416224
-0.434403
-0.450502
-0.464443
-0.476156
-0.485584
-0.492678
-0.497404
-0.499735
-0.49966
-0.497174
-0.49229
-0.485028
-0.475421
-0.463513
-0.449361
-0.43303
-0.414597
-0.394151
-0.371789
-0.347617
-0.32175
-0.294314
-0.26544
-0.235267
-0.203941
-0.171613
-0.13844
-0.104583
-0.0702062
-0.0354766
-0.000563675
0.0343622
0.0691302
0.10357
0.137514
0.170794
0.203247
0.234714
0.265039
0.294071
0.321669
0.347694
0.372018
0.394519
0.415085
0.433613
0.45001
0.464194
0.476091
0.485643
0.492799
0.497521
0.499786
0.499578
0.496898
0.491755
0.484175
0.474191
0.461852
0.447216
0.430355
0.411349
0.390293
0.367289
0.342449
0.315897
0.287762
0.258183
0.227308
0.195289
0.162285
0.12846
0.0939833
0.0590259
0.023763
-0.0116292
-0.0469733
-0.0820919
-0.116809
-0.150949
-0.18434
-0.216814
-0.248207
-0.278359
-0.307119
-0.334338
-0.35988
-0.383613
-0.405417
-0.425179
-0.442798
-0.458183
-0.471254
-0.481943
-0.490194
-0.495963
-0.499218
-0.499941
-0.498126
-0.49378
-0.486923
-0.477588
-0.465819
-0.451675
-0.435227
-0.416555
-0.395753
-0.372925
-0.348187
-0.321663
-0.293486
-0.263801
-0.232757
-0.200512
-0.167231
-0.133083
-0.0982422
-0.0628875
-0.0271999
0.00863771
0.0444411
0.080026
0.115209
0.149809
0.183646
0.216547
0.248339
0.278859
0.307947
0.335452
0.361231
0.385147
0.407077
0.426905
0.444526
0.459847
0.472786
0.483275
0.491257
0.496687
0.499537
0.499788
0.497438
0.492495
0.484985
0.474944
0.462421
0.447481
0.430199
0.410664
0.388976
0.365246
0.339598
0.312163
0.283085
0.252514
0.220609
0.187537
0.15347
0.118588
0.0830715
0.0471083
0.0108869
-0.025402
-0.0615671
-0.0974178
-0.132764
-0.16742
-0.201201
-0.233928
-0.265427
-0.29553
-0.324077
-0.350915
-0.3759
-0.398899
-0.419788
-0.438453
-0.454795
-0.468724
-0.480164
-0.489051
-0.495338
-0.498987
-0.499978
-0.498302
-0.493967
-0.486994
-0.477416
-0.465285
-0.450661
-0.433622
-0.414256
-0.392665
-0.368964
-0.343278
-0.315742
-0.286504
-0.255718
-0.223549
-0.190169
-0.155756
-0.120495
-0.0845753
-0.0481897
-0.0115341
0.0251939
0.0617961
0.0980746
0.133833
0.168878
0.203018
0.236069
0.26785
0.298188
0.326918
0.353882
0.378931
0.40193
0.42275
0.441277
0.457408
0.471053
0.482136
0.490595
0.49638
0.499459
0.499812
0.497435
0.492339
0.484549
0.474106
0.461065
0.445495
0.427479
0.407114
0.384509
0.359788
0.333084
0.304542
0.274318
0.242577
0.209491
0.175242
0.140019
0.104014
0.0674247
0.0304535
-0.00669599
-0.0438187
-0.0807092
-0.117163
-0.152979
-0.187958
-0.221904
-0.25463
-0.285952
-0.315695
-0.343694
-0.369791
-0.393839
-0.415703
-0.435259
-0.452398
-0.46702
-0.479043
-0.488398
-0.49503
-0.498899
-0.499982
-0.498271
-0.493773
-0.486511
-0.476522
-0.463862
-0.448598
-0.430815
-0.410609
-0.388092
-0.36339
-0.336638
-0.307987
-0.277594
-0.245631
-0.212275
-0.177714
-0.142142
-0.105758
-0.0687674
-0.0313782
0.00619833
0.0437501
0.0810645
0.11793
0.154138
0.189482
0.223762
0.256781
0.288353
0.318295
0.346437
0.372617
0.396685
0.418503
0.437943
0.454893
0.469255
0.480945
0.489894
0.496048
0.49937
0.499839
0.497449
0.492213
0.484158
0.473327
0.459781
0.443595
0.42486
0.40368
0.380177
0.354483
0.326743
0.297117
0.265773
0.23289
0.198656
0.163267
0.126928
0.0898458
0.0522352
0.0143127
-0.0237026
-0.0615911
-0.0991333
-0.136112
-0.172311
-0.207522
-0.241539
-0.274163
-0.305205
-0.334482
-0.361823
-0.387067
-0.410067
-0.430685
-0.448801
-0.464307
-0.47711
-0.487133
-0.494315
-0.498613
-0.499999
-0.498462
-0.49401
-0.486665
-0.476469
-0.463479
-0.447769
-0.429429
-0.408564
-0.385295
-0.359757
-0.332098
-0.302478
-0.271071
-0.23806
-0.203639
-0.168008
-0.131377
-0.0939615
-0.0559815
-0.0176609
0.0207743
0.0590968
0.09708
0.134499
0.171131
0.206759
0.241171
0.274162
0.305535
0.335103
0.362688
0.388125
0.41126
0.431955
0.450085
0.465539
0.478223
0.488059
0.494987
0.498962
0.499959
0.497969
0.493002
0.485085
0.474264
0.4606
0.444174
0.425081
0.403434
0.379361
0.353005
0.324521
0.29408
0.261863
0.228062
0.192879
0.156526
0.119221
0.0811863
0.0426524
0.00385108
-0.0349837
-0.0736173
-0.111816
-0.149349
-0.185988
-0.22151
-0.255701
-0.28835
-0.31926
-0.348242
-0.375117
-0.399722
-0.421904
-0.441527
-0.45847
-0.472628
-0.483912
-0.49225
-0.497591
-0.499899
-0.499158
-0.495369
-0.488554
-0.478751
-0.466019
-0.450433
-0.432086
-0.411088
-0.387566
-0.361663
-0.333534
-0.303352
-0.271299
-0.237571
-0.202375
-0.165925
-0.128444
-0.0901633
-0.0513173
-0.012145
0.0271123
0.0662126
0.104914
0.142978
0.180169
0.216256
0.251014
0.284228
0.315692
0.345208
0.372592
0.397673
0.420294
0.440312
0.457601
0.472051
0.48357
0.492084
0.497539
0.499897
0.499141
0.495275
0.488319
0.478314
0.465322
0.449419
0.430705
0.409293
0.385315
0.358919
0.330269
0.299543
0.266931
0.232637
0.196874
0.159867
0.121845
0.0830483
0.0437192
0.00410505
-0.0355451
-0.0749817
-0.113956
-0.152222
-0.189537
-0.225667
-0.26038
-0.293458
-0.32469
-0.353877
-0.380832
-0.405384
-0.427375
-0.446664
-0.463126
-0.476654
-0.487162
-0.494579
-0.498856
-0.499963
-0.497892
-0.492653
-0.484276
-0.472813
-0.458335
-0.44093
-0.420709
-0.397798
-0.372341
-0.344499
-0.314448
-0.282378
-0.248494
-0.213011
-0.176154
-0.138159
-0.0992684
-0.0597314
-0.0198009
0.0202668
0.0602145
0.0997853
0.138724
0.176781
0.213709
0.24927
0.283234
0.315381
0.345501
0.3734
0.398894
0.421818
0.442021
0.459371
0.473754
0.485073
0.493253
0.49824
0.499997
0.498512
0.493791
0.485863
0.474776
0.460601
0.443427
0.423363
0.400539
0.3751
0.347211
0.317051
0.284815
0.250713
0.214965
0.177804
0.139471
0.100217
0.0602968
0.0199722
-0.0204934
-0.0608349
-0.100788
-0.14009
-0.178482
-0.215712
-0.251535
-0.285713
-0.318022
-0.348246
-0.376186
-0.401655
-0.424484
-0.444521
-0.461631
-0.4757
-0.486631
-0.494351
-0.498805
-0.499963
-0.497813
-0.492369
-0.483662
-0.471749
-0.456706
-0.43863
-0.41764
-0.393872
-0.367481
-0.338643
-0.307545
-0.274394
-0.239409
-0.202821
-0.164872
-0.125815
-0.0859098
-0.0454211
-0.00461913
0.0362239
0.076835
0.116943
0.156278
0.194578
0.231584
0.267048
0.300731
0.332407
0.36186
0.388892
0.413319
0.434975
0.453713
0.469404
0.48194
0.491235
0.497224
0.499864
0.499135
0.495038
0.4876
0.476867
0.462911
0.445822
0.425714
0.402721
0.376997
0.348713
0.31806
0.285242
0.250482
0.214014
0.176084
0.136948
0.0968725
0.0561281
0.0149918
-0.0262567
-0.0673366
-0.107968
-0.147873
-0.18678
-0.224422
-0.260542
-0.294891
-0.327234
-0.357347
-0.385024
-0.410073
-0.432321
-0.451613
-0.467815
-0.480814
-0.490517
-0.496856
-0.499785
-0.499282
-0.495346
-0.488004
-0.477302
-0.463311
-0.446127
-0.425865
-0.402662
-0.376676
-0.348084
-0.317083
-0.283883
-0.248714
-0.211817
-0.173445
-0.133864
-0.0933455
-0.0521709
-0.0106246
0.0310055
0.0724307
0.113363
0.153519
0.192617
0.230386
0.266562
0.300892
0.333136
0.363068
0.390476
0.41517
0.436973
0.455732
0.471314
0.483608
0.492524
0.497999
0.499992
0.498485
0.493488
0.485032
0.473174
0.457995
0.439599
0.418113
0.393685
0.366486
0.336703
0.304545
0.270236
0.234016
0.19614
0.156872
0.116488
0.075273
0.0335168
-0.00848627
-0.0504395
-0.0920465
-0.133013
-0.173048
-0.211868
-0.249197
-0.28477
-0.318333
-0.349646
-0.378486
-0.404647
-0.427941
-0.448199
-0.465276
-0.479048
-0.489415
-0.4963
-0.499652
-0.499444
-0.495676
-0.488371
-0.477579
-0.463375
-0.445858
-0.42515
-0.401397
-0.374767
-0.345448
-0.313649
-0.279595
-0.243529
-0.205708
-0.166403
-0.125893
-0.0844698
-0.0424296
-7.43005e-05
0.0422917
0.0843635
0.125838
0.166417
0.205806
0.24372
0.279887
0.314042
0.345938
0.375344
0.402044
0.425844
0.446569
0.464068
0.478211
0.488894
0.496036
0.499583
0.499508
0.495807
0.488505
0.477653
0.463327
0.445629
0.424684
0.400643
0.37368
0.343987
0.311781
0.277293
0.240773
0.202488
0.162715
0.121743
0.079872
0.0374067
-0.00534234
-0.0480625
-0.0904408
-0.132166
-0.172933
-0.212441
-0.2504
-0.28653
-0.320564
-0.35225
-0.381354
-0.407661
-0.430973
-0.451119
-0.467946
-0.48133
-0.491167
-0.497385
-0.499933
-0.498791
-0.493964
-0.485485
-0.473416
-0.457841
-0.438874
-0.416654
-0.391342
-0.363123
-0.332206
-0.298816
-0.263201
-0.225624
-0.186361
-0.145704
-0.103954
-0.0614212
-0.0184208
0.0247268
0.0677004
0.11018
0.151847
0.192392
0.23151
0.268908
0.304307
0.337439
0.368056
0.395926
0.420839
0.442607
0.461063
0.476068
0.487507
0.49529
0.499358
0.499676
0.49624
0.489074
0.478227
0.46378
0.445838
0.424535
0.400027
0.372499
0.342155
0.309222
0.273947
0.236595
0.197447
0.156796
0.114951
0.0722258
0.0289439
-0.0145673
-0.0579783
-0.10096
-0.143186
-0.184335
-0.224095
-0.262162
-0.298246
-0.332071
-0.363378
-0.391928
-0.417501
-0.439899
-0.458952
-0.474509
-0.486452
-0.494685
-0.499144
-0.499791
-0.49662
-0.489651
-0.478936
-0.464553
-0.446611
-0.425244
-0.400614
-0.372906
-0.342332
-0.309124
-0.273536
-0.235838
-0.196319
-0.155282
-0.11304
-0.0699197
-0.0262507
0.0176306
0.0613862
0.104679
0.147174
0.188543
0.228467
0.266635
0.302752
0.336537
0.367726
0.396078
0.42137
0.443404
0.462007
0.477033
0.488363
0.495907
0.499602
0.499418
0.495353
0.487437
0.475728
0.460314
0.441314
0.418872
0.393162
0.36438
0.332751
0.298517
0.261946
0.22332
0.18294
0.141122
0.0981894
0.0544791
0.0103324
-0.0339055
-0.0778878
-0.12127
-0.163711
-0.204877
-0.244444
-0.282101
-0.317551
-0.350512
-0.380724
-0.407948
-0.431968
-0.452591
-0.469653
-0.483017
-0.492576
-0.49825
-0.499993
-0.497789
-0.491651
-0.481626
-0.46779
-0.450251
-0.429143
-0.404633
-0.376912
-0.346197
-0.31273
-0.276775
-0.238615
-0.198551
-0.156901
-0.113995
-0.0701724
-0.0257816
0.0188245
0.0632909
0.107263
0.150391
0.192329
0.232743
0.271309
0.307717
0.341676
0.372912
0.401174
0.426234
0.447889
0.465963
0.480309
0.49081
0.497378
0.499959
0.498528
0.493096
0.483702
0.470419
0.453352
0.432635
0.408432
0.380936
0.350367
0.316967
0.281005
0.242769
0.202565
0.160717
0.117562
0.0734479
0.0287297
-0.016231
-0.0610705
-0.105426
-0.148938
-0.191253
-0.232027
-0.27093
-0.307643
-0.341869
-0.373326
-0.401758
-0.426931
-0.448639
-0.466703
-0.480972
-0.49133
-0.497688
-0.499991
-0.498219
-0.492384
-0.482529
-0.468733
-0.451105
-0.429788
-0.404953
-0.3768
-0.345558
-0.311481
-0.274845
-0.235949
-0.19511
-0.152662
-0.108952
-0.0643381
-0.0191858
0.0261343
0.0712497
0.115789
0.159387
0.201682
0.242326
0.280983
0.317334
0.351076
0.381929
0.409639
0.433972
0.454726
0.471728
0.484833
0.493932
0.498946
0.49983
0.496575
0.489205
0.477779
0.462387
0.443156
0.420242
0.393834
0.364147
0.331428
0.295945
0.257992
0.217883
0.175952
0.132545
0.0880243
0.0427596
-0.00287194
-0.0484897
-0.0937127
-0.138163
-0.181469
-0.223267
-0.263208
-0.300954
-0.33619
-0.368618
-0.397965
-0.423983
-0.446451
-0.465178
-0.480005
-0.490804
-0.497482
-0.499981
-0.498276
-0.49238
-0.482338
-0.468232
-0.45018
-0.428329
-0.402863
-0.373993
-0.34196
-0.307034
-0.269506
-0.229693
-0.18793
-0.144568
-0.0999726
-0.0545217
-0.00859889
0.0374069
0.0831058
0.12811
0.172037
0.214514
0.255179
0.293686
0.329704
0.362928
0.393072
0.419877
0.443114
0.462582
0.478112
0.48957
0.496855
0.499902
0.498682
0.493204
0.483511
0.469682
0.451835
0.430118
0.404714
0.37584
0.34374
0.308687
0.270979
0.230939
0.188909
0.145247
0.100328
0.054537
0.00826726
-0.0380838
-0.0841173
-0.129437
-0.173652
-0.21638
-0.257253
-0.295916
-0.332035
-0.365296
-0.395411
-0.422116
-0.445179
-0.464399
-0.479605
-0.490665
-0.497479
-0.499986
-0.498162
-0.492019
-0.481607
-0.467014
-0.448365
-0.425818
-0.399567
-0.369837
-0.336885
-0.300995
-0.262478
-0.221667
-0.178916
-0.134597
-0.089095
-0.0428058
0.00386696
0.0505161
0.0967343
0.142117
0.186268
0.228799
0.269338
0.307529
0.343035
0.375544
0.404768
0.43045
0.452362
0.470309
0.484132
0.493705
0.498942
0.499794
0.496251
0.488341
0.476131
0.459725
0.439266
0.414931
0.386932
0.355514
0.320952
0.283548
0.243632
0.201554
0.157685
0.112413
0.0661356
0.019263
-0.0277903
-0.0746075
-0.120774
-0.165879
-0.209522
-0.251316
-0.290887
-0.327882
-0.361972
-0.392851
-0.420243
-0.443902
-0.463614
-0.479201
-0.490522
-0.497474
-0.499991
-0.498048
-0.491659
-0.480879
-0.465802
-0.446558
-0.423318
-0.396286
-0.365703
-0.33184
-0.294997
-0.255503
-0.21371
-0.169993
-0.12474
-0.0783585
-0.0312634
0.0161228
0.0633742
0.110066
0.155778
0.200098
0.242626
0.282978
0.320789
0.355717
0.387444
0.415683
0.440176
0.4607
0.477067
0.489126
0.496765
0.499913
0.498538
0.492649
0.482298
0.467575
0.44861
0.425573
0.39867
0.368144
0.334268
0.297348
0.257719
0.215738
0.171786
0.126261
0.0795771
0.0321586
-0.0155629
-0.0631528
-0.110177
-0.156206
-0.200819
-0.243608
-0.284182
-0.322166
-0.357214
-0.389002
-0.417238
-0.44166
-0.462042
-0.478197
-0.489971
-0.497255
-0.49998
-0.498116
-0.491679
-0.480724
-0.46535
-0.445695
-0.421936
-0.39429
-0.363009
-0.328379
-0.290716
-0.250366
-0.207699
-0.163107
-0.117
-0.0698033
-0.021952
0.0261123
0.0739454
0.121105
0.167154
0.211665
0.254226
0.294441
0.331936
0.366362
0.397396
0.42475
0.448166
0.467425
0.482346
0.492786
0.498646
0.499869
0.49644
0.488388
0.475785
0.458746
0.437426
0.412023
0.38277
0.349938
0.313831
0.274785
0.233163
0.189351
0.143759
0.0968127
0.0489498
0.00061836
-0.047729
-0.0956391
-0.142662
-0.188357
-0.232294
-0.274059
-0.313258
-0.349521
-0.382506
-0.411901
-0.437426
-0.458839
-0.475935
-0.488551
-0.496565
-0.499899
-0.498517
-0.492431
-0.481695
-0.466407
-0.446708
-0.422783
-0.394855
-0.363185
-0.328071
-0.289844
-0.248862
-0.205514
-0.160209
-0.113374
-0.065454
-0.0169025
0.0318197
0.0802497
0.127927
0.174398
0.21922
0.261965
0.302224
0.339614
0.373776
0.404381
0.431137
0.453785
0.472107
0.485925
0.495104
0.499554
0.499228
0.494128
0.484299
0.469832
0.450863
0.427571
0.400176
0.368938
0.334155
0.296158
0.25531
0.212001
0.166647
0.119681
0.0715547
0.02273
-0.0263236
-0.0751339
-0.123231
-0.17015
-0.215439
-0.258659
-0.299393
-0.337245
-0.371849
-0.402867
-0.429999
-0.452979
-0.471583
-0.485627
-0.494973
-0.499528
-0.499244
-0.494121
-0.484206
-0.469592
-0.450417
-0.426867
-0.399165
-0.367579
-0.332414
-0.294008
-0.252735
-0.208993
-0.163208
-0.115823
-0.0672999
-0.0181108
0.0312652
0.0803463
0.128653
0.175714
0.221068
0.26427
0.304898
0.342552
0.376862
0.40749
0.434134
0.45653
0.474456
0.487734
0.49623
0.499859
0.498581
0.492406
0.481392
0.465643
0.445313
0.420598
0.391738
0.359016
0.322751
0.283298
0.241044
0.196405
0.149819
0.101744
0.0526554
0.00303639
-0.0466228
-0.0958313
-0.144102
-0.190957
-0.235931
-0.278578
-0.318475
-0.355223
-0.388457
-0.417845
-0.443093
-0.463947
-0.480198
-0.491683
-0.498282
-0.499929
-0.496603
-0.488335
-0.475204
-0.457338
-0.434911
-0.408145
-0.377303
-0.342692
-0.304654
-0.263566
-0.219838
-0.173904
-0.126222
-0.0772689
-0.0275325
0.0224895
0.0722966
0.12139
0.169276
0.215476
0.259524
0.300977
0.339418
0.374459
0.405745
0.43296
0.455829
0.474118
0.48764
0.496257
0.499879
0.498465
0.492029
0.48063
0.464382
0.443445
0.418027
0.388383
0.35481
0.317644
0.277259
0.234062
0.188487
0.140995
0.0920661
0.0421943
-0.00811519
-0.0583526
-0.108008
-0.156578
-0.203568
-0.2485
-0.290917
-0.330385
-0.366502
-0.398898
-0.427242
-0.451242
-0.470651
-0.485269
-0.494943
-0.499573
-0.499108
-0.49355
-0.482951
-0.467418
-0.447107
-0.422221
-0.393012
-0.359778
-0.322855
-0.282619
-0.23948
-0.193879
-0.146282
-0.0971746
-0.0470609
0.00354593
0.0541265
0.104161
0.153136
0.200546
0.245904
0.288741
0.328614
0.365113
0.397858
0.426511
0.450772
0.47039
0.485159
0.494924
0.499581
0.499078
0.493419
0.482658
0.466904
0.446316
0.421104
0.391528
0.35789
0.320537
0.279854
0.236261
0.190208
0.142171
0.0926491
0.0421547
-0.00878788
-0.0596493
-0.1099
-0.159018
-0.206491
-0.251823
-0.294541
-0.334199
-0.37038
-0.402706
-0.430838
-0.454478
-0.473378
-0.487337
-0.496206
-0.49989
-0.498347
-0.49159
-0.479687
-0.462758
-0.44098
-0.414576
-0.383821
-0.349034
-0.310579
-0.268857
-0.224304
-0.177385
-0.128594
-0.078441
-0.0274531
0.0238337
0.0748798
0.125148
0.174107
0.221242
0.266054
0.308069
0.346842
0.381963
0.413057
0.439795
0.461891
0.479109
0.491264
0.498225
0.499913
0.496309
0.487448
0.47342
0.454371
0.4305
0.402058
0.369343
0.3327
0.292516
0.249216
0.203259
0.155131
0.105343
0.054425
0.00291712
-0.048632
-0.0996731
-0.149662
-0.198065
-0.244364
-0.288065
-0.328699
-0.365831
-0.399061
-0.428032
-0.452433
-0.471998
-0.486517
-0.49583
-0.499835
-0.498485
-0.491793
-0.479826
-0.46271
-0.440625
-0.413806
-0.382538
-0.347154
-0.308032
-0.26559
-0.220284
-0.172598
-0.123045
-0.0721572
-0.0204821
0.0314239
0.0830013
0.133694
0.182953
0.230248
0.275065
0.31692
0.355358
0.389962
0.420355
0.446206
0.467232
0.483203
0.493943
0.499333
0.499311
0.493873
0.483076
0.467035
0.445919
0.419955
0.389423
0.354652
0.316017
0.273937
0.228867
0.181296
0.131742
0.0807428
0.0288533
-0.0233609
-0.0753305
-0.126488
-0.176275
-0.224146
-0.269577
-0.312071
-0.351161
-0.386417
-0.417451
-0.443922
-0.465536
-0.482054
-0.493292
-0.499123
-0.499481
-0.494359
-0.483808
-0.467943
-0.446934
-0.42101
-0.390451
-0.355592
-0.316815
-0.274542
-0.229238
-0.1814
-0.131554
-0.080248
-0.028047
0.0244736
0.0767342
0.128158
0.178176
0.226234
0.271801
0.314372
0.353472
0.388669
0.419569
0.445828
0.467153
0.483303
0.494098
0.499414
0.499189
0.493422
0.482174
0.465567
0.443783
0.41706
0.385693
0.350028
0.310461
0.267428
0.221408
0.172911
0.122478
0.0706686
0.018061
-0.0347584
-0.0871998
-0.138677
-0.188615
-0.236454
-0.281658
-0.323719
-0.362166
-0.396565
-0.426529
-0.451719
-0.471851
-0.486696
-0.496084
-0.499907
-0.498119
-0.490736
-0.477838
-0.459567
-0.436126
-0.407774
-0.374829
-0.337658
-0.296678
-0.252347
-0.205165
-0.15566
-0.10439
-0.0519326
0.00112103
0.0541721
0.106622
0.157876
0.207356
0.2545
0.298774
0.339676
0.376739
0.409543
0.437712
0.460926
0.478918
0.491481
0.498469
0.4998
0.495455
0.48548
0.469986
0.449146
0.423193
0.392421
0.357175
0.317856
0.274909
0.228821
0.180115
0.129347
0.0770924
0.0239485
-0.029479
-0.08258
-0.134747
-0.185385
-0.233912
-0.279772
-0.32244
-0.361425
-0.396277
-0.426597
-0.452033
-0.472292
-0.487137
-0.496395
-0.499958
-0.49778
-0.489884
-0.476357
-0.457352
-0.433083
-0.403827
-0.369918
-0.331743
-0.28974
-0.244391
-0.196217
-0.14577
-0.0936331
-0.0404055
0.0132987
0.0668595
0.119658
0.171084
0.220541
0.267457
0.311287
0.351523
0.387695
0.419384
0.446219
0.467887
0.484132
0.494764
0.499657
0.498749
0.492049
0.47963
0.461635
0.438268
0.409799
0.376556
0.338924
0.297338
0.25228
0.204274
0.153877
0.101676
0.0482794
-0.00569108
-0.0596053
-0.112833
-0.164753
-0.214757
-0.262259
-0.306702
-0.347564
-0.384365
-0.416672
-0.444103
-0.466334
-0.483103
-0.494208
-0.499516
-0.498963
-0.492551
-0.480351
-0.462505
-0.439219
-0.410763
-0.37747
-0.339728
-0.29798
-0.252714
-0.204463
-0.153792
-0.101299
-0.047601
0.00666868
0.0608698
0.114362
0.166514
0.216707
0.264348
0.308872
0.34975
0.386497
0.418674
0.445899
0.467845
0.484251
0.494917
0.499715
0.498585
0.491536
0.478648
0.460072
0.436025
0.406791
0.372712
0.334194
0.29169
0.245706
0.196787
0.145514
0.0924969
0.0383671
-0.0162304
-0.0706445
-0.124225
-0.176333
-0.226343
-0.273658
-0.31771
-0.357971
-0.393956
-0.425233
-0.451425
-0.472215
-0.48735
-0.496647
-0.49999
-0.497336
-0.488715
-0.474224
-0.454037
-0.428391
-0.397592
-0.362008
-0.322064
-0.278237
-0.231053
-0.181079
-0.128915
-0.0751875
-0.020544
0.0343574
0.0888545
0.142289
0.194017
0.243411
0.289873
0.332841
0.371794
0.406257
0.435812
0.460097
0.478817
0.491741
0.498709
0.499634
0.494501
0.483369
0.466369
0.443706
0.41565
0.38254
0.344775
0.302812
0.257159
0.208369
0.157034
0.103778
0.0492481
-0.00589193
-0.0609703
-0.115315
-0.168264
-0.219169
-0.267409
-0.312392
-0.353567
-0.39043
-0.422527
-0.449463
-0.470905
-0.486589
-0.496318
-0.499971
-0.4975
-0.488931
-0.474366
-0.45398
-0.428021
-0.396804
-0.360709
-0.320176
-0.275702
-0.227831
-0.17715
-0.124281
-0.0698721
-0.0145935
0.040875
0.0958501
0.149654
0.201623
0.251115
0.297518
0.340257
0.378804
0.412679
0.441462
0.464793
0.482382
0.494008
0.499523
0.498857
0.492013
0.479073
0.460195
0.435608
0.405616
0.370586
0.330951
0.2872
0.239875
0.189561
0.136882
0.0824914
0.0270652
-0.0287079
-0.0841338
-0.138522
-0.191195
-0.241496
-0.288796
-0.332503
-0.372071
-0.407003
-0.436861
-0.46127
-0.479921
-0.492579
-0.499081
-0.499343
-0.493359
-0.4812
-0.463014
-0.439026
-0.409534
-0.374904
-0.335568
-0.292016
-0.244792
-0.194487
-0.141732
-0.0871863
-0.0315356
0.0245216
0.0802806
0.13504
0.18811
0.238822
0.286536
0.330649
0.370603
0.405893
0.436072
0.460754
0.479626
0.492448
0.499052
0.499353
0.493343
0.481096
0.462761
0.438569
0.408822
0.373893
0.334223
0.290311
0.242711
0.192026
0.138896
0.0839934
0.0280152
-0.0283288
-0.0843232
-0.139256
-0.192429
-0.243164
-0.290816
-0.334775
-0.374481
-0.409425
-0.43916
-0.463304
-0.481546
-0.49365
-0.499459
-0.498895
-0.491961
-0.478744
-0.459408
-0.434197
-0.40343
-0.367498
-0.326858
-0.282027
-0.233578
-0.182128
-0.128335
-0.0728873
-0.0164954
0.0401182
0.0962272
0.151111
0.204065
0.254406
0.301488
0.344703
0.383493
0.417357
0.445857
0.468622
0.485357
0.495843
0.49994
0.497594
0.48883
0.473759
0.452571
0.425537
0.393002
0.355385
0.313168
0.266894
0.217161
0.164609
0.109918
0.0537933
-0.0030378
-0.0598397
-0.115876
-0.17042
-0.222764
-0.272226
-0.318164
-0.35998
-0.397127
-0.42912
-0.455542
-0.476046
-0.490361
-0.498298
-0.49975
-0.494696
-0.483196
-0.465399
-0.441531
-0.411902
-0.376895
-0.336964
-0.292626
-0.24446
-0.193092
-0.139191
-0.0834611
-0.0266299
0.0305598
0.0873596
0.143026
0.196829
0.248063
0.296056
0.340176
0.379842
0.414533
0.443789
0.467224
0.484528
0.495469
0.4999
0.49776
0.489073
0.47395
0.452586
0.425261
0.392329
0.354223
0.311442
0.264546
0.214154
0.160926
0.105566
0.0488018
-0.00861695
-0.065932
-0.122386
-0.177231
-0.229742
-0.279223
-0.325016
-0.366514
-0.403165
-0.434481
-0.460043
-0.479509
-0.492619
-0.499194
-0.499145
-0.492468
-0.479248
-0.459657
-0.433954
-0.402475
-0.365638
-0.323928
-0.2779
-0.228162
-0.175377
-0.120246
-0.0635015
-0.0059007
0.051789
0.108798
0.164364
0.217746
0.268228
0.315134
0.357837
0.395761
0.428398
0.455309
0.476128
0.490576
0.498454
0.499654
0.494157
0.482031
0.463437
0.438621
0.407912
0.37172
0.330528
0.284887
0.235408
0.182755
0.127634
0.0707856
0.0129744
-0.0450216
-0.102421
-0.158451
-0.212354
-0.263403
-0.310907
-0.354224
-0.392766
-0.426011
-0.453507
-0.474879
-0.489834
-0.498168
-0.499764
-0.494596
-0.482732
-0.464329
-0.439631
-0.408972
-0.372763
-0.331492
-0.285717
-0.236056
-0.183182
-0.127811
-0.070694
-0.0126063
0.0456629
0.103321
0.159584
0.213685
0.264886
0.312488
0.355842
0.394354
0.427496
0.454814
0.475932
0.490558
0.49849
0.499616
0.493916
0.481465
0.46243
0.437067
0.405721
0.368817
0.326857
0.280414
0.230121
0.176665
0.120779
0.0632262
0.00479616
-0.0537098
-0.111489
-0.167746
-0.221709
-0.272635
-0.319821
-0.362617
-0.400432
-0.432743
-0.459102
-0.479144
-0.492588
-0.499246
-0.499022
-0.491917
-0.478025
-0.457533
-0.430722
-0.397957
-0.35969
-0.316445
-0.268819
-0.217466
-0.163097
-0.106461
-0.0483413
0.0104576
0.0691219
0.126838
0.182807
0.236249
0.286424
0.332633
0.374232
0.410642
0.441354
0.465937
0.484049
0.495432
0.499926
0.497463
0.488076
0.47189
0.449129
0.420105
0.38522
0.344958
0.299877
0.250604
0.197824
0.142273
0.0847248
0.0259831
-0.0331319
-0.0917939
-0.149182
-0.204492
-0.25695
-0.305819
-0.350413
-0.390104
-0.424335
-0.452621
-0.474564
-0.489852
-0.498268
-0.499688
-0.494091
-0.481551
-0.46224
-0.436427
-0.404471
-0.366819
-0.323998
-0.276608
-0.225314
-0.170837
-0.113942
-0.0554317
0.00387054
0.0631284
0.121505
0.178177
0.232342
0.283234
0.330131
0.37237
0.409349
0.440544
0.465509
0.483889
0.495419
0.499933
0.497363
0.487742
0.471202
0.447975
0.418387
0.382855
0.34188
0.296042
0.245989
0.19243
0.136126
0.0778766
0.0185088
-0.0411326
-0.100198
-0.157847
-0.213256
-0.265635
-0.314236
-0.358362
-0.397383
-0.430738
-0.457948
-0.478623
-0.492462
-0.499265
-0.498931
-0.49146
-0.476957
-0.455625
-0.427766
-0.393775
-0.354138
-0.309418
-0.260254
-0.20735
-0.151462
-0.0933902
-0.0339683
0.0259515
0.0855086
0.143847
0.200127
0.253539
0.303313
0.34873
0.389135
0.423943
0.452649
0.474838
0.490186
0.498468
0.499561
0.493446
0.480207
0.460032
0.433209
0.400121
0.361245
0.317138
0.268437
0.215844
0.160118
0.102064
0.0425225
-0.0176455
-0.0775679
-0.136376
-0.193216
-0.247262
-0.297729
-0.343882
-0.385049
-0.420628
-0.450101
-0.473035
-0.489094
-0.498041
-0.499741
-0.494167
-0.481396
-0.46161
-0.435094
-0.402231
-0.363498
-0.319456
-0.270744
-0.218073
-0.162209
-0.103966
-0.0441936
0.0162344
0.0764351
0.135528
0.192648
0.246958
0.297661
0.344013
0.385333
0.421013
0.450526
0.473436
0.489405
0.498195
0.499672
0.493811
0.480695
0.460513
0.433558
0.400223
0.360995
0.316448
0.267235
0.21408
0.157762
0.0991097
0.038987
-0.0217206
-0.0821179
-0.141314
-0.198434
-0.252633
-0.303111
-0.349119
-0.389974
-0.425071
-0.453887
-0.475993
-0.491058
-0.498856
-0.499268
-0.492283
-0.478002
-0.456633
-0.428489
-0.393984
-0.353626
-0.308013
-0.257819
-0.203786
-0.146717
-0.0874569
-0.0268869
0.0340932
0.0945761
0.153661
0.210469
0.264151
0.313907
0.358992
0.398733
0.432534
0.459888
0.480383
0.49371
0.499667
0.49816
0.489209
0.472944
0.449603
0.419534
0.383181
0.341087
0.293879
0.242261
0.187005
0.128937
0.0689255
0.00787065
-0.0533124
-0.113706
-0.172402
-0.228518
-0.281211
-0.329686
-0.373213
-0.411135
-0.442879
-0.467962
-0.486006
-0.496734
-0.499982
-0.495696
-0.483938
-0.464881
-0.438809
-0.406111
-0.367279
-0.322895
-0.273626
-0.220216
-0.163468
-0.10424
-0.0434255
0.018056
0.0792744
0.139303
0.197232
0.252182
0.30332
0.349869
0.39112
0.426446
0.455306
0.47726
0.491972
0.499213
0.498871
0.490946
0.475556
0.452931
0.423411
0.387443
0.34557
0.298428
0.246731
0.191267
0.132877
0.0724522
0.0109119
-0.0508051
-0.111757
-0.171012
-0.227665
-0.280849
-0.329748
-0.373615
-0.411774
-0.44364
-0.468721
-0.48663
-0.49709
-0.499937
-0.495122
-0.482717
-0.462907
-0.435994
-0.402385
-0.362595
-0.317231
-0.266986
-0.212631
-0.154999
-0.0949742
-0.033479
0.0285414
0.0901326
0.150346
0.208254
0.262964
0.31363
0.359469
0.399773
0.433916
0.46137
0.481706
0.494608
0.499872
0.497413
0.487266
0.469584
0.444636
0.412805
0.37458
0.33055
0.281393
0.22787
0.170806
0.111085
0.0496321
-0.0126008
-0.0746484
-0.135547
-0.194352
-0.250147
-0.302065
-0.349296
-0.391104
-0.426837
-0.455935
-0.477941
-0.492512
-0.499414
-0.498538
-0.489893
-0.47361
-0.44994
-0.419247
-0.382008
-0.3388
-0.290295
-0.237248
-0.180486
-0.120894
-0.059402
0.00302879
0.0654223
0.126802
0.186207
0.242706
0.295411
0.343497
0.386206
0.422866
0.4529
0.475832
0.4913
0.499057
0.498977
0.491058
0.475421
0.452307
0.422076
0.385201
0.342258
0.293921
0.240948
0.184171
0.124483
