0.155771
0.155771
0.155824
0.155824
0.155871
0.155887
0.155962
0.156146
0.156422
0.156422
0.156498
0.156498
0.156697
0.156697
0.156946
0.156946
0.157459
0.157459
0.157903
0.157903
0.157921
0.157894
0.158306
0.158306
0.158437
0.158052
0.157668
0.157668
0.157229
0.157229
0.157051
0.156951
0.156853
0.156853
0.156667
0.156809
0.156991
0.157048
0.157116
0.157116
0.157147
0.157068
0.157126
0.157126
0.157159
0.157013
0.157146
0.157146
0.157424
0.157424
0.15723
0.15723
0.157295
0.157295
0.157144
0.157267
0.157449
0.157449
0.157408
0.157408
0.157526
0.157526
0.157519
0.15736
0.15733
0.15733
0.157516
0.157395
0.157313
0.157313
0.157423
0.157265
0.15716
0.15716
0.157187
0.157114
0.156853
0.156853
0.157004
0.157004
0.15696
0.156867
0.157214
0.157214
0.157418
0.157453
0.157234
0.157234
0.156996
0.156963
0.156963
0.157104
0.157214
0.157129
0.157111
0.157111
0.157081
0.157082
0.157156
0.157156
0.157141
0.157034
0.156971
0.156971
0.156649
0.156649
0.156389
0.156389
0.156277
0.156277
0.156239
0.156239
0.156726
0.156726
0.156976
0.156828
0.156686
0.156686
0.156651
0.156651
0.156759
0.156759
0.156865
0.156755
0.156555
0.156555
0.156418
0.156477
0.156541
0.156541
0.156707
0.156651
0.156475
0.156475
0.156322
0.156435
0.156447
0.156392
0.156472
0.156472
0.156654
0.156653
0.156523
0.156523
0.156573
0.156573
0.156579
0.156579
0.156598
0.156588
0.156427
0.156427
0.156672
0.156672
0.156706
0.156706
0.156824
0.156824
0.156711
0.156711
0.15637
0.15637
0.156566
0.156566
0.156435
0.156435
0.156299
0.156299
0.156417
0.156417
0.156357
0.156357
0.156241
0.156241
0.156324
0.156299
0.156208
0.156208
0.156289
0.156289
0.156096
0.156096
0.156088
0.156279
0.156289
0.156289
0.156062
0.156062
0.155836
0.155911
0.155984
0.155984
0.155676
0.155676
0.155837
0.155837
0.156223
0.156223
0.156168
0.156168
0.156262
0.156262
0.156332
0.156332
0.156204
0.156204
0.156115
0.156115
0.156269
0.156269
0.156088
0.156088
0.155967
0.155967
0.156203
0.156203
0.156126
0.156126
0.15607
0.15607
0.156176
0.156176
0.156241
0.156241
0.156091
0.156091
0.156121
0.156121
0.155849
0.155849
0.155685
0.155906
0.155967
0.155967
0.155764
0.155673
0.155896
0.155896
0.155952
0.155909
0.155907
0.155907
0.155994
0.155872
0.155829
0.15598
0.155924
0.155924
0.1557
0.155758
0.155758
0.155954
0.155876
0.155876
0.155836
0.155813
0.15597
0.15605
0.155759
0.155759
0.155751
0.155864
0.156017
0.156017
0.155974
0.155876
0.155836
0.155836
0.155861
0.155995
0.155869
0.155869
0.155794
0.155852
0.155852
0.155911
0.155836
0.155836
0.155934
0.155969
0.156002
0.156002
0.156028
0.155929
0.155929
0.155869
0.155869
0.155809
0.155809
0.155834
0.155834
0.155914
0.15568
0.155388
0.155388
0.155346
0.155351
0.155039
0.154906
0.154919
0.154919
0.154949
0.154666
0.154591
0.154591
0.154569
0.154388
0.154387
0.154387
0.154488
0.154295
0.153958
0.153958
0.153854
0.153854
0.153673
0.15359
0.153777
0.153777
0.153885
0.154028
0.154272
0.154272
0.154463
0.154443
0.154551
0.154551
0.154714
0.154714
0.15444
0.15444
0.154407
0.154407
0.154274
0.154274
0.154428
0.154428
0.154509
0.154509
0.154514
0.154514
0.154566
0.154566
0.154169
0.154169
0.154297
0.154297
0.154425
0.154337
0.154262
0.154262
0.154358
0.154186
0.154038
0.154038
0.154259
0.154299
0.154299
0.154483
0.154647
0.154639
0.154521
0.15445
0.15445
0.154322
0.154136
0.154222
0.154222
0.154433
0.15432
0.154016
0.154016
0.154426
0.154426
0.154345
0.154345
0.154672
0.154672
0.15446
0.15446
0.154493
0.154493
0.154632
0.154632
0.154822
0.154822
0.154903
0.155032
0.155285
0.155285
0.155567
0.155502
0.155099
0.155099
0.155057
0.15523
0.155245
0.155245
0.154921
0.154921
0.154893
0.154893
0.154991
0.154991
0.154699
0.154699
0.154548
0.154548
0.154624
0.154634
0.154694
0.154694
0.154991
0.155089
0.15511
0.15511
0.155067
0.155115
0.155032
0.155032
0.155125
0.155192
0.155095
0.155095
0.155401
0.155401
0.155251
0.155251
0.155165
0.155165
0.155315
0.155315
0.155177
0.155177
0.155263
0.155469
0.155615
0.155615
0.155647
0.155612
0.155515
0.155515
0.155681
0.155844
0.155937
0.155778
0.1557
0.1557
0.155969
0.15615
0.156032
0.156032
0.155989
0.156037
0.156
0.156
0.155897
0.155912
0.155804
0.155804
0.15571
0.155922
0.156239
0.156239
0.156286
0.156301
0.156428
0.156428
0.156628
0.156628
0.156561
0.156561
0.156966
0.156966
0.156772
0.156639
0.156706
0.156915
0.157091
0.157356
0.157356
0.15725
0.15725
0.157086
0.157086
0.156994
0.156994
0.156857
0.156857
0.156857
0.156658
0.156616
0.156616
0.157127
0.157127
0.157127
0.157333
0.157446
0.157446
0.157366
0.157479
0.157557
0.157557
0.157237
0.157237
0.157449
0.157607
0.157599
0.157599
0.157637
0.157637
0.15779
0.15779
0.157824
0.157824
0.15765
0.157673
0.157841
0.157841
0.158027
0.158135
0.158077
0.158077
0.157899
0.157622
0.157778
0.157917
0.157795
0.157795
0.15758
0.157649
0.157795
0.157795
0.158055
0.158055
0.15809
0.15809
0.157765
0.157765
0.157723
0.157723
0.157899
0.157899
0.157957
0.157957
0.158098
0.158098
0.158351
0.158351
0.158289
0.158289
0.158349
0.158349
0.158356
0.158356
0.158283
0.158213
0.158183
0.158183
0.158102
0.158035
0.15809
0.15809
0.158137
0.158329
0.159003
0.159003
0.159579
0.159858
0.159763
0.159997
0.160303
0.160303
0.160374
0.160627
0.161015
0.161015
0.161476
0.161476
0.161662
0.161704
0.161568
0.161568
0.160879
0.160879
0.160338
0.159906
0.159808
0.159808
0.159476
0.159476
0.159433
0.159572
0.159642
0.159642
0.159558
0.159558
0.159714
0.15978
0.159768
0.159768
0.159856
0.1598
0.159672
0.159729
0.159825
0.159825
0.159992
0.160148
0.160168
0.160168
0.160051
0.160006
0.160056
0.160056
0.159973
0.159973
0.159831
0.159831
0.159639
0.159639
0.159689
0.159632
0.159602
0.159602
0.159631
0.159581
0.159484
0.159484
0.159458
0.159484
0.159421
0.159421
0.15932
0.15932
0.159093
0.159093
0.158927
0.158927
0.159206
0.159186
0.158884
0.158884
0.158791
0.158797
0.158636
0.158636
0.15862
0.158767
0.158814
0.158814
0.158664
0.158455
0.158474
0.15849
0.158505
0.158505
0.158399
0.158244
0.158205
0.158205
0.158012
0.158012
0.157843
0.157695
0.157624
0.157624
0.15773
0.157979
0.157979
0.157675
0.157675
0.157602
0.157602
0.157267
0.157267
0.157131
0.157131
0.157239
0.157239
0.156956
0.156755
0.15641
0.15641
0.156096
0.15611
0.156194
0.156194
0.155934
0.155934
0.156062
0.156183
0.156281
0.156281
0.15696
0.15696
0.156777
0.156536
0.156608
0.156608
0.156744
0.156744
0.156795
0.156795
0.156677
0.156677
0.156797
0.156726
0.156405
0.156405
0.156296
0.156375
0.156209
0.156209
0.156078
0.156017
0.156045
0.155891
0.155876
0.155876
0.155818
0.155545
0.155615
0.155615
0.155643
0.155643
0.155417
0.155328
0.15526
0.15526
0.155341
0.155341
0.155484
0.155484
0.155529
0.155529
0.155527
0.155328
0.155089
0.155089
0.155092
0.1549
0.15475
0.15475
0.154978
0.154978
0.154915
0.154915
0.154939
0.15515
0.15515
0.155175
0.15526
0.155416
0.155416
0.154835
0.154835
0.154221
0.153666
0.15362
0.15362
0.15385
0.153656
0.153241
0.153241
0.152761
0.152761
0.152317
0.152317
0.152121
0.152121
0.152368
0.152974
0.153507
0.153507
0.153789
0.153993
0.154163
0.154163
0.154161
0.154021
0.153985
0.154
0.153923
0.153923
0.154068
0.154202
0.153978
0.153978
0.153757
0.153842
0.153907
0.153907
0.154231
0.154231
0.15439
0.154189
0.154011
0.154011
0.154237
0.154383
0.154388
0.154388
0.154622
0.15469
0.154446
0.154446
0.154599
0.155017
0.155266
0.155266
0.154971
0.154971
0.155041
0.154563
0.154329
0.154329
0.154594
0.154732
0.154656
0.154656
0.1549
0.155046
0.154624
0.154624
0.154949
0.154949
0.155019
0.155019
0.154979
0.154979
0.154978
0.154978
0.154835
0.154835
0.155145
0.155373
0.155472
0.155472
0.155955
0.15604
0.155944
0.155944
0.156106
0.156106
0.156266
0.156636
0.156694
0.156694
0.156633
0.156462
0.156355
0.156355
0.15643
0.15643
0.156785
0.156958
0.157127
0.157127
0.157461
0.157461
0.157258
0.157469
0.157619
0.157619
0.157517
0.157529
0.157786
0.157786
0.157722
0.157722
0.157587
0.157587
0.157272
0.157272
0.157471
0.157471
0.157776
0.157776
0.15803
0.158233
0.158024
0.158024
0.158009
0.158404
0.158318
0.158318
0.158113
0.158391
0.158794
0.158794
0.158766
0.158674
0.158835
0.158835
0.158638
0.158638
0.158631
0.158631
0.158635
0.158635
0.158603
0.158894
0.159066
0.159066
0.159031
0.159053
0.158983
0.158983
0.158892
0.158835
0.158668
0.158668
0.158945
0.159662
0.160358
0.160358
0.16051
0.160633
0.161095
0.161095
0.161835
0.161835
0.162225
0.162225
0.162816
0.162816
0.162796
0.162667
0.162066
0.162066
0.160404
0.160404
0.160205
0.159938
0.159612
0.159612
0.159408
0.159274
0.159242
0.159242
0.159373
0.159619
0.159931
0.159931
0.1601
0.1601
0.159954
0.159954
0.160215
0.160215
0.160134
0.159914
0.159876
0.159704
0.159659
0.159659
0.159504
0.159504
0.159353
0.159353
0.15929
0.15929
0.159406
0.159347
0.159109
0.159109
0.159172
0.159172
0.159599
0.159599
0.159179
0.159179
0.158769
0.158401
0.158117
0.158117
0.158465
0.158465
0.158283
0.158283
0.157878
0.157878
0.157886
0.15777
0.157678
0.157678
0.157672
0.157614
0.157494
0.157494
0.157034
0.157034
0.15691
0.156565
0.156133
0.156133
0.155653
0.155383
0.155228
0.155127
0.155286
0.155286
0.155768
0.155768
0.156023
0.156189
0.15633
0.15633
0.156543
0.156643
0.156573
0.156573
0.156379
0.156241
0.156179
0.156179
0.156198
0.156277
0.156053
0.156053
0.15565
0.155496
0.155456
0.155278
0.155047
0.155047
0.154858
0.154858
0.154659
0.154659
0.154999
0.154999
0.155002
0.155002
0.15513
0.15513
0.155107
0.154802
0.154601
0.154601
0.154516
0.154516
0.154335
0.154443
0.154656
0.154656
0.154933
0.154933
0.154274
0.153294
0.153064
0.153064
0.153165
0.15273
0.152101
0.152101
0.151965
0.151558
0.150884
0.150884
0.151272
0.151272
0.151943
0.152884
0.153518
0.153518
0.153339
0.153165
0.153596
0.153596
0.153132
0.153132
0.153535
0.154206
0.153968
0.153968
0.153736
0.153942
0.153827
0.153827
0.153411
0.153411
0.153708
0.15386
0.15445
0.15445
0.156228
0.156228
0.156111
0.155959
0.15551
0.15551
0.154709
0.153973
0.153754
0.153754
0.153688
0.153688
0.154337
0.154317
0.153877
0.153877
0.154179
0.154705
0.154431
0.154431
0.155182
0.155182
0.155207
0.155207
0.155037
0.155037
0.15526
0.155247
0.155789
0.155789
0.156208
0.156017
0.156244
0.156244
0.156911
0.156714
0.156306
0.156306
0.15694
0.15694
0.157122
0.157673
0.158117
0.158117
0.158133
0.157763
0.157765
0.157765
0.158037
0.158037
0.158034
0.158034
0.158424
0.159001
0.158955
0.158658
0.15862
0.15862
0.159118
0.159118
0.159201
0.159201
0.158724
0.158724
0.15854
0.158719
0.158824
0.159031
0.159031
0.159226
0.159224
0.159224
0.159023
0.15904
0.15924
0.159582
0.159607
0.159572
0.159572
0.159372
0.159216
0.159174
0.159214
0.159131
0.159131
0.158986
0.160205
0.160205
0.161181
0.161365
0.161365
0.161704
0.162522
0.163226
0.163193
0.163566
0.163566
0.163963
0.164048
0.163663
0.163663
0.162856
0.161872
0.161068
0.161068
0.160666
0.160283
0.159918
0.159367
0.159367
0.15883
0.158978
0.159574
0.159574
0.159851
0.159851
0.15971
0.159652
0.159727
0.159727
0.159846
0.160097
0.160061
0.159903
0.159858
0.159858
0.159748
0.159685
0.159679
0.159679
0.159304
0.158814
0.158882
0.158882
0.158767
0.158767
0.15857
0.15857
0.158354
0.158354
0.158472
0.158581
0.158208
0.158208
0.157458
0.157458
0.157385
0.157204
0.15696
0.15696
0.156867
0.156721
0.15636
0.15636
0.155799
0.155275
0.155085
0.155085
0.155431
0.155431
0.155427
0.155427
0.155481
0.155481
0.155897
0.15597
0.155781
0.155781
0.155605
0.15563
0.155623
0.155623
0.155509
0.155509
0.155323
0.155323
0.154813
0.154813
0.154224
0.154224
0.154124
0.154124
0.154103
0.154103
0.15405
0.15405
0.15384
0.15384
0.153651
0.153651
0.153699
0.153699
0.154056
0.154056
0.154304
0.154304
0.154239
0.154164
0.153334
0.153334
0.152083
0.151872
0.151761
0.151761
0.15118
0.150345
0.150119
0.150119
0.150003
0.149558
0.150092
0.150092
0.152315
0.152315
0.152707
0.153105
0.153291
0.153291
0.153432
0.153372
0.153216
0.153266
0.153668
0.153864
0.154043
0.155032
0.155032
0.155947
0.155796
0.155544
0.155544
0.155522
0.15532
0.154543
0.154543
0.154018
0.153839
0.153572
0.153572
0.153052
0.153012
0.153231
0.153231
0.153781
0.154285
0.154541
0.154541
0.154338
0.154338
0.154787
0.155192
0.155462
0.155462
0.1561
0.156626
0.156721
0.156721
0.156777
0.156827
0.156465
0.156465
0.156206
0.156428
0.156729
0.156729
0.157177
0.157612
0.157833
0.157833
0.158155
0.158563
0.15883
0.15883
0.158487
0.158487
0.158482
0.158482
0.158952
0.158952
0.159053
0.159053
0.159196
0.159196
0.159425
0.159636
0.159828
0.159828
0.159797
0.15985
0.159971
0.159971
0.160117
0.160117
0.160193
0.160193
0.159986
0.159986
0.159909
0.159909
0.159961
0.159961
0.15981
0.15981
0.16136
0.16136
0.162443
0.162443
0.162838
0.162838
0.163742
0.163742
0.164156
0.165036
0.165195
0.165195
0.164398
0.163161
0.162053
0.162053
0.161422
0.161271
0.161073
0.160718
0.160333
0.160333
0.160293
0.160397
0.160285
0.160285
0.160095
0.159953
0.160097
0.160097
0.159826
0.159826
0.159762
0.159762
0.159823
0.159823
0.159785
0.159785
0.159812
0.159812
0.159498
0.158764
0.158764
0.158279
0.157348
0.156749
0.156749
0.15695
0.157355
0.157488
0.157529
0.157569
0.157569
0.157043
0.156513
0.156598
0.156598
0.156274
0.155333
0.155248
0.155248
0.155408
0.155222
0.155059
0.155059
0.15559
0.15559
0.155469
0.155469
0.155288
0.155288
0.154822
0.154822
0.155046
0.155046
0.154695
0.154695
0.154463
0.154463
0.1544
0.1544
0.153821
0.153821
0.153674
0.153445
0.153339
0.153339
0.153135
0.152761
0.152901
0.152901
0.153286
0.153465
0.153528
0.153528
0.153993
0.153384
0.151789
0.151503
0.151503
0.15145
0.150635
0.149468
0.148841
0.148841
0.148374
0.148123
0.148943
0.148943
0.151802
0.151802
0.152785
0.153904
0.154106
0.154106
0.15279
0.15195
0.152459
0.152459
0.152801
0.152559
0.152939
0.152939
0.154649
0.154649
0.155134
0.155134
0.155394
0.154861
0.153827
0.153266
0.153585
0.153585
0.154051
0.154139
0.154561
0.154561
0.155137
0.155137
0.156586
0.156586
0.156086
0.155426
0.155359
0.155359
0.155547
0.155605
0.156038
0.15615
0.15615
0.156267
0.15684
0.157023
0.156729
0.156729
0.156731
0.157322
0.15776
0.15776
0.158249
0.1586
0.158948
0.158948
0.159418
0.159418
0.159655
0.159655
0.159715
0.159715
0.159821
0.159863
0.16021
0.16021
0.160432
0.160107
0.159916
0.159916
0.160442
0.160442
0.160348
0.160348
0.160439
0.160439
0.160429
0.160429
0.160378
0.160378
0.160079
0.160079
0.162004
0.162004
0.162449
0.162884
0.162884
0.163641
0.164466
0.165075
0.165075
0.165967
0.165967
0.165308
0.165308
0.162702
0.162702
0.161979
0.161707
0.16142
0.16142
0.160437
0.160437
0.16054
0.16054
0.160399
0.160399
0.160633
0.160633
0.160235
0.160235
0.15856
0.157914
0.157833
0.157833
0.157338
0.157338
0.15774
0.157971
0.157859
0.157859
0.158115
0.158543
0.158523
0.158455
0.158962
0.158962
0.159041
0.158276
0.157197
0.157197
0.157116
0.157063
0.156326
0.156326
0.155064
0.155064
0.154758
0.154758
0.154468
0.154468
0.154611
0.154697
0.154787
0.154787
0.154395
0.154395
0.154465
0.154534
0.15429
0.153877
0.153704
0.153704
0.153427
0.153103
0.153162
0.153162
0.153253
0.153253
0.153054
0.15268
0.152672
0.152672
0.152891
0.153127
0.153266
0.153266
0.153288
0.151981
0.151367
0.151367
0.150182
0.150182
0.149224
0.149224
0.148323
0.148323
0.147768
0.147982
0.149103
0.149103
0.150549
0.151571
0.152438
0.152438
0.152946
0.152946
0.152702
0.15262
0.152649
0.152649
0.154933
0.154933
0.155509
0.155821
0.155854
0.155854
0.155067
0.153801
0.153464
0.153467
0.153201
0.153201
0.153603
0.154013
0.153904
0.153904
0.154246
0.154712
0.155007
0.155007
0.155054
0.155054
0.155426
0.155426
0.156344
0.15675
0.157366
0.15865
0.15865
0.159398
0.159211
0.158334
0.158341
0.158447
0.158447
0.158932
0.159511
0.159511
0.1594
0.158894
0.158932
0.158932
0.15925
0.15925
0.159461
0.160077
0.160507
0.160507
0.160643
0.160643
0.160492
0.160492
0.160653
0.160884
0.160884
0.160675
0.160642
0.160726
0.160726
0.160378
0.16064
0.16064
0.162468
0.164061
0.164596
0.164596
0.164788
0.164788
0.166523
0.166523
0.166991
0.166579
0.165401
0.163862
0.162511
0.162511
0.161958
0.161759
0.161789
0.161789
0.161559
0.161131
0.160544
0.160316
0.160452
0.160452
0.160198
0.160192
0.160849
0.160849
0.159956
0.159956
0.158982
0.158982
0.159106
0.158761
0.15844
0.157873
0.157873
0.156067
0.156067
0.156546
0.156985
0.15696
0.15696
0.156681
0.156594
0.156221
0.156221
0.155459
0.15483
0.154491
0.154491
0.155358
0.155358
0.155351
0.155351
0.154548
0.154548
0.154699
0.154659
0.154196
0.154196
0.153572
0.153572
0.152972
0.152972
0.152718
0.152332
0.152541
0.152783
0.152783
0.152499
0.152934
0.152934
0.153225
0.153834
0.153789
0.152298
0.151658
0.151658
0.151161
0.151161
0.149742
0.148887
0.149017
0.149017
0.15266
0.153314
0.153864
0.154536
0.154262
0.154262
0.152446
0.152446
0.151427
0.151427
0.15231
0.15231
0.153831
0.154878
0.154763
0.154763
0.153854
0.153711
0.153274
0.153274
0.153997
0.154979
0.155906
0.155774
0.156814
0.156814
0.156472
0.156472
0.1555
0.155109
0.154616
0.154451
0.154451
0.156565
0.157841
0.157763
0.157763
0.157753
0.157745
0.156895
0.156895
0.156888
0.156888
0.156928
0.157512
0.158983
0.158983
0.159612
0.159612
0.159242
0.158804
0.159078
0.159438
0.15943
0.15943
0.15947
0.15947
0.159672
0.15982
0.159724
0.159724
0.159659
0.159974
0.159833
0.159587
0.159556
0.159416
0.160207
0.160207
0.162192
0.162192
0.163462
0.163462
0.16395
0.164373
0.164911
0.164911
0.163439
0.163439
0.162511
0.162511
0.162109
0.161818
0.161564
0.161564
0.161168
0.161176
0.161858
0.161858
0.161832
0.161832
0.161769
0.161789
0.161656
0.161656
0.161181
0.160529
0.160374
0.160374
0.160532
0.160271
0.159705
0.159481
0.160049
0.159961
0.159094
0.157232
0.157232
0.154503
0.154503
0.154566
0.154881
0.154654
0.154654
0.154446
0.154393
0.154355
0.154597
0.154597
0.155092
0.154936
0.154656
0.154644
0.154644
0.154065
0.153611
0.153568
0.153568
0.153374
0.153095
0.152927
0.152881
0.152664
0.152664
0.152581
0.152403
0.152272
0.152272
0.152328
0.152328
0.152371
0.152371
0.15142
0.150105
0.149428
0.149579
0.149579
0.148993
0.148104
0.147745
0.147523
0.147454
0.147454
0.148577
0.14952
0.150193
0.150193
0.152386
0.152386
0.152429
0.15237
0.152722
0.152722
0.153085
0.153085
0.15438
0.155208
0.154938
0.154938
0.153786
0.153786
0.15358
0.153339
0.15309
0.15309
0.153074
0.15323
0.153681
0.153681
0.154719
0.154719
0.155391
0.155901
0.156204
0.156204
0.157124
0.157124
0.15765
0.158073
0.158661
0.158661
0.159307
0.159591
0.159777
0.159777
0.160585
0.160585
0.160549
0.16049
0.160841
0.160841
0.160886
0.160997
0.161417
0.161545
0.161545
0.161385
0.161623
0.161855
0.161501
0.161501
0.16111
0.16062
0.161535
0.161535
0.163407
0.163407
0.164093
0.164866
0.165524
0.165524
0.166267
0.167084
0.167051
0.16599
0.164745
0.163807
0.163102
0.163102
0.161433
0.161433
0.161204
0.161274
0.161254
0.161254
0.161345
0.161769
0.161845
0.161564
0.161867
0.161867
0.162237
0.16214
0.161654
0.161654
0.15978
0.15978
0.158686
0.157589
0.156311
0.156311
0.154994
0.154415
0.154587
0.154873
0.154304
0.154304
0.153508
0.15349
0.153852
0.153852
0.153882
0.153882
0.154106
0.154106
0.153157
0.153157
0.153014
0.152806
0.152594
0.152594
0.152358
0.152358
0.152121
0.152121
0.151928
0.151928
0.151765
0.151661
0.151887
0.152179
0.15241
0.15241
0.150954
0.150086
0.149422
0.148769
0.147239
0.147239
0.146216
0.146216
0.146998
0.146998
0.149312
0.150748
0.150989
0.150989
0.152582
0.152582
0.151158
0.151158
0.153728
0.156284
0.157733
0.157733
0.15679
0.15679
0.154611
0.154611
0.152431
0.152431
0.15183
0.151609
0.15239
0.15306
0.153407
0.153407
0.154418
0.154981
0.155079
0.155079
0.15555
0.156337
0.156083
0.156083
0.157761
0.157761
0.158819
0.159109
0.159821
0.159821
0.160246
0.160246
0.161737
0.161737
0.161239
0.161239
0.161634
0.161634
0.161601
0.161601
0.161699
0.162102
0.161951
0.161951
0.161903
0.162223
0.162019
0.161548
0.161699
0.161699
0.163296
0.164521
0.165059
0.165059
0.166045
0.167378
0.168485
0.168485
0.168513
0.168513
0.16762
0.166241
0.164484
0.164484
0.162282
0.162282
0.162609
0.163374
0.162936
0.162936
0.160409
0.160409
0.1601
0.1601
0.160089
0.160089
0.159295
0.159295
0.158605
0.158605
0.158284
0.157687
0.156658
0.155859
0.155069
0.155069
0.154485
0.154485
0.154322
0.153711
0.153344
0.153344
0.154056
0.154056
0.154128
0.154128
0.154035
0.153565
0.153309
0.153309
0.152532
0.152532
0.152398
0.152489
0.15219
0.15219
0.151844
0.151844
0.151533
0.151533
0.151619
0.151619
0.152031
0.15181
0.149637
0.149637
0.148582
0.148582
0.147695
0.146135
0.145036
0.145036
0.146185
0.146185
0.149543
0.149543
0.150227
0.151208
0.152524
0.153158
0.153152
0.154347
0.155471
0.155471
0.155157
0.155157
0.154685
0.153812
0.152919
0.152919
0.153025
0.154202
0.155089
0.155089
0.155212
0.154629
0.1544
0.15482
0.155016
0.155016
0.155803
0.155803
0.156492
0.15721
0.157879
0.157879
0.159378
0.159378
0.159982
0.160441
0.160593
0.160593
0.161463
0.161463
0.161802
0.161672
0.161618
0.161618
0.162185
0.162185
0.16193
0.161993
0.162404
0.162514
0.162257
0.162257
0.161815
0.161654
0.16305
0.164949
0.165987
0.165987
0.16638
0.167449
0.168711
0.168711
0.168805
0.168291
0.167257
0.167257
0.165778
0.165778
0.165655
0.165655
0.164564
0.164564
0.163586
0.163118
0.163093
0.163093
0.162587
0.161193
0.15976
0.15976
0.159358
0.159358
0.159151
0.158757
0.157761
0.157761
0.156545
0.155808
0.155276
0.155276
0.154463
0.153014
0.152237
0.152237
0.152307
0.152652
0.152534
0.152534
0.152805
0.152805
0.153125
0.153181
0.15267
0.15267
0.152408
0.152008
0.151452
0.151452
0.150409
0.150409
0.150489
0.150489
0.150655
0.150655
0.150562
0.150562
0.14858
0.148105
0.147644
0.147644
0.144785
0.144785
0.143577
0.143842
0.145325
0.145325
0.149378
0.149378
0.151785
0.151785
0.152849
0.153115
0.15347
0.15347
0.153915
0.153499
0.153025
0.153025
0.153452
0.153452
0.152942
0.153173
0.154269
0.154269
0.15387
0.15387
0.154393
0.154926
0.155371
0.156299
0.157453
0.157453
0.158937
0.158937
0.159921
0.160527
0.160595
0.160374
0.160376
0.160376
0.161433
0.161433
0.162456
0.162456
0.162816
0.162886
0.162712
0.162582
0.162544
0.162544
0.162391
0.162391
0.162431
0.162431
0.162252
0.161976
0.163256
0.163256
0.166943
0.166943
0.167496
0.167496
0.169453
0.169453
0.170216
0.170216
0.168983
0.168983
0.168015
0.167057
0.166357
0.165592
0.164581
0.164581
0.16114
0.16114
0.160212
0.159833
0.159355
0.159355
0.157242
0.157242
0.157288
0.157288
0.157619
0.157619
0.15773
0.157517
0.156833
0.156833
0.156053
0.155152
0.153113
0.153113
0.151183
0.151125
0.152109
0.152542
0.15261
0.15261
0.152574
0.152448
0.15234
0.15234
0.152149
0.152149
0.151321
0.150769
0.150343
0.150343
0.149852
0.149729
0.150381
0.150381
0.149312
0.149312
0.147172
0.147172
0.146121
0.144855
0.144038
0.144038
0.14395
0.14395
0.145423
0.147791
0.149576
0.149576
0.150374
0.151005
0.151792
0.152509
0.153352
0.153352
0.154176
0.15394
0.153834
0.153834
0.153284
0.153284
0.152913
0.152913
0.153985
0.153985
0.154431
0.154634
0.155313
0.155313
0.157746
0.157746
0.158311
0.158869
0.159481
0.160029
0.16054
0.16054
0.161868
0.161868
0.162169
0.162169
0.16359
0.16359
0.163752
0.163356
0.163371
0.163371
0.163062
0.163062
0.163188
0.163372
0.163122
0.163122
0.162658
0.164234
0.166488
0.166488
0.16713
0.167618
0.168772
0.168772
0.171295
0.171295
0.17015
0.17015
0.168585
0.168585
0.164991
0.164991
0.164355
0.164305
0.163465
0.163465
0.160539
0.160539
0.159851
0.159617
0.159745
0.159745
0.159714
0.159433
0.158523
0.158523
0.157428
0.156473
0.155449
0.155449
0.153122
0.153122
0.151321
0.151321
0.150788
0.150788
0.151417
0.151417
0.151601
0.151601
0.151804
0.151895
0.151784
0.151784
0.150982
0.150982
0.149983
0.149309
0.149247
0.149607
0.150137
0.150137
0.147939
0.147939
0.14691
0.14691
0.146264
0.144669
0.143427
0.143427
0.143147
0.143776
0.145788
0.147908
0.149315
0.149315
0.15178
0.15178
0.152737
0.153726
0.154382
0.154382
0.153943
0.152931
0.152981
0.152981
0.152418
0.152418
0.153205
0.153922
0.153812
0.153812
0.155417
0.155417
0.156221
0.157061
0.158155
0.158155
0.159383
0.159383
0.159875
0.159875
0.161488
0.161488
0.161794
0.162424
0.163161
0.163527
0.163661
0.163661
0.163799
0.163975
0.163918
0.163918
0.163913
0.163913
0.163786
0.163218
0.164006
0.164006
0.166568
0.167965
0.168092
0.168092
0.171171
0.171171
0.171714
0.171246
0.170499
0.169016
0.166677
0.166677
0.164841
0.164841
0.164496
0.163221
0.161445
0.161445
0.160882
0.160882
0.160185
0.159116
0.158311
0.158311
0.156963
0.156963
0.15693
0.156777
0.155681
0.155681
0.153938
0.152456
0.151226
0.151226
0.151613
0.151613
0.151736
0.151566
0.151817
0.152244
0.151983
0.151983
0.151259
0.151259
0.150658
0.150658
0.149715
0.149715
0.149548
0.149392
0.149876
0.149876
0.147187
0.147187
0.145733
0.145733
0.144923
0.142974
0.142083
0.142083
0.144208
0.144208
0.146211
0.148578
0.15061
0.151289
0.152107
0.152107
0.153656
0.15388
0.153568
0.153108
0.152934
0.152934
0.153007
0.153007
0.153268
0.15405
0.154921
0.154921
0.15484
0.155084
0.156375
0.15723
0.157242
0.157242
0.159214
0.159214
0.159944
0.16054
0.161739
0.161739
0.163125
0.163125
0.163307
0.163571
0.163468
0.163468
0.163905
0.163905
0.164217
0.164488
0.164318
0.164318
0.163306
0.163306
0.165203
0.167423
0.16775
0.16775
0.168356
0.169831
0.171407
0.171407
0.172404
0.17297
0.171851
0.169856
0.167618
0.167618
0.166292
0.165746
0.164657
0.163502
0.161998
0.161998
0.159221
0.159221
0.15887
0.158004
0.15685
0.15685
0.156863
0.156863
0.156169
0.154448
0.152959
0.152959
0.150107
0.150107
0.150471
0.150471
0.151842
0.151842
0.151842
0.151842
0.151965
0.151585
0.151347
0.151022
0.150114
0.150114
0.149349
0.149322
0.149239
0.149239
0.149551
0.149551
0.147245
0.146186
0.145321
0.145321
0.143844
0.141508
0.140371
0.139672
0.139672
0.145062
0.145062
0.150584
0.150584
0.151643
0.153764
0.154926
0.154611
0.154684
0.154684
0.15397
0.15397
0.152745
0.152966
0.153729
0.153729
0.154184
0.15473
0.155615
0.155901
0.155803
0.155803
0.158913
0.158913
0.159113
0.159415
0.160749
0.160749
0.161963
0.161963
0.162715
0.163606
0.164186
0.164509
0.164971
0.164971
0.164423
0.164423
0.164362
0.164362
0.163893
0.163893
0.164289
0.166717
0.167791
0.167791
0.169048
0.169048
0.171066
0.172366
0.17176
0.170947
0.169987
0.169987
0.16631
0.16631
0.165902
0.165612
0.164342
0.164342
0.162653
0.162653
0.161945
0.16049
0.158988
0.158482
0.157582
0.157582
0.155137
0.155137
0.154619
0.153759
0.151867
0.151867
0.150087
0.150087
0.150509
0.150509
0.152024
0.152024
0.152466
0.152476
0.152287
0.152287
0.151052
0.151052
0.150466
0.149456
0.148636
0.148636
0.149211
0.148454
0.146244
0.146244
0.146749
0.146025
0.143968
0.143968
0.140647
0.140647
0.140506
0.141583
0.144153
0.146688
0.14845
0.151804
0.154561
0.154561
0.155907
0.155907
0.155761
0.154659
0.153495
0.153042
0.152899
0.153723
0.153723
0.156916
0.156916
0.158176
0.158176
0.159216
0.159216
0.158273
0.158273
0.158492
0.159245
0.160057
0.160057
0.16094
0.161853
0.162878
0.162878
0.164315
0.164315
0.16425
0.16425
0.164197
0.164503
0.164602
0.164602
0.164217
0.164217
0.166224
0.167929
0.168782
0.168782
0.169571
0.171573
0.173417
0.173417
0.172464
0.172464
0.169378
0.169378
0.167464
0.166189
0.165602
0.16471
0.163047
0.163047
0.158417
0.158417
0.15903
0.159574
0.158459
0.158459
0.156058
0.156058
0.155617
0.154005
0.152529
0.151619
0.15019
0.15019
0.149933
0.149933
0.150926
0.150831
0.150866
0.150866
0.151297
0.151297
0.150819
0.150444
0.149637
0.149637
0.148774
0.148774
0.149418
0.149418
0.147147
0.146468
0.1452
0.1452
0.141117
0.141117
0.140341
0.140383
0.141253
0.144083
0.147708
0.147708
0.151043
0.151043
0.151317
0.152849
0.154428
0.154428
0.153699
0.154895
0.155764
0.155764
0.154335
0.154335
0.155325
0.155808
0.155432
0.155929
0.157041
0.157041
0.158588
0.158588
0.159498
0.160288
0.161367
0.162522
0.163404
0.163885
0.164219
0.164219
0.164715
0.164715
0.164777
0.164788
0.164805
0.164805
0.164169
0.164169
0.164451
0.16712
0.168951
0.168951
0.170039
0.170039
0.172584
0.173815
0.173493
0.173493
0.169989
0.169989
0.168282
0.167097
0.166573
0.165537
0.163636
0.163636
0.160447
0.160447
0.159845
0.159426
0.158812
0.158812
0.157353
0.157353
0.154385
0.154385
0.151424
0.151424
0.149901
0.149119
0.149528
0.149528
0.15105
0.15105
0.151455
0.151508
0.151266
0.150741
0.15012
0.15012
0.14897
0.14897
0.148748
0.149118
0.149491
0.149491
0.14571
0.14571
0.144564
0.143221
0.140665
0.140665
0.139523
0.139523
0.143143
0.143143
0.146419
0.146419
0.151897
0.151897
0.153764
0.153764
0.153987
0.153938
0.153827
0.153827
0.15347
0.153658
0.154471
0.154158
0.155618
0.158422
0.161198
0.16278
0.162021
0.162021
0.161058
0.161682
0.162248
0.162248
0.164059
0.163721
0.162843
0.162479
0.162479
0.162655
0.163364
0.163254
0.162418
0.161808
0.161877
0.162703
0.164645
0.164645
0.167009
0.167009
0.16838
0.169999
0.170922
0.170922
0.172009
0.17087
0.169275
0.169275
0.164853
0.164853
0.16358
0.163361
0.163351
0.163053
0.162554
0.162554
0.161754
0.161754
0.160894
0.160894
0.157395
0.157395
0.155748
0.154642
0.152259
0.152259
0.148392
0.148392
0.148917
0.149471
0.14986
0.150426
0.150678
0.150255
0.149951
0.149951
0.149007
0.149007
0.148138
0.147967
0.148316
0.148153
0.145706
0.145706
0.144544
0.144544
0.142654
0.14016
0.139045
0.139045
0.141286
0.141286
0.144121
0.14703
0.148917
0.150147
0.151478
0.153706
0.15509
0.15509
0.154802
0.154802
0.153804
0.153591
0.153774
0.153806
0.154166
0.154166
0.157102
0.157102
0.157705
0.158384
0.159738
0.161101
0.161925
0.161925
0.164549
0.164549
0.165223
0.165223
0.165069
0.165339
0.165514
0.165369
0.16547
0.16547
0.164577
0.164577
0.165673
0.168093
0.169005
0.169005
0.169898
0.171405
0.173083
0.17422
0.174866
0.173463
0.170934
0.170934
0.166815
0.166815
0.165924
0.164469
0.16258
0.160628
0.15987
0.15987
0.160062
0.160062
0.158645
0.157127
0.155721
0.155721
0.151093
0.151093
0.149111
0.149111
0.148495
0.148761
0.149722
0.149722
0.150655
0.150655
0.150608
0.15053
0.149744
0.149744
0.148251
0.148251
0.148084
0.148344
0.148381
0.145876
0.143877
0.143877
0.141475
0.139312
0.141045
0.141045
0.147843
0.147843
0.150892
0.15262
0.152217
0.151834
0.152531
0.152531
0.152883
0.152883
0.152667
0.152667
0.153354
0.153577
0.153419
0.152946
0.153442
0.153442
0.157602
0.157602
0.158244
0.158618
0.159697
0.160831
0.162023
0.163327
0.164438
0.164894
0.164894
0.165268
0.165756
0.16603
0.16603
0.165982
0.165982
0.165783
0.165783
0.166548
0.166548
0.169328
0.169328
0.171956
0.174086
0.176662
0.176199
0.176199
0.173276
0.170172
0.168173
0.167351
0.167499
0.167499
0.16723
0.166088
0.164139
0.162389
0.1615
0.1615
0.160464
0.158982
0.157195
0.157195
0.153535
0.153535
0.151641
0.151641
0.148379
0.148379
0.147664
0.148057
0.148545
0.148545
0.148904
0.149129
0.14891
0.148138
0.147049
0.147049
0.14686
0.147041
0.146991
0.146991
0.144407
0.142403
0.140298
0.136572
0.136572
0.136761
0.141087
0.145695
0.149285
0.149285
0.151512
0.154096
0.155874
0.155467
0.153316
0.153316
0.152056
0.150854
0.149456
0.149456
0.151634
0.151634
0.154078
0.155806
0.157248
0.157248
0.159587
0.159587
0.160019
0.160019
0.162648
0.162648
0.163963
0.165153
0.16674
0.16674
0.16807
0.168163
0.167575
0.167036
0.166764
0.166764
0.165804
0.16686
0.1702
0.1702
0.171983
0.171983
0.17464
0.17464
0.176891
0.174708
0.164898
0.164898
0.15944
0.156702
0.156535
0.156535
0.160563
0.160563
0.161707
0.161526
0.160753
0.160753
0.160016
0.159606
0.158819
0.156902
0.154187
0.154187
0.149762
0.149762
0.14865
0.148517
0.149163
0.149163
0.149503
0.149445
0.148711
0.147871
0.147056
0.147056
0.146706
0.147054
0.147305
0.14453
0.142386
0.142386
0.141208
0.139281
0.135743
0.135743
0.134993
0.136844
0.139324
0.139324
0.147498
0.147498
0.151075
0.153127
0.154891
0.154891
0.154924
0.152232
0.15106
0.15106
0.152873
0.152873
0.153688
0.155391
0.15698
0.15698
0.158248
0.159958
0.162056
0.162056
0.164966
0.164966
0.166672
0.167809
0.168447
0.168447
0.168704
0.168704
0.167934
0.167117
0.166329
0.166329
0.166916
0.169962
0.171656
0.171656
0.17436
0.17436
0.177696
0.179504
0.178858
0.178858
0.173555
0.173555
0.170318
0.170318
0.164956
0.164956
0.163731
0.162569
0.160251
0.158024
0.156897
0.156897
0.151503
0.151503
0.149299
0.149156
0.148255
0.148255
0.146983
0.146983
0.148957
0.149702
0.149168
0.148598
0.148225
0.148225
0.147672
0.147137
0.14699
0.14699
0.146395
0.146395
0.142855
0.141244
0.13985
0.13985
0.137604
0.135403
0.136613
0.136613
0.141578
0.141578
0.144347
0.14772
0.151437
0.153044
0.153173
0.153173
0.153382
0.153382
0.152974
0.153663
0.155416
0.155416
0.157668
0.157668
0.158417
0.159592
0.160706
0.160706
0.163248
0.163248
0.16505
0.166274
0.168047
0.168047
0.16847
0.16847
0.167459
0.166986
0.167024
0.166709
0.168525
0.168525
0.170044
0.170575
0.17174
0.17174
0.178018
0.178018
0.178644
0.177735
0.175306
0.175306
0.170188
0.170188
0.167831
0.165871
0.164757
0.163009
0.159494
0.159494
0.154807
0.154807
0.154362
0.153067
0.15116
0.149603
0.148094
0.148094
0.147669
0.147669
0.14853
0.148894
0.148973
0.148973
0.148343
0.148343
0.14698
0.146419
0.146812
0.147657
0.146913
0.146913
0.144312
0.142287
0.139505
0.139505
0.135033
0.135033
0.135079
0.137787
0.141195
0.141195
0.146105
0.146105
0.149508
0.152401
0.153485
0.153485
0.153628
0.153628
0.154244
0.154689
0.155799
0.155799
0.158314
0.158314
0.15967
0.15967
0.160969
0.162351
0.164157
0.164157
0.167273
0.167273
0.167987
0.167987
0.167947
0.167618
0.167245
0.16679
0.166352
0.166352
0.167904
0.170294
0.171868
0.171868
0.175655
0.175655
0.178714
0.179149
0.177945
0.177945
0.171926
0.171926
0.169036
0.167072
0.165535
0.163281
0.160763
0.160763
0.157824
0.157824
0.157287
0.155195
0.152368
0.149978
0.148441
0.148441
0.146689
0.146689
0.148303
0.148303
0.148777
0.148777
0.148774
0.148774
0.1477
0.146802
0.146873
0.147001
0.146983
0.144543
0.142612
0.142612
0.139335
0.139335
0.136572
0.136165
0.139086
0.139086
0.142687
0.142687
0.144921
0.148064
0.150346
0.150346
0.152688
0.152688
0.153135
0.152898
0.153198
0.154385
0.15512
0.15512
0.158163
0.158163
0.159335
0.1603
0.161261
0.161261
0.16469
0.16469
0.167896
0.167896
0.168136
0.168208
0.168427
0.168279
0.167778
0.167778
0.16771
0.16771
0.17016
0.17016
0.172642
0.172642
0.175379
0.179124
0.18061
0.18061
0.176795
0.176795
0.174395
0.171048
0.167109
0.16387
0.161384
0.161384
0.158329
0.158329
0.156802
0.156802
0.155228
0.153958
0.151882
0.151882
0.147523
0.147523
0.146839
0.146727
0.147149
0.147149
0.1482
0.1482
0.147121
0.147121
0.146458
0.146043
0.146548
0.146548
0.142958
0.142958
0.141218
0.139606
0.136955
0.136955
0.136045
0.136045
0.138628
0.141482
0.145272
0.148157
0.150348
0.150348
0.153577
0.153577
0.152325
0.152325
0.153255
0.154226
0.154488
0.154488
0.157006
0.157006
0.159843
0.159843
0.161501
0.161501
0.164929
0.164929
0.167301
0.167301
0.168543
0.169667
0.169376
0.168419
0.167647
0.167647
0.167547
0.167547
0.170296
0.170296
0.173478
0.173478
0.176219
0.1798
0.180829
0.180829
0.177751
0.177751
0.174577
0.171041
0.168497
0.166176
0.163133
0.163133
0.15774
0.15774
0.156643
0.155006
0.151895
0.149762
0.147675
0.147675
0.146691
0.148505
0.148505
0.149026
0.149026
0.14905
0.148749
0.148255
0.148074
0.147748
0.147748
0.148203
0.148203
0.145167
0.143467
0.141913
0.141913
0.136152
0.136152
0.136963
0.136963
0.144447
0.144447
0.145859
0.147778
0.150667
0.150667
0.153203
0.153203
0.153203
0.153055
0.153379
0.154139
0.15514
0.15514
0.158309
0.158309
0.159646
0.160969
0.162393
0.163817
0.164448
0.164448
0.166815
0.166815
0.169129
0.169921
0.16937
0.16937
0.167746
0.167746
0.167838
0.170376
0.171813
0.173004
0.175059
0.175059
0.17804
0.180308
0.180225
0.178989
0.176692
0.176692
0.170065
0.170065
0.166787
0.163611
0.160426
0.158834
0.158165
0.158165
0.154211
0.154211
0.152717
0.150934
0.148598
0.148598
0.14609
0.14609
0.146528
0.146782
0.147034
0.147171
0.146452
0.146452
0.145872
0.145872
0.146019
0.145929
0.143046
0.141145
0.138746
0.138746
0.134624
0.134624
0.138047
0.138047
0.140712
0.140712
0.146266
0.146266
0.15016
0.15016
0.153577
0.153577
0.154232
0.153962
0.154448
0.154448
0.155842
0.155842
0.156838
0.157609
0.159365
0.16139
0.164089
0.166055
0.167479
0.167479
0.168849
0.168849
0.169536
0.169521
0.168865
0.168216
0.168095
0.168095
0.171518
0.171518
0.174101
0.174101
0.177273
0.179267
0.178526
0.177642
0.177288
0.177288
0.174308
0.169901
0.166782
0.165112
0.163425
0.163425
0.160341
0.160341
0.154063
0.154063
0.15111
0.14942
0.148132
0.148132
0.146683
0.146683
0.147835
0.147835
0.148132
0.147921
0.147378
0.146497
0.145619
0.145619
0.14615
0.14615
0.144111
0.141291
0.140302
0.138388
0.135235
0.135235
0.13527
0.13527
0.139065
0.141122
0.143826
0.143826
0.150786
0.150786
0.152757
0.152757
0.152939
0.152868
0.153198
0.154757
0.156304
0.156304
0.160471
0.160471
0.162891
0.162891
0.163306
0.164078
0.165764
0.165764
0.169363
0.169363
0.169023
0.169023
0.16856
0.167907
0.167147
0.169308
0.171832
0.172266
0.173209
0.173209
0.179966
0.179966
0.180683
0.178862
0.175283
0.1719
0.168935
0.168935
0.164997
0.164997
0.162225
0.162225
0.160695
0.157873
0.155547
0.155547
0.15234
0.15234
0.147624
0.147624
0.14606
0.145386
0.14555
0.146221
0.146465
0.146465
0.145849
0.145849
0.145623
0.145623
0.145303
0.142806
0.140888
0.140888
0.136425
0.136425
0.13366
0.133439
0.135585
0.135585
0.142488
0.142488
0.150939
0.150939
0.153646
0.154335
0.153962
0.153137
0.152169
0.152169
0.155545
0.155545
0.157014
0.157937
0.159526
0.159526
0.163965
0.163965
0.165756
0.167411
0.168825
0.170082
0.170875
0.170875
0.168925
0.168925
0.168545
0.168545
0.171261
0.172741
0.173829
0.175344
0.178814
0.178814
0.18018
0.179992
0.179454
0.177602
0.174307
0.174307
0.170113
0.166173
0.164448
0.164448
0.161689
0.161689
0.155336
0.155336
0.152434
0.148127
0.144729
0.144729
0.144759
0.144759
0.145283
0.145283
0.146065
0.145954
0.145094
0.144608
0.14477
0.14477
0.143535
0.143535
0.140496
0.138617
0.136983
0.136983
0.132116
0.132116
0.138554
0.138554
0.14115
0.143872
0.148223
0.148223
0.153553
0.153553
0.152879
0.152879
0.154734
0.154734
0.156696
0.158215
0.159533
0.16059
0.161691
0.163636
0.165749
0.165749
0.167507
0.167507
0.168679
0.16938
0.169453
0.169199
0.168684
0.167881
0.169504
0.169504
0.172849
0.172849
0.174881
0.177472
0.180113
0.180113
0.179642
0.179642
0.174147
0.174147
0.17093
0.167944
0.165346
0.165346
0.160959
0.160959
0.157733
0.157733
0.15571
0.152778
0.148567
0.145824
0.14494
0.14494
0.144915
0.144915
0.146525
0.146525
0.146452
0.145504
0.144808
0.144808
0.145345
0.145345
0.1403
0.1403
0.137081
0.137081
0.13491
0.13491
0.139344
0.139344
0.142586
0.146364
0.150569
0.153089
0.153658
0.153658
0.152327
0.152327
0.152365
0.152365
0.154538
0.15603
0.156584
0.157436
0.159254
0.159254
0.164801
0.164801
0.167819
0.167819
0.168673
0.170001
0.169742
0.169742
0.16795
0.16795
0.168975
0.171365
0.172975
0.172975
0.176275
0.176275
0.180855
0.180855
0.18017
0.178148
0.175077
0.175077
0.169189
0.169189
0.164312
0.164312
0.161407
0.159249
0.157444
0.15514
0.15319
0.150718
0.147923
0.147923
0.144963
0.144963
0.145594
0.145594
0.145947
0.14619
0.145748
0.144921
0.144943
0.144943
0.143741
0.143741
0.138917
0.138917
0.136779
0.134551
0.133022
0.134644
0.137265
0.137265
0.145853
0.145853
0.149712
0.149712
0.154516
0.154516
0.153786
0.153786
0.154297
0.155637
0.156681
0.158332
0.159991
0.159991
0.162351
0.162351
0.165412
0.165412
0.167544
0.169418
0.170097
0.170137
0.169594
0.168849
0.168558
0.168558
0.172008
0.172008
0.174576
0.174576
0.179869
0.179869
0.179607
0.177019
0.173747
0.167011
0.161372
0.161372
0.160894
0.160894
0.16072
0.16072
0.159778
0.159558
0.157458
0.157458
0.149835
0.149835
0.146717
0.146717
0.145929
0.145733
0.146356
0.146356
0.145597
0.145597
0.144383
0.144194
0.144488
0.144488
0.140109
0.140109
0.137787
0.134807
0.130639
0.130639
0.129304
0.132201
0.136887
0.136887
0.143011
0.143011
0.15354
0.15354
0.156611
0.155348
0.152835
0.152835
0.157099
0.157099
0.159174
0.159747
0.160726
0.160726
0.165759
0.165759
0.168213
0.170592
0.172135
0.172135
0.172927
0.172584
0.171173
0.171031
0.173986
0.173986
0.176523
0.176523
0.178882
0.182309
0.183858
0.183858
0.181567
0.181567
0.178545
0.174929
0.171217
0.171217
0.167263
0.163782
0.160495
0.160495
0.155002
0.155002
0.151092
0.147526
0.145335
0.145335
0.143002
0.143002
0.141593
0.141502
0.141774
0.141674
0.142046
0.142046
0.143354
0.14182
0.138233
0.138233
0.133117
0.133117
0.129158
0.128283
0.132163
0.132163
0.138255
0.138255
0.142518
0.147853
0.151862
0.151862
0.15439
0.15439
0.155505
0.155505
0.15782
0.15782
0.162019
0.162019
0.164538
0.164538
0.166403
0.169262
0.171601
0.171601
0.172301
0.172301
0.17173
0.170618
0.170867
0.170867
0.176423
0.176423
0.177942
0.18096
0.185478
0.185478
0.183976
0.183976
0.18022
0.176939
0.173372
0.173372
0.163875
0.163875
0.160809
0.158377
0.155743
0.155743
0.149676
0.149676
0.145215
0.145215
0.144138
0.143612
0.142743
0.142743
0.142577
0.142577
0.142159
0.142337
0.14348
0.14348
0.137893
0.137893
0.135554
0.1327
0.128801
0.128801
0.131608
0.131608
0.140066
0.140066
0.145987
0.152056
0.15469
0.15469
0.154365
0.154365
0.155142
0.154893
0.15477
0.15477
0.158181
0.158181
0.161025
0.164644
0.167346
0.169254
0.1705
0.1705
0.172497
0.173624
0.172537
0.172537
0.172711
0.172711
0.175635
0.177124
0.179585
0.179585
0.18675
0.18675
0.187138
0.187138
0.180811
0.180811
0.17637
0.171475
0.166048
0.162433
0.160544
0.155592
0.155592
0.145532
0.145532
0.142053
0.140922
0.141676
0.141676
0.142996
0.14388
0.144603
0.144468
0.143658
0.144677
0.144677
0.142591
0.141779
0.141291
0.141291
0.132943
0.132943
0.130107
0.132151
0.136548
0.139472
0.142053
0.142053
0.151113
0.151113
0.153201
0.153201
0.152177
0.153472
0.156224
0.156224
0.159793
0.159793
0.160446
0.161684
0.163528
0.163528
0.169008
0.169008
0.17186
0.173194
0.172335
0.171329
0.170623
0.170623
0.1747
0.1747
0.178166
0.178166
0.181511
0.183601
0.183601
0.177655
0.171455
0.166115
0.163971
0.163971
0.158835
0.158835
0.15803
0.158454
0.157939
0.157939
0.154812
0.154812
0.148163
0.148163
0.146694
0.14527
0.144222
0.144684
0.144958
0.144958
0.143085
0.143085
0.144086
0.142923
0.138799
0.136837
0.134254
0.131739
0.131739
0.134838
0.140463
0.145285
0.147371
0.147353
0.147353
0.149832
0.149832
0.149422
0.149239
0.150881
0.153396
0.155298
0.157365
0.157365
0.163618
0.163618
0.165107
0.166312
0.167959
0.171646
0.171646
0.17133
0.17133
0.170014
0.16887
0.1697
0.1697
0.174825
0.174825
0.179187
0.183053
0.184399
0.181433
0.181433
0.172814
0.172814
0.169596
0.167457
0.165099
0.16264
0.161257
0.161257
0.15903
0.15903
0.156726
0.153528
0.148924
0.148924
0.143273
0.142561
0.142561
0.143031
0.143031
0.143416
0.144103
0.144556
0.144556
0.139787
0.139787
0.135456
0.135456
0.13001
0.13001
0.132521
0.137719
0.142056
0.146276
0.146276
0.14977
0.153844
0.155135
0.155135
0.153794
0.153794
0.156321
0.156321
0.157312
0.158465
0.160203
0.161579
0.163266
0.163266
0.1692
0.1692
0.172755
0.172755
0.172838
0.172838
0.170766
0.170766
0.174622
0.177261
0.179209
0.179209
0.182827
0.187698
0.188445
0.182922
0.182922
0.171558
0.171558
0.162147
0.159101
0.158703
0.158703
0.155678
0.155678
0.153734
0.150862
0.147501
0.144862
0.144862
0.142174
0.143308
0.143308
0.144141
0.14361
0.144307
0.145438
0.144012
0.14161
0.14161
0.138924
0.135355
0.130939
0.130939
0.131296
0.131296
0.137675
0.140697
0.140697
0.151633
0.151633
0.157054
0.158469
0.157117
0.154634
0.155109
0.155109
0.158952
0.158952
0.160814
0.160814
0.167368
0.167368
0.169793
0.171734
0.174343
0.174878
0.172907
0.172907
0.170616
0.172182
0.176443
0.176443
0.182067
0.182067
0.188531
0.188531
0.187414
0.183886
0.179426
0.179426
0.170972
0.170972
0.165854
0.161403
0.158361
0.158361
0.156496
0.154002
0.149388
0.145373
0.143192
0.141058
0.141058
0.141555
0.142466
0.142347
0.141895
0.142694
0.142694
0.139022
0.139022
0.133693
0.133693
0.130592
0.129829
0.133366
0.136318
0.136918
0.136918
0.147239
0.147239
0.151233
0.150413
0.150238
0.150238
0.152657
0.152657
0.154196
0.156654
0.159856
0.164003
0.167037
0.167037
0.169361
0.171433
0.173995
0.173995
0.17504
0.17504
0.173453
0.173425
0.175947
0.175947
0.180555
0.180555
0.184487
0.188232
0.189484
0.187087
0.183913
0.183913
0.172335
0.172335
0.167524
0.164154
0.159318
0.155012
0.152909
0.152909
0.149873
0.146397
0.144621
0.144621
0.141206
0.141206
0.141279
0.141279
0.140285
0.140285
0.142347
0.143079
0.138087
0.135405
0.13321
0.13321
0.127896
0.127896
0.130679
0.135053
0.137778
0.139882
0.143746
0.143746
0.14856
0.152566
0.154334
0.154334
0.155685
0.155685
0.16105
0.16105
0.164069
0.164069
0.168477
0.168477
0.170565
0.170565
0.175062
0.175062
0.174406
0.174406
0.173727
0.173727
0.178872
0.178872
0.180819
0.180819
0.188976
0.188976
0.185213
0.185213
0.180122
0.175477
0.171412
0.166901
0.162444
0.162444
0.156357
0.156357
0.152835
0.145579
0.145579
0.141542
0.141542
0.141452
0.141452
0.141805
0.141805
0.141211
0.142398
0.141229
0.13614
0.13614
0.134755
0.134667
0.134594
0.134594
0.136004
0.136004
0.138562
0.140992
0.143203
0.145139
0.146955
0.146955
0.151047
0.151047
0.152745
0.154571
0.156988
0.160064
0.163925
0.163925
0.170042
0.170042
0.172079
0.17389
0.17503
0.17503
0.172955
0.172955
0.172633
0.175573
0.176971
0.178933
0.182708
0.182708
0.187349
0.187349
0.186282
0.184316
0.180347
0.180347
0.169366
0.169366
0.161375
0.161375
0.157056
0.153676
0.150564
0.146839
0.144345
0.144345
0.142901
0.14202
0.141595
0.141595
0.141337
0.141337
0.140119
0.141063
0.140522
0.136799
0.133242
0.133242
0.128032
0.128032
0.127221
0.130204
0.135496
0.135496
0.140627
0.140627
0.145208
0.14903
0.150965
0.152677
0.155408
0.155408
0.162668
0.162668
0.165328
0.166886
0.168699
0.170819
0.172916
0.173774
0.174044
0.174044
0.171861
0.171861
0.172896
0.178712
0.178712
0.180339
0.181455
0.183164
0.183503
0.183486
0.183486
0.17839
0.17839
0.175347
0.171933
0.167393
0.167393
0.158429
0.151543
0.151543
0.146128
0.14239
0.140966
0.140546
0.140665
0.140665
0.142342
0.142342
0.142491
0.142594
0.143007
0.140053
0.136445
0.136445
0.131668
0.131668
0.128034
0.127495
0.130366
0.130366
0.137735
0.137735
0.143198
0.148143
0.152908
0.152908
0.155054
0.155054
0.159968
0.159968
0.164264
0.164264
0.166058
0.168185
0.169385
0.17093
0.1738
0.1738
0.17346
0.17346
0.172115
0.174033
0.176433
0.176433
0.182401
0.186587
0.189018
0.186586
0.18171
0.176407
0.176407
0.167658
0.167658
0.16557
0.16557
0.162585
0.155657
0.153221
0.147924
0.147924
0.141995
0.141995
0.142362
0.142576
0.143009
0.143278
0.14267
0.14267
0.143706
0.14161
0.136787
0.135599
0.135599
0.134045
0.130976
0.131509
0.131509
0.13659
0.140147
0.14191
0.14191
0.147652
0.147652
0.150275
0.150275
0.152257
0.154534
0.157248
0.160099
0.162819
0.162819
0.168568
0.168568
0.17342
0.17342
0.174549
0.174549
0.17461
0.17461
0.176451
0.176451
0.178716
0.180809
0.184189
0.184189
0.189902
0.189902
0.184672
0.184672
0.180517
0.175993
0.170274
0.170274
0.160444
0.160444
0.153832
0.153832
0.148666
0.144752
0.142303
0.140609
0.138552
0.138552
0.139523
0.139523
0.140469
0.140469
0.141678
0.138114
0.134392
0.131646
0.128924
0.128924
0.130355
0.130355
0.133949
0.136168
0.140542
0.145457
0.148113
0.148787
0.151075
0.151075
0.15726
0.15726
0.159398
0.161535
0.164207
0.167066
0.168991
0.169957
0.17174
0.17174
0.175366
0.175366
0.171866
0.171866
0.173233
0.176015
0.178324
0.181611
0.186805
0.186805
0.188964
0.188964
0.183692
0.183692
0.171353
0.171353
0.164342
0.159733
0.156433
0.15387
0.150838
0.146998
0.143939
0.143939
0.14122
0.14122
0.141407
0.141407
0.141224
0.141254
0.142508
0.142508
0.138683
0.138683
0.133801
0.133801
0.126851
0.126851
0.133466
0.133466
0.140376
0.140376
0.144568
0.148852
0.152577
0.154428
0.154343
0.154343
0.156661
0.156661
0.162126
0.162126
0.165012
0.167394
0.16901
0.170975
0.17388
0.17388
0.174423
0.174423
0.174149
0.174149
0.176488
0.17856
0.181468
0.185709
0.188938
0.188938
0.183948
0.183948
0.178745
0.178745
0.16714
0.16714
0.158965
0.158965
0.155658
0.152049
0.148372
0.144968
0.14286
0.14286
0.141294
0.141294
0.139709
0.139709
0.141032
0.141032
0.138376
0.138376
0.134438
0.132231
0.129346
0.129346
0.128861
0.128861
0.135419
0.135419
0.145376
0.145376
0.149455
0.151495
0.152503
0.152503
0.15487
0.15487
0.160393
0.160393
0.16815
0.16815
0.170062
0.171048
0.173166
0.175198
0.175384
0.173402
0.172462
0.172462
0.176259
0.176259
0.182417
0.182417
0.186428
0.188981
0.188881
0.186001
0.182251
0.182251
0.169964
0.164393
0.161128
0.161128
0.15303
0.15303
0.145285
0.145285
0.141923
0.141923
0.140639
0.140639
0.140924
0.141029
0.140894
0.141892
0.14156
0.13746
0.134233
0.134233
0.129729
0.129729
0.128682
0.128682
0.138412
0.138412
0.146877
0.146877
0.150655
0.153176
0.155496
0.156923
0.157272
0.157272
0.15927
0.16261
0.166178
0.168606
0.170846
0.170846
0.172411
0.173277
0.173314
0.173314
0.173533
0.173533
0.176274
0.178503
0.182012
0.187178
0.191491
0.191491
0.184521
0.180653
0.17231
0.17231
0.165104
0.158548
0.154802
0.153326
0.15312
0.15312
0.147919
0.147919
0.144714
0.142551
0.141532
0.141532
0.139709
0.139709
0.140962
0.140962
0.142219
0.138149
0.133628
0.133628
0.126361
0.126361
0.126203
0.126203
0.13196
0.136429
0.141691
0.146166
0.149206
0.149206
0.155157
0.155157
0.157318
0.158739
0.161299
0.161299
0.167222
0.167222
0.169212
0.172608
0.176094
0.177909
0.176959
0.176959
0.174753
0.17683
0.180497
0.180497
0.186692
0.186692
0.192598
0.195125
0.192527
0.188076
0.183779
0.183779
0.167444
0.167444
0.16114
0.157202
0.152966
0.152966
0.142715
0.142715
0.139226
0.139226
0.13744
0.13648
0.136412
0.136412
0.138879
0.138879
0.135411
0.131776
0.12743
0.12743
0.122838
0.122838
0.126077
0.131054
0.136648
0.140735
0.14521
0.14521
0.152471
0.152471
0.156186
0.156186
0.158721
0.162597
0.166505
0.168405
0.170338
0.170338
0.175301
0.175301
0.176226
0.176226
0.174044
0.175625
0.179077
0.179077
0.184534
0.184534
0.191152
0.194017
0.191184
0.191184
0.184985
0.184985
0.171279
0.171279
0.164735
0.160637
0.154551
0.154551
0.143899
0.143899
0.140959
0.139443
0.138339
0.138339
0.136435
0.136435
0.137065
0.1385
0.13618
0.131733
0.128177
0.12774
0.125967
0.127858
0.131603
0.137392
0.14188
0.14188
0.147501
0.147501
0.151963
0.151963
0.155173
0.155173
0.157313
0.160072
0.164498
0.164498
0.170611
0.170611
0.174992
0.174992
0.174992
0.175098
0.174328
0.179197
0.179197
0.180221
0.180221
0.180221
0.182914
0.18438
0.18438
0.186828
0.186828
0.191121
0.191121
0.185342
0.178697
0.152599
0.152599
0.136691
0.136691
0.136691
0.13247
0.132461
0.132461
0.135014
0.136246
0.136246
0.139523
0.139523
0.135423
0.134025
0.132551
0.128806
0.124384
0.124384
0.128715
0.128715
0.131127
0.135298
0.143074
0.143074
0.151156
0.151156
0.153968
0.157566
0.160318
0.160318
0.16552
0.16552
0.16894
0.171403
0.174489
0.174489
0.17848
0.17848
0.176931
0.176807
0.179868
0.179868
0.18716
0.18716
0.191753
0.194305
0.192339
0.188349
0.184323
0.184323
0.17381
0.17381
0.167258
0.161116
0.154528
0.148945
0.14449
0.14449
0.138004
0.138004
0.136034
0.136034
0.135154
0.137357
0.139624
0.137216
0.132666
0.132666
0.12668
0.12668
0.123536
0.124281
0.128476
0.128476
0.135873
0.135873
0.141317
0.146444
0.149983
0.152901
0.156002
0.156002
0.164655
0.164655
0.168697
0.171966
0.174403
0.174403
0.17712
0.178775
0.17808
0.17808
0.17766
0.17766
0.181513
0.184559
0.188003
0.188003
0.195317
0.195317
0.187907
0.187907
0.183427
0.178297
0.170525
0.170525
0.15897
0.15897
0.153469
0.153469
0.142745
0.142745
0.140325
0.138232
0.135562
0.133452
0.134302
0.134302
0.133754
0.133754
0.12937
0.126273
0.125622
0.125622
0.123775
0.123775
0.126195
0.130561
0.135874
0.141395
0.146709
0.146709
0.15561
0.15561
0.159058
0.162273
0.166295
0.166295
0.17356
0.17356
0.177645
0.177645
0.178928
0.178928
0.176345
0.176345
0.182549
0.182549
0.185233
0.185233
0.195618
0.195618
0.197663
0.194125
0.188322
0.182744
0.175178
0.175178
0.160316
0.160316
0.15485
0.148768
0.14325
0.14325
0.138598
0.138598
0.136059
0.134186
0.13574
0.13574
0.133271
0.133271
0.132851
0.129862
0.126346
0.12528
0.127045
0.127045
0.134314
0.134314
0.13974
0.144993
0.148123
0.148123
0.151204
0.151204
0.156921
0.156921
0.166373
0.166373
0.169924
0.172745
0.176106
0.176106
0.17969
0.17969
0.175817
0.175817
0.179725
0.182034
0.185253
0.185253
0.194328
0.194328
0.189526
0.189526
0.184082
0.1794
0.174018
0.167839
0.163243
0.163243
0.151993
0.151993
0.145253
0.140579
0.138283
0.136485
0.135263
0.135263
0.136538
0.136538
0.135082
0.135082
0.131646
0.127752
0.123994
0.123741
0.125317
0.125317
0.135323
0.135323
0.142556
0.142556
0.152576
0.152576
0.155628
0.156513
0.158097
0.158097
0.165894
0.165894
0.16896
0.171455
0.174322
0.177379
0.17847
0.176405
0.175598
0.175598
0.181249
0.181249
0.184102
0.188632
0.193923
0.195067
0.192643
0.192643
0.180719
0.180719
0.166998
0.166998
0.160474
0.154641
0.150092
0.145509
0.141392
0.141392
0.138354
0.138354
0.136092
0.136092
0.139149
0.139149
0.134133
0.134133
0.130262
0.127969
0.125821
0.124304
0.125088
0.125088
0.136074
0.136074
0.147544
0.147544
0.14988
0.15199
0.156734
0.156734
0.163565
0.163565
0.166237
0.166237
0.172673
0.172673
0.176322
0.17808
0.176851
0.17506
0.177331
0.177331
0.182633
0.182633
0.193144
0.193144
0.195603
0.191405
0.186194
0.182361
0.177889
0.177889
0.162184
0.162184
0.159058
0.154587
0.148698
0.148698
0.141533
0.141533
0.135642
0.135642
0.135454
0.135454
0.136193
0.136193
0.130906
0.130906
0.126754
0.126754
0.123726
0.126492
0.131412
0.131412
0.139042
0.139042
0.14734
0.14734
0.155165
0.155165
0.158226
0.160524
0.163804
0.168002
0.17064
0.172268
0.175118
0.175118
0.176881
0.176881
0.176003
0.176003
0.178614
0.18142
0.185362
0.18969
0.194149
0.194149
0.189829
0.189829
0.182323
0.182323
0.165713
0.165713
0.154656
0.154656
0.14762
0.14762
0.140942
0.140189
0.140189
0.1382
0.137174
0.136004
0.136004
0.136963
0.133532
0.129503
0.129503
0.125141
0.125141
0.124437
0.124437
0.131153
0.137416
0.141188
0.143985
0.147654
0.147654
0.154148
0.154148
0.160768
0.160768
0.167164
0.167164
0.173261
0.173261
0.176652
0.178086
0.17758
0.175508
0.17627
0.17627
0.181659
0.181659
0.190998
0.190998
0.195141
0.192253
0.186398
0.182319
0.179456
0.173797
0.166538
0.166538
0.15648
0.15648
0.143902
0.143902
0.140082
0.13906
0.13744
0.135687
0.135021
0.135021
0.138454
0.138454
0.131238
