0.244096
0.24911
0.262723
0.266883
0.280743
0.284588
0.302621
0.306895
0.322394
0.326181
0.343255
0.34698
0.366188
0.37016
0.384453
0.388638
0.406556
0.410263
0.427294
0.431804
0.446832
0.451556
0.471446
0.475103
0.489349
0.493563
0.508732
0.51274
0.528831
0.532782
0.544452
0.549417
0.564732
0.56883
0.580326
0.585105
0.599434
0.603263
0.614873
0.618533
0.63257
0.636962
0.648169
0.6528
0.668529
0.672201
0.684578
0.688231
0.703423
0.707487
0.718427
0.722677
0.734936
0.738811
0.752227
0.756334
0.769036
0.773206
0.784343
0.788401
0.801246
0.805246
0.817751
0.822523
0.835542
0.839811
0.851947
0.855695
0.870387
0.874271
0.884824
0.888584
0.902842
0.906985
0.917821
0.922191
0.937824
0.941424
0.954026
0.95828
0.971675
0.975876
0.98682
0.991147
1.00561
1.00953
1.02041
1.02482
1.03746
1.04161
1.05237
1.05608
1.07063
1.07451
1.0858
1.08975
1.10457
1.10896
1.11962
1.12345
1.13951
1.1434
1.15536
1.15942
1.17543
1.17944
1.19045
1.19466
1.20855
1.2123
1.22393
1.22753
1.24188
1.24595
1.25683
1.26117
1.27469
1.27883
1.28964
1.29324
1.30781
1.31166
1.32374
1.32769
1.34393
1.34771
1.35901
1.36299
1.37582
1.3798
1.39165
1.39587
1.41054
1.41422
1.42561
1.4295
1.44364
1.44788
1.45948
1.46316
1.47763
1.48153
1.49365
1.49764
1.5139
1.51781
1.5286
1.53287
1.54568
1.54972
1.56083
1.56512
1.57919
1.5838
1.59443
1.5988
1.61419
1.61781
1.62864
1.63306
1.64498
1.64927
1.65983
1.66353
1.67966
1.6838
1.69571
1.69954
1.71388
1.71858
1.72874
1.73243
1.74662
1.75188
1.76204
1.76608
1.7792
1.78381
1.79424
1.7981
1.81347
1.81733
1.82782
1.8318
1.84949
1.85361
1.86783
1.8726
1.88544
1.88953
1.90082
1.9048
1.91983
1.92429
1.93483
1.93913
1.95287
1.9568
1.96747
1.97198
1.98693
1.99126
2.00156
2.00581
2.01983
2.02459
2.03474
2.03853
2.05289
2.057
2.06746
2.07138
2.08578
2.0898
2.09962
2.10344
2.1187
2.1228
2.13353
2.13785
2.15237
2.15629
2.16742
2.1715
2.18586
2.18994
2.2003
2.20437
2.21939
2.22359
2.23463
2.23882
2.25283
2.2568
2.26728
2.27092
2.28482
2.28857
2.30143
2.30538
2.32032
2.32461
2.33469
2.33906
2.35483
2.35972
2.36983
2.37352
2.38759
2.39194
2.40138
2.40562
2.41981
2.42415
2.43398
2.43846
2.45464
2.45881
2.4695
2.47366
2.48882
2.4934
2.50383
2.50811
2.52183
2.52643
2.53645
2.5405
2.55483
2.55861
2.56983
2.57387
2.58574
2.58983
2.59983
2.60379
2.61597
2.62033
2.63282
2.64986
2.65481
2.66373
2.66755
2.68068
2.68482
2.69655
2.7018
2.71233
2.7166
2.72584
2.73008
2.74084
2.7458
2.75863
2.76381
2.77382
2.77823
2.79409
2.7982
2.80837
2.81268
2.82726
2.8318
2.84459
2.84882
2.86245
2.86632
2.87734
2.88155
2.89524
2.89921
2.91284
2.9168
2.93199
2.93739
2.94815
2.95206
2.96699
2.9718
2.98065
2.98536
2.99783
3.00175
3.0135
3.01781
3.0291
3.03302
3.04433
3.04824
3.06236
3.0678
3.07782
3.08195
3.09783
3.10268
3.11132
3.11558
3.12982
3.1348
3.14406
3.14843
3.16343
3.16885
3.17752
3.18128
3.1967
3.20081
3.21233
3.21654
3.23083
3.23494
3.24548
3.24937
3.26302
3.267
3.27882
3.29683
3.30181
3.31183
3.31593
3.33182
3.33592
3.34687
3.35129
3.36582
3.36955
3.38119
3.38481
3.3984
3.40239
3.41384
3.41781
3.43423
3.43974
3.44924
3.45292
3.46723
3.47135
3.48285
3.48659
3.501
3.5053
3.51724
3.52102
3.53383
3.53847
3.55012
3.5548
3.56788
3.57153
3.58313
3.58751
3.60207
3.60595
3.61801
3.62198
3.637
3.64118
3.65434
3.65806
3.67102
3.67484
3.68722
3.69092
3.70403
3.7077
3.72006
3.72378
3.73797
3.74216
3.75309
3.75743
3.77228
3.77665
3.78743
3.79109
3.80603
3.81031
3.82234
3.82632
3.83923
3.84318
3.85523
3.85919
3.87325
3.87761
3.8885
3.89285
3.90722
3.91126
3.92265
3.9265
3.9411
3.94491
3.95752
3.96174
3.97418
3.97779
3.99018
3.99382
4.00894
4.01304
4.02533
4.0291
4.04567
4.04985
4.05989
4.06356
4.07829
4.08192
4.09488
4.09882
4.11127
4.1156
4.12738
4.13164
4.14412
4.14844
4.16129
4.16532
4.17805
4.1821
4.19408
4.19816
4.21203
4.21581
4.2274
4.23102
4.24633
4.25026
4.26116
4.26548
4.2801
4.28389
4.29924
4.30319
4.31508
4.32999
4.33436
4.34609
4.3504
4.36221
4.3664
4.38071
4.38484
4.39549
4.39929
4.41294
4.41692
4.42915
4.43293
4.44807
4.45214
4.46829
4.47239
4.48449
4.4882
4.50206
4.50597
4.52032
4.52429
4.53713
4.54111
4.55467
4.55872
4.57265
4.57651
4.58938
4.59318
4.6085
4.61259
4.62416
4.62841
4.64418
4.64846
4.66005
4.66367
4.67869
4.68291
4.6934
4.69731
4.7133
4.71735
4.72745
4.73266
4.74703
4.751
4.76546
4.76946
4.78279
4.78711
4.798
4.80232
4.81735
4.82155
4.83226
4.83596
4.85041
4.8544
4.86591
4.86962
4.8849
4.88885
4.89995
4.90406
4.91693
4.92092
4.93234
4.93618
4.95
4.95425
4.96506
4.96902
4.98388
4.98822
4.99914
5.00346
5.01696
5.02107
5.03323
5.03709
5.0502
5.05396
5.06513
5.06918
5.08293
5.08682
5.09876
5.10284
5.12049
5.12442
5.13656
5.1405
5.15513
5.15888
5.17214
5.17574
5.19215
5.19576
5.20804
5.21179
5.2269
5.231
5.24466
5.24868
5.26341
5.26704
5.28372
5.2879
5.29998
5.30396
5.32031
5.32398
5.33915
5.34317
5.35805
5.3624
5.3734
5.37761
5.39331
5.39763
5.40915
5.41301
5.428
5.43208
5.44547
5.4499
5.46236
5.46661
5.47931
5.48361
5.49639
5.50024
5.51278
5.51707
5.53141
5.53549
5.54682
5.55072
5.5648
5.56914
5.58417
5.58842
5.59949
5.60361
5.61646
5.62047
5.63291
5.63724
5.64953
5.65351
5.66756
5.67169
5.68414
5.68857
5.70137
5.70534
5.71973
5.72382
5.73479
5.73901
5.75208
5.75592
5.76885
5.77265
5.78547
5.78954
5.80266
5.80632
5.81938
5.8232
5.83639
5.84002
5.85491
5.8595
5.87051
5.87449
5.88852
5.89289
5.90719
5.91131
5.92711
5.93136
5.94303
5.94736
5.96134
5.96503
5.97833
5.9827
5.98668
6.00148
6.00588
6.01879
6.02281
6.03547
6.03955
6.05246
6.05659
6.07028
6.07399
6.08703
6.09082
6.1054
6.10923
6.12214
6.12614
6.14009
6.14368
6.15832
6.16221
6.17503
6.17894
6.19445
6.19817
6.21118
6.21504
6.23023
6.23423
6.24636
6.25028
6.2654
6.26951
6.28107
6.28474
6.3003
6.30395
6.31658
6.32079
6.33456
6.33841
6.35061
6.35444
6.36941
6.37365
6.38532
6.38972
6.40545
6.40969
6.42084
6.42498
6.43933
6.4434
6.45864
6.46278
6.47601
6.48024
6.49318
6.49707
6.51062
6.51468
6.52869
6.53317
6.54522
6.54913
6.56291
6.56684
6.57939
6.58358
6.59824
6.60285
6.61479
6.61889
6.63298
6.63746
6.64896
6.65336
6.66532
6.66936
6.68201
6.69952
6.70382
6.71532
6.71903
6.73256
6.73663
6.74924
6.75347
6.76752
6.77188
6.78421
6.78792
6.80161
6.80576
6.81827
6.82243
6.83732
6.84161
6.8535
6.85763
6.87145
6.87528
6.88814
6.89208
6.90636
6.91051
6.9224
6.92658
6.94033
6.94417
6.95626
6.96024
6.9746
6.97861
6.99026
6.9947
7.00812
7.01226
7.02379
7.02755
7.04351
7.04756
7.0596
7.06358
7.07903
7.08282
7.09567
7.09965
7.11239
7.11647
7.12898
7.13347
7.1456
7.14934
7.16153
7.16534
7.17934
7.18299
7.19528
7.199
7.21491
7.21903
7.23091
7.23511
7.24921
7.25347
7.26614
7.27051
7.28304
7.28714
7.29937
7.30321
7.31836
7.32243
7.33481
7.33861
7.35204
7.35607
7.36849
7.37227
7.38628
7.39052
7.40084
7.40496
7.41933
7.42338
7.43849
7.44265
7.45458
7.45865
7.47213
7.47631
7.48948
7.49308
7.50714
7.51166
7.5243
7.52832
7.54157
7.54524
7.55817
7.56198
7.57738
7.58121
7.59441
7.59807
7.61398
7.61812
7.63031
7.63411
7.64985
7.65414
7.66597
7.67016
7.68527
7.68938
7.70147
7.70547
7.71961
7.72384
7.73655
7.74072
7.75249
7.75671
7.76857
7.77278
7.78651
7.79034
7.80254
7.80641
7.82142
7.82559
7.83865
7.84247
7.85558
7.85929
7.87253
7.87693
7.88929
7.89296
7.90586
7.90987
7.92188
7.92583
7.93831
7.94263
7.95631
7.96026
7.97134
7.97547
7.99055
7.9947
8.00639
8.01074
8.02423
8.02836
8.04049
8.04438
8.05648
8.06044
8.07227
8.07644
8.09096
8.09487
8.10618
8.11011
8.12508
8.12932
8.14148
8.14541
8.15838
8.16218
8.17556
8.17985
8.19169
8.19586
8.20817
8.21191
8.22816
8.23188
8.24463
8.24875
8.26422
8.26797
8.2825
8.2864
8.29881
8.30244
8.3157
8.32011
8.33248
8.33608
8.3496
8.35373
8.367
8.37132
8.38432
8.38839
8.40121
8.40497
8.41843
8.42264
8.43784
8.44187
8.45596
8.46027
8.47476
8.47873
8.49418
8.49794
8.51036
8.51395
8.52816
8.53241
8.54428
8.54841
8.56065
8.5645
8.57682
8.5805
8.5981
8.60208
8.61757
8.62152
8.63388
8.63823
8.65148
8.65583
8.66851
8.67263
8.68526
8.68946
8.70301
8.70707
8.72088
8.7247
8.73711
8.74073
8.75328
8.75771
8.7705
8.77438
8.79128
8.79522
8.80795
8.81204
8.82803
8.83206
8.84433
8.84815
8.86398
8.8681
8.88027
8.88421
8.90016
8.90418
8.9173
8.92102
8.9345
8.93864
8.95053
8.95467
8.96854
8.97233
8.98445
8.98832
9.00034
9.00436
9.01723
9.02121
9.03606
9.04039
9.05256
9.05672
9.07235
9.07643
9.09058
9.09498
9.10733
9.11174
9.12478
9.12857
9.14154
9.14538
9.15763
9.16159
9.1763
9.18062
9.19273
9.19761
9.21148
9.21507
9.23354
9.23754
9.24898
9.2534
9.2675
9.27117
9.28285
9.2878
9.30417
9.3083
9.31878
9.32288
9.33726
9.3409
9.35207
9.35613
9.3697
9.37381
9.38614
9.38978
9.40685
9.41126
9.42292
9.42664
9.44055
9.44427
9.45731
9.46145
9.47585
9.47949
9.49229
9.49642
9.51154
9.51589
9.52805
9.53253
9.54545
9.54924
9.56241
9.56607
9.58038
9.58473
9.60055
9.60463
9.61726
9.62136
9.63684
9.64058
9.65252
9.65727
9.67154
9.67582
9.68699
9.69105
9.70685
9.71105
9.7219
9.72634
9.74196
9.74632
9.75655
9.7608
9.77565
9.78071
9.79127
9.79545
9.81021
9.81451
9.82539
9.82967
9.84453
9.84895
9.86015
9.86481
9.87883
9.8828
9.89384
9.89783
9.91309
9.91701
9.92985
9.93396
9.94684
9.95069
9.96378
9.96756
9.98161
9.98645
9.99784
10.002
10.0178
10.0221
10.0344
10.0381
10.0534
10.0577
10.0739
10.0782
10.0929
10.0965
10.1148
10.1189
10.1308
10.135
10.1515
10.1568
10.168
10.1718
10.1878
10.1929
10.2042
10.2079
10.2218
10.2268
10.2378
10.2416
10.2548
10.2596
10.2691
10.2728
10.2863
10.3009
10.3048
10.3199
10.3243
10.335
10.3393
10.3555
10.3598
10.3702
10.3746
10.3878
10.3922
10.4011
10.4051
10.4198
10.4234
10.4346
10.4388
10.4538
10.4579
10.4693
10.4732
10.4878
10.4918
10.5029
10.5068
10.5218
10.5268
10.5385
10.5429
10.5593
10.5763
10.5807
10.5918
10.5962
10.6078
10.6117
10.6275
10.6327
10.6442
10.6487
10.6618
10.6662
10.6784
10.6824
10.6968
10.7012
10.717
10.7207
10.733
10.7367
10.7526
10.7568
10.7678
10.772
10.7867
10.791
10.8018
10.8057
10.8214
10.8259
10.8371
10.8409
10.8568
10.8613
10.8718
10.8762
10.891
10.8954
10.9078
10.9122
10.9268
10.9311
10.9428
10.9467
10.9608
10.9656
10.978
10.982
10.9934
10.9977
11.0083
11.0124
11.0281
11.0324
11.0423
11.0468
11.0629
11.0674
11.08
11.0838
11.0954
11.0998
11.112
11.1158
11.1268
11.131
11.142
11.1462
11.1602
11.1641
11.1753
11.1791
11.1958
11.2005
11.2096
11.2135
11.2283
11.2329
11.2434
11.2472
11.2608
11.2648
11.2758
11.28
11.2942
11.2998
11.309
11.3129
11.3298
11.3337
11.3449
11.349
11.3623
11.3668
11.377
11.381
11.3948
11.3986
11.4118
11.4168
11.4285
11.4323
11.4442
11.4484
11.4624
11.4667
11.4788
11.4828
11.4988
11.5038
11.5145
11.5189
11.5328
11.5368
11.5503
11.5558
11.5698
11.5843
11.5888
11.6011
11.6058
11.6174
11.6218
11.6359
11.6398
11.6523
11.6569
11.6698
11.6738
11.6846
11.6888
11.7018
11.7055
11.7184
11.7228
11.7358
11.74
11.752
11.7561
11.7682
11.7726
11.7868
11.7905
11.8047
11.8089
11.8198
11.8242
11.837
11.8414
11.8546
11.8586
11.8705
11.8746
11.8854
11.8899
11.9035
11.908
11.9191
11.9228
11.938
11.942
11.9537
11.958
11.9719
11.9756
11.9883
11.9924
12.0052
12.0093
12.0204
12.0247
12.0385
12.043
12.0538
12.0582
12.0731
12.0774
12.0887
12.0926
12.1058
12.1096
12.1223
12.1262
12.1395
12.1431
12.1542
12.1583
12.1717
12.176
12.1862
12.1907
12.2029
12.2072
12.2187
12.2224
12.2375
12.2419
12.2521
12.2561
12.2708
12.2752
12.2857
12.2898
12.3042
12.3082
12.321
12.325
12.3389
12.3426
12.3543
12.3588
12.3733
12.3774
12.3886
12.3924
12.4074
12.4118
12.4236
12.4276
12.4412
12.4452
12.4568
12.4605
12.4767
12.4805
12.4918
12.4959
12.5097
12.5141
12.5249
12.5286
12.5428
12.547
12.5575
12.5614
12.576
12.5799
12.5915
12.611
12.6152
12.6264
12.6308
12.6453
12.6497
12.6611
12.6648
12.6828
12.6874
12.6967
12.7009
12.7151
12.7207
12.7318
12.7361
12.7494
12.7538
12.7646
12.769
12.7817
12.786
12.7971
12.801
12.8176
12.822
12.8318
12.8356
12.851
12.8554
12.8668
12.8707
12.8846
12.8884
12.8998
12.9036
12.9176
12.9212
12.9332
12.9372
12.9524
12.9568
12.9676
12.9717
12.9858
12.9912
13.0008
13.0045
13.0203
13.0246
13.0348
13.039
13.0526
13.0571
13.0688
13.0727
13.0873
13.0916
13.1015
13.1058
13.1211
13.1254
13.1363
13.1403
13.1567
13.1611
13.1725
13.1774
13.1928
13.1978
13.2084
13.2122
13.2271
13.2325
13.243
13.2474
13.2615
13.2667
13.2768
13.281
13.2948
13.2994
13.3113
13.3156
13.3278
13.3318
13.3435
13.3476
13.3628
13.3667
13.3778
13.382
13.3961
13.4012
13.4219
13.4263
13.4378
13.4421
13.4564
13.4605
13.4731
13.4774
13.4914
13.4958
13.5069
13.511
13.5258
13.5305
13.5407
13.5447
13.5588
13.5632
13.5748
13.5791
13.5925
13.5968
13.6078
13.6128
13.6264
13.6314
13.6425
13.6464
13.6627
13.6676
13.678
13.6817
13.6964
13.7006
13.7152
13.7195
13.7304
13.7346
13.7474
13.7514
13.7668
13.7706
13.7838
13.7882
13.8001
13.8044
13.8154
13.8197
13.8308
13.8348
13.8496
13.854
13.8649
13.8692
13.8878
13.8916
13.8957
13.9059
13.9101
13.9233
13.928
13.9387
13.9429
13.9598
13.9637
13.9747
13.979
13.9944
13.9988
14.0129
14.0167
14.0286
14.0326
14.0471
14.0511
14.0627
14.0674
14.0792
14.0832
14.1018
14.1063
14.1278
14.1322
14.1548
14.1591
14.1702
14.1745
14.1923
14.196
14.209
14.2129
14.2269
14.2313
14.2428
14.2466
14.2614
14.2657
14.2783
14.2828
14.2953
14.2994
14.312
14.3163
14.3294
14.333
14.3474
14.3515
14.3639
14.3683
14.3823
14.386
14.3992
14.4028
14.4178
14.422
14.4346
14.4388
14.4545
14.4589
14.4711
14.4749
14.4922
14.4965
14.5084
14.5126
14.5284
14.5326
14.5455
14.5494
14.5632
14.567
14.5796
14.5839
14.5975
14.6015
14.614
14.6185
14.6313
14.6351
14.6481
14.6521
14.666
14.6704
14.6845
14.6889
14.6999
14.7041
14.7166
14.7209
14.7343
14.7385
14.7518
14.7556
14.7691
14.7731
14.7869
14.7907
14.8038
14.8083
14.8245
14.8283
14.84
14.8443
14.8601
14.8643
14.8771
14.8811
14.8957
14.8996
14.912
14.9164
14.9313
14.9356
14.947
14.9509
14.9662
14.9701
14.983
14.9869
15.0002
15.0046
15.016
15.0198
15.0338
15.0382
15.0504
15.0542
15.0759
15.0798
15.0955
15.1
15.1039
15.1174
15.1215
15.1422
15.1464
15.1594
15.1632
15.1675
15.1808
15.1848
15.1974
15.2019
15.2148
15.2198
15.2316
15.2354
15.2494
15.2545
15.2758
15.2807
15.2918
15.2968
15.3132
15.317
15.3293
15.3332
15.3371
15.3508
15.3547
15.3661
15.37
15.374
15.3858
15.39
15.4033
15.4077
15.4184
15.4229
15.4347
15.439
15.4525
15.457
15.4726
15.4767
15.4898
15.4948
15.5063
15.5102
15.5248
15.5286
15.5438
15.5478
15.5594
15.5631
15.5788
15.5838
15.5933
15.5976
15.6148
15.6193
15.6303
15.6348
15.6488
15.6538
15.6653
15.6698
15.6848
15.7019
15.7057
15.7195
15.7233
15.7359
15.7401
15.7544
15.759
15.7705
15.7746
15.7898
15.7948
15.8063
15.8108
15.8234
15.8275
15.8399
15.8445
15.858
15.8622
15.874
15.878
15.8948
15.8994
15.9096
15.914
15.9294
15.9332
15.9478
15.9517
15.9688
15.9726
15.99
16.0081
16.0125
16.0276
16.0319
16.0453
16.0673
16.071
16.0865
16.0903
16.1074
16.111
16.1272
16.1311
16.1468
16.1511
16.1719
16.1765
16.1997
16.2039
16.2283
16.232
16.2497
16.2536
16.2689
16.2728
16.2873
16.2913
16.3121
16.316
16.331
16.3353
16.3481
16.3521
16.368
16.3725
16.3876
16.3914
16.4117
16.4154
16.4376
16.4418
16.4688
16.473
16.4947
16.4987
16.5156
16.5195
16.5347
16.5388
16.5529
16.5761
16.5803
16.6008
16.6051
16.6253
16.6292
16.6456
16.6501
16.6635
16.6676
16.6821
16.686
16.7092
16.7134
16.739
16.7429
16.7607
16.7647
16.7872
16.7909
16.8077
16.8118
16.8277
16.8319
16.8488
16.8526
16.8756
16.88
16.901
16.9047
16.9303
16.9343
16.9513
16.9551
16.9736
16.9778
16.9925
16.9967
17.0151
17.0191
17.0373
17.0418
17.0596
17.064
17.0803
17.084
17.0991
17.1032
17.1188
17.1233
17.1384
17.1426
17.1549
17.1585
17.1723
17.1763
17.1906
17.1956
17.2072
17.2114
17.2266
17.2307
17.2436
17.2476
17.2603
17.2643
17.2779
17.2828
17.2943
17.2988
17.3129
17.3173
17.3308
17.347
17.3508
17.3658
17.3701
17.3842
17.3885
17.4001
17.4045
17.4198
17.4238
17.436
17.4408
17.4572
17.4614
17.4654
17.478
17.4822
17.4988
17.5168
17.5209
17.5323
17.5367
17.5518
17.5569
17.5688
17.5729
17.5878
17.5921
17.6045
17.6098
17.6226
17.6265
17.6383
17.6428
17.6586
17.6628
17.6743
17.6785
17.6928
17.7083
17.7128
17.7273
17.7314
17.7439
17.7482
17.763
17.7674
17.7786
17.7828
17.7989
17.8028
17.8162
17.8208
17.8356
17.8396
17.8529
17.8582
17.8711
17.8748
17.8899
17.894
17.9068
17.9118
17.926
17.9301
17.9428
17.9472
17.9618
17.9662
17.9778
17.9828
17.9959
17.9999
18.0118
18.017
18.0313
18.0351
18.0479
18.0519
18.0678
18.0728
18.0846
18.0888
18.1028
18.1072
18.1187
18.1238
18.1385
18.1438
18.1559
18.1603
18.176
18.181
18.192
18.1963
18.2098
18.2138
18.2261
18.2298
18.2438
18.2615
18.2668
18.2788
18.2827
18.3009
18.3152
18.3198
18.3354
18.3395
18.3529
18.3572
18.3723
18.3764
18.3883
18.3923
18.4065
18.4114
18.4245
18.4285
18.4446
18.4484
18.4679
18.4719
18.4851
18.4898
18.5042
18.5086
18.5213
18.5255
18.5404
18.5448
18.5563
18.5608
18.5745
18.5788
18.5901
18.5948
18.6086
18.6128
18.6249
18.6288
18.6449
18.6488
18.6639
18.668
18.6821
18.6864
18.6991
18.7038
18.7178
18.7216
18.7349
18.7385
18.7539
18.7584
18.7713
18.7754
18.7902
18.7939
18.8119
18.8165
18.8325
18.8368
18.8495
18.8543
18.8674
18.8718
18.8867
18.8908
18.9036
18.9075
18.9227
18.9268
18.9395
18.9436
18.9596
18.9638
18.9789
18.9829
18.9957
18.9998
19.0163
19.0218
19.0325
19.0366
19.0559
19.0598
19.0725
19.0766
19.0925
19.0968
19.1095
19.1136
19.1279
19.1319
19.1548
19.159
19.1792
19.1831
19.1958
19.2002
19.2159
19.22
19.2328
19.2369
19.2524
19.2568
19.2678
19.272
19.2878
19.2928
19.3049
19.3089
19.3224
19.3266
19.3386
19.3426
19.358
19.3626
19.3742
19.3786
19.3939
19.3988
19.4094
19.4131
19.4288
19.4338
19.4474
19.4515
19.4682
19.4724
19.4896
19.4948
19.5057
19.51
19.5259
19.5308
19.5418
19.5461
19.5608
19.5645
19.5763
19.5806
19.5958
19.5997
19.6149
19.619
19.6291
19.6334
19.6453
19.6498
19.6624
19.6673
19.6784
19.6823
19.6989
19.7038
19.7183
19.7223
19.7355
19.7392
19.7563
19.76
19.774
19.7784
19.7927
19.7969
19.8102
19.8145
19.8301
19.8345
19.8467
19.8505
19.8668
19.8705
19.8883
19.8922
19.9052
19.909
19.9265
19.9306
19.944
19.9483
19.9636
19.9675
19.9814
19.9851
20
20.0043
20.0194
20.0236
20.0391
20.0428
20.0687
20.0724
20.0877
20.0916
20.1058
20.1101
20.1243
20.1285
20.1409
20.1445
20.1607
20.1645
20.1765
20.1806
20.1962
20.1998
20.2114
20.215
20.2319
20.2358
20.2476
20.2519
20.2667
20.2711
20.2854
20.2896
20.3041
20.308
20.3239
20.328
20.345
20.3489
20.3668
20.3705
20.3856
20.3898
20.4048
20.4089
20.4234
20.4273
20.4432
20.4474
20.4689
20.473
20.4859
20.4898
20.5028
20.5066
20.5208
20.5252
20.5399
20.5435
20.558
20.5619
20.5761
20.5803
20.5948
20.5989
20.6122
20.6164
20.6325
20.6364
20.6491
20.6532
20.6696
20.6733
20.6861
20.6902
20.7045
20.7085
20.7246
20.7286
20.7421
20.7462
20.7617
20.7657
20.7822
20.7862
20.8005
20.8047
20.8171
20.8215
20.8356
20.8399
20.8514
20.8552
20.8705
20.8743
20.8873
20.8912
20.9048
20.9088
20.9223
20.9265
20.9394
20.9433
20.9563
20.9601
20.9732
20.9769
20.9913
20.9954
21.0084
21.0122
21.0253
21.0291
21.0427
21.0466
21.061
21.0651
21.0771
21.0811
21.0942
21.098
21.1121
21.1164
21.1278
21.1316
21.1452
21.1492
21.162
21.1661
21.1792
21.1829
21.1966
21.2005
21.2145
21.2182
21.2311
21.235
21.2494
21.2534
21.2654
21.2694
21.2823
21.2863
21.3011
21.3055
21.3182
21.3223
21.3374
21.3415
21.356
21.36
21.3764
21.3808
21.3915
21.3953
21.4131
21.4168
21.4307
21.4345
21.4493
21.4529
21.4701
21.474
21.4878
21.4928
21.5061
21.5098
21.5228
21.5268
21.5422
21.5459
21.5582
21.5619
21.5791
21.5827
21.595
21.5987
21.6143
21.618
21.6321
21.6366
21.6516
21.6556
21.6704
21.6748
21.6894
21.6932
21.7098
21.7141
21.7274
21.7318
21.7472
21.7509
21.7648
21.7686
21.7873
21.791
21.8085
21.8126
21.8261
21.8303
21.8477
21.8519
21.8645
21.8687
21.8819
21.8863
21.8974
21.9016
21.9145
21.9184
21.93
21.9336
21.948
21.9521
21.964
21.9681
21.9822
21.9865
21.9974
22.0017
22.0159
22.0202
22.0336
22.038
22.0544
22.0586
22.072
22.0762
22.0919
22.0963
22.1114
22.1155
22.1277
22.1315
22.1464
22.1508
22.1621
22.166
22.1814
22.1852
22.1975
22.2012
22.2167
22.2204
22.2326
22.2365
22.2504
22.2541
22.2665
22.2702
22.2861
22.2901
22.303
22.3072
22.3204
22.3247
22.3373
22.3415
22.3552
22.3591
22.3726
22.3767
22.3897
22.3935
22.408
22.412
22.4253
22.4296
22.445
22.4489
22.4653
22.4697
22.4843
22.488
22.5006
22.5049
22.5212
22.5249
22.5374
22.5417
22.5572
22.561
22.5731
22.5771
22.592
22.5962
22.6097
22.6139
22.6279
22.6315
22.6448
22.6492
22.6621
22.666
22.6791
22.6828
22.6971
22.7012
22.7147
22.719
22.7321
22.7357
22.7511
22.7551
22.7674
22.7717
22.7899
22.7941
22.8062
22.8102
22.8262
22.8302
22.8422
22.8463
22.8614
22.8655
22.8776
22.8815
22.897
22.9007
22.9154
22.9192
22.932
22.936
22.9501
22.9545
22.9666
22.9704
22.9838
22.9881
23.0003
23.0041
23.0196
23.0233
23.0363
23.0402
23.0573
23.061
23.0741
23.0778
23.0933
23.097
23.1104
23.1147
23.1294
23.1331
23.1462
23.1499
23.1628
23.1667
23.1793
23.1837
23.1971
23.2012
23.2135
23.2173
23.2315
23.2357
23.2472
23.2509
23.2654
23.2693
23.2814
23.2854
23.2996
23.3038
23.316
23.32
23.3344
23.3382
23.3511
23.3552
23.369
23.3727
23.3861
23.3904
23.405
23.4087
23.4263
23.4304
23.4441
23.448
23.4683
23.472
23.486
23.4898
23.5032
23.5073
23.5216
23.5258
23.5389
23.5426
23.5593
23.5633
23.5761
23.5802
23.5952
23.5994
23.6121
23.6162
23.6312
23.6355
23.6486
23.6524
23.6665
23.6707
23.683
23.687
23.7015
23.7052
23.7184
23.7222
23.7382
23.742
23.7562
23.7606
23.7735
23.7773
23.7924
23.7966
23.8094
23.8133
23.8306
23.835
23.8465
23.8503
23.8661
23.8702
23.8837
23.8881
23.901
23.9047
23.9172
23.9216
23.9373
23.9415
23.9536
23.9578
23.9713
23.9752
23.9875
23.9912
24.0064
24.0104
24.0233
24.0273
24.0443
24.0481
24.0636
24.0673
24.0803
24.0842
24.101
24.105
24.1174
24.121
24.138
24.1419
24.1544
24.1588
24.1752
24.1795
24.1917
24.1956
24.2095
24.2132
24.2266
24.2308
24.2453
24.2492
24.2621
24.2663
24.2803
24.2845
24.2984
24.3022
24.3154
24.3197
24.3362
24.3405
24.3524
24.3566
24.3744
24.3782
24.3905
24.3943
24.4103
24.4143
24.4271
24.4311
24.4452
24.4495
24.4667
24.4704
24.4838
24.488
24.5043
24.508
24.5212
24.5249
24.5432
24.5472
24.5595
24.5633
24.5795
24.5833
24.5962
24.6002
24.6144
24.6186
24.6328
24.6372
24.6506
24.6546
24.6721
24.6763
24.6881
24.6923
24.7086
24.7123
24.7246
24.7284
24.7443
24.7483
24.7607
24.7644
24.7804
24.7844
24.799
24.8029
24.8171
24.8213
24.8352
24.8391
24.8542
24.8581
24.8743
24.8782
24.8912
24.8951
24.91
24.9142
24.9264
24.9302
24.9463
24.9503
24.9624
24.9663
24.9805
24.9847
24.9969
25.0007
25.015
25.0192
25.0315
25.0352
25.0508
25.0544
25.0683
25.0721
25.0863
25.0905
25.1052
25.1089
25.1231
25.1273
25.1438
25.1482
25.1606
25.1642
25.1806
25.1842
25.1975
25.2019
25.2163
25.2203
25.2324
25.2363
25.2514
25.2555
25.2692
25.2732
25.2889
25.2932
25.3093
25.3132
25.3263
25.33
25.3464
25.3501
25.3631
25.3669
25.3823
25.3861
25.3996
25.4038
25.4185
25.4222
25.435
25.439
25.455
25.459
25.4631
25.4801
25.4839
25.4973
25.5015
25.5183
25.5223
25.5366
25.5409
25.5564
25.5608
25.5771
25.5808
25.5943
25.5985
25.6153
25.6193
25.6323
25.6361
25.6516
25.6553
25.6682
25.6722
25.688
25.6922
25.7061
25.7098
25.7243
25.7283
25.743
25.7467
25.7602
25.7643
25.7821
25.7859
25.7998
25.8036
25.819
25.8228
25.8368
25.8414
25.8552
25.8596
25.8725
25.8765
25.8913
25.8957
25.909
25.9136
25.9265
25.9301
25.9464
25.9502
25.9635
25.9678
25.9843
25.9886
26.0014
26.0055
26.0213
26.0255
26.0383
26.0423
26.0584
26.0623
26.0774
26.0817
26.0951
26.0992
26.1154
26.1192
26.1333
26.1368
26.1533
26.1569
26.1704
26.1745
26.1886
26.1929
26.2062
26.2107
26.2235
26.2274
26.2414
26.245
26.259
26.2626
26.2782
26.2819
26.2957
26.2995
26.3132
26.3172
26.3335
26.3371
26.3573
26.3612
26.3742
26.378
26.3913
26.3957
26.4083
26.4125
26.4268
26.4309
26.4435
26.4477
26.4681
26.4717
26.4891
26.4933
26.5085
26.5126
26.5291
26.5334
26.5456
26.5495
26.565
26.5687
26.583
26.6021
26.6063
26.6228
26.6272
26.6401
26.644
26.6605
26.6648
26.6787
26.6825
26.6958
26.7
26.7129
26.7171
26.7322
26.7361
26.7494
26.7539
26.7681
26.7722
26.79
26.7938
26.8075
26.8114
26.8267
26.8306
26.8437
26.8475
26.8609
26.8651
26.8782
26.8819
26.8975
26.9012
26.9143
26.918
26.9345
26.9388
26.9534
26.9573
26.9714
26.9756
26.9942
26.998
27.0104
27.0141
27.0304
27.0341
27.0488
27.0526
27.0672
27.071
27.0862
27.0903
27.1036
27.1078
27.1244
27.1287
27.1408
27.1447
27.1622
27.1663
27.18
27.1839
27.2001
27.204
27.2173
27.2218
27.2363
27.2401
27.2542
27.2585
27.2743
27.2785
27.2939
27.2977
27.3111
27.3153
27.3315
27.3354
27.3483
27.3522
27.3691
27.373
27.388
27.3923
27.4054
27.4091
27.4258
27.4299
27.4438
27.4475
27.4688
27.4732
27.4871
27.4908
27.5063
27.51
27.5271
27.5309
27.5444
27.5485
27.5663
27.5701
27.5835
27.5877
27.6034
27.6069
27.6205
27.6246
27.6415
27.6454
27.6619
27.6662
27.6785
27.6823
27.7001
27.7039
27.7178
27.7215
27.7364
27.7399
27.7533
27.7576
27.7716
27.776
27.7886
27.7928
27.809
27.8129
27.8277
27.8321
27.8453
27.8489
27.8663
27.8705
27.8853
27.889
27.9057
27.9098
27.9234
27.9274
27.9426
27.9466
27.9606
27.9643
27.9793
27.9835
27.9998
28.0035
28.0173
28.0212
28.0386
28.0428
28.0583
28.062
28.0764
28.0804
28.0949
28.0989
28.113
28.1173
28.1339
28.1381
28.1521
28.1558
28.1724
28.1766
28.1906
28.1942
28.209
28.2127
28.2258
28.2295
28.2444
28.2487
28.2624
28.2666
28.2812
28.2855
28.3023
28.3064
28.3188
28.3233
28.3394
28.3432
28.3582
28.3626
28.3758
28.3801
28.3943
28.3985
28.411
28.4154
28.4416
28.4457
28.4657
28.47
28.4859
28.4898
28.5125
28.5162
28.5409
28.545
28.5596
28.5638
28.5777
28.595
28.5988
28.6155
28.6195
28.6452
28.6638
28.6676
28.6861
28.69
28.7069
28.7109
28.7239
28.7278
28.7449
28.7497
28.7609
28.7653
28.7807
28.7848
28.8056
28.8101
28.8249
28.8286
28.8448
28.8492
28.8612
28.8655
28.8809
28.8846
28.8967
28.9007
28.9172
28.9215
28.9343
28.9385
28.9528
28.9571
28.9709
28.9759
28.9879
28.9925
29.0067
29.0105
29.025
29.0289
29.0479
29.0524
29.0672
29.0723
29.0859
29.0902
29.1038
29.1084
29.1218
29.1258
29.1445
29.1488
29.1629
29.1668
29.1818
29.1859
29.2005
29.2048
29.2198
29.2236
29.2379
29.242
29.2558
29.2599
29.2789
29.2831
29.2969
29.3012
29.3163
29.3209
29.3355
29.3398
29.3542
29.3582
29.3752
29.3797
29.3919
29.3958
29.4129
29.4167
29.4305
29.4342
29.451
29.4551
29.4685
29.4728
29.4908
29.4952
29.5105
29.5144
29.5286
29.5328
29.5509
29.5553
29.5673
29.5715
29.5876
29.5918
29.6031
29.6078
29.6239
29.6286
29.6409
29.645
29.6611
29.6654
29.6821
29.686
29.6998
29.7034
29.7207
29.725
29.7398
29.7437
29.7577
29.7619
29.7767
29.7803
29.7948
29.7988
29.8153
29.8196
29.8327
29.8368
29.8533
29.8577
29.8729
29.8781
29.891
29.8949
29.9094
29.9133
29.9269
29.9309
29.9466
29.9523
29.9645
29.9686
29.9855
29.9898
30.0033
30.0071
30.0241
30.0279
30.0426
30.0464
30.0679
30.072
30.0928
30.0968
30.113
30.1176
30.1304
30.1348
30.1532
30.1576
30.1747
30.1787
30.1949
30.1993
30.2142
30.2187
30.23
30.2337
30.2528
30.2569
30.2708
30.2748
30.2908
30.2946
30.3078
30.3128
30.3267
30.3418
30.3459
30.3609
30.3656
30.3771
30.3821
30.3953
30.4001
30.4123
30.4164
30.4314
30.4357
30.4485
30.4528
30.4643
30.4688
30.4809
30.4853
30.4988
30.5151
30.5191
30.5328
30.5378
30.5519
30.5558
30.5698
30.5742
30.5889
30.5926
30.6058
30.6106
30.6247
30.6288
30.6409
30.6458
30.6608
30.6658
30.6767
30.6808
30.6958
30.7011
30.7118
30.716
30.7308
30.7358
30.7466
30.7505
30.7658
30.7698
30.7813
30.7858
30.7998
30.8048
30.8152
30.8194
30.8348
30.8386
30.85
30.8539
30.8688
30.8735
30.8852
30.9038
30.9088
30.9226
30.9268
30.9418
30.9615
30.9652
30.9778
30.982
30.9968
31.0018
31.0129
31.0173
31.0328
31.0368
31.0493
31.0534
31.0678
31.0725
31.0878
31.0919
31.1048
31.1087
31.1248
31.1288
31.1398
31.1439
31.1589
31.1643
31.1746
31.1783
31.1939
31.1988
31.2089
31.2128
31.2301
31.2344
31.2446
31.2489
31.2638
31.2686
31.2782
31.2826
31.2998
31.3041
31.314
31.3178
31.3358
31.3624
31.3779
31.382
31.3964
31.4002
31.4129
31.417
31.4319
31.4355
31.4485
31.4523
31.4678
31.4718
31.484
31.4884
31.5059
31.5103
31.5235
31.5286
31.5406
31.5444
31.5601
31.5648
31.5755
31.5797
31.5944
31.5989
31.6111
31.6168
31.6314
31.6358
31.6478
31.6518
31.6674
31.6727
31.6828
31.6872
31.7006
31.7047
31.7178
31.7218
31.7367
31.7407
31.7539
31.7576
31.7733
31.7788
31.7888
31.7928
31.8074
31.8113
31.8232
31.8273
31.8419
31.8458
31.8576
31.8618
31.8778
31.8828
31.8942
31.8988
31.9117
31.9168
31.9289
31.9331
31.9479
31.9518
31.9658
31.9708
31.9849
31.9891
32.0048
32.0092
32.0208
32.0255
32.0376
32.0421
32.0549
32.0595
32.0718
32.0758
32.0889
32.0926
32.1056
32.1098
32.1238
32.1278
32.1439
32.1487
32.1592
32.1648
32.1799
32.1848
32.1959
32.2008
32.2189
32.2241
32.2362
32.24
32.2538
32.2578
32.2714
32.2753
32.2898
32.2937
32.3123
32.3168
32.3287
32.3329
32.3479
32.3528
32.3639
32.3683
32.3828
32.3873
32.3988
32.4028
32.4188
32.4226
32.4359
32.4414
32.4538
32.4588
32.4699
32.4739
32.4895
32.4931
32.509
32.5132
32.5261
32.53
32.5456
32.55
32.562
32.566
32.5827
32.5869
32.6003
32.6045
32.6195
32.6237
32.6372
32.6414
32.6562
32.6605
32.6745
32.6782
32.6931
32.6974
32.7107
32.7151
32.7297
32.7335
32.7479
32.7521
32.7653
32.7695
32.7875
32.7911
32.8046
32.8088
32.8225
32.8264
32.8396
32.8432
32.8581
32.8625
32.8758
32.8801
32.8954
32.8993
32.9116
32.9154
32.9313
32.9353
32.9527
32.957
32.9706
32.9747
32.9909
32.9947
33.0086
33.0123
33.0279
33.0323
33.0444
33.0484
33.0649
33.0692
33.0837
33.0877
33.1012
33.1052
33.1224
33.126
33.1416
33.1453
33.1609
33.1653
33.1768
33.1806
33.196
33.1998
33.2125
33.2166
33.231
33.235
33.2481
33.2519
33.2662
33.2703
33.2847
33.2887
33.3028
33.3071
33.322
33.3264
33.3396
33.344
33.361
33.3648
33.3785
33.3825
33.398
33.4017
33.417
33.4209
33.4364
33.4401
33.4543
33.4586
33.4744
33.4786
33.4964
33.5002
33.5135
33.5179
33.5332
33.537
33.5491
33.5531
33.5683
33.5723
33.5852
33.5891
33.6046
33.6084
33.6225
33.6268
33.6407
33.6444
33.6603
33.6645
33.6779
33.6821
33.6997
33.7037
33.7163
33.7205
33.7366
33.7406
33.7538
33.7583
33.7746
33.779
33.7947
33.799
33.8123
33.8167
33.8337
33.8375
33.8505
33.8543
33.8707
33.8743
33.8874
33.8914
33.9084
33.912
33.9282
33.9321
33.9455
33.9496
33.9678
33.9721
33.9845
33.9881
34.0038
34.0081
34.0203
34.0242
34.0406
34.045
34.0582
34.0619
34.0764
34.0802
34.0965
34.1003
34.1149
34.1187
34.135
34.1387
34.1522
34.1564
34.1735
34.1772
34.1911
34.195
34.2096
34.2132
34.2293
34.2333
34.2468
34.2509
34.2694
34.2733
34.2869
34.2909
34.3054
34.3094
34.3214
34.3254
34.3391
34.343
34.3574
34.3616
34.3747
34.3783
34.3939
34.3985
34.4145
34.4184
34.4361
34.44
34.4533
34.4576
34.4737
34.4776
34.4917
34.4961
34.5115
34.5152
34.5296
34.5337
34.5472
34.5513
34.568
34.5722
34.5851
34.589
34.6065
34.6106
34.6232
34.6275
34.6445
34.6483
34.6623
34.6668
34.6801
34.6843
34.6986
34.7029
34.7161
34.7204
34.7377
34.742
34.7547
34.7589
34.7757
34.7797
34.7937
34.7981
34.8128
34.8165
34.8325
34.8366
34.8501
34.8541
34.871
34.875
34.8881
34.8919
34.9087
34.9127
34.9266
34.9303
34.9461
34.9503
34.9664
34.9704
34.984
34.988
35.0055
35.0095
35.0236
35.028
35.0407
35.0449
35.0574
35.0617
35.076
35.0801
35.0925
35.0961
35.1126
35.1169
35.1305
35.1347
35.1489
35.153
35.1697
35.1738
35.1874
35.1915
35.2104
35.2147
35.2271
35.2307
35.2473
35.2515
35.2705
35.2748
35.291
35.3167
35.3212
35.337
35.3429
35.3569
35.3613
35.3794
35.3837
35.3968
35.4005
35.4162
35.4205
35.4344
35.4382
35.4524
35.4565
35.4746
35.479
35.4918
35.4958
35.5127
35.5166
35.5305
35.5343
35.5491
35.5535
35.5686
35.5729
35.587
35.5911
35.6103
35.6144
35.6281
35.632
35.6469
35.6512
35.6653
35.6697
35.6846
35.6889
35.7026
35.7066
35.7214
35.7257
35.7427
35.7466
35.7603
35.7642
35.7799
35.7842
35.7968
35.8011
35.8164
35.8203
35.8341
35.838
35.852
35.8563
35.8721
35.8764
35.8898
35.894
35.911
35.9148
35.9286
35.9325
35.9488
35.9524
35.9656
35.9693
35.9852
35.9893
36.0034
36.0078
36.0227
36.027
36.0429
36.047
36.0607
36.0647
36.0817
36.0855
36.0996
36.1039
36.1188
36.1231
36.1369
36.1408
36.1567
36.1607
36.1775
36.1816
36.1947
36.1984
36.2157
36.22
36.2324
36.2361
36.2532
36.2569
36.2743
36.2785
36.2927
36.297
36.312
36.3162
36.3295
36.3338
36.3496
36.3539
36.3673
36.3719
36.3877
36.3914
36.4081
36.4123
36.4265
36.4307
36.4485
36.4523
36.4652
36.4692
36.4877
36.4916
36.5065
36.511
36.5245
36.5285
36.5458
36.5501
36.5627
36.5669
36.5836
36.5877
36.6015
36.6056
36.6207
36.6246
36.6394
36.6432
36.6585
36.6622
36.6797
36.6839
36.6977
36.7015
36.7185
36.7223
36.7363
36.74
36.7567
36.7608
36.7769
36.7809
36.7944
36.7984
36.8167
36.8209
36.8338
36.8377
36.8546
36.8585
36.8726
36.877
36.8916
36.8953
36.9114
36.9156
36.9296
36.9338
36.9489
36.9531
36.9663
36.9699
36.9866
36.9907
37.0047
37.0092
37.0242
37.0283
37.0469
37.0508
37.0647
37.0684
37.0849
37.0892
37.1049
37.1094
37.1231
37.1269
37.1426
37.1469
37.1616
37.1653
37.1847
37.1886
37.2026
37.2062
37.2235
37.2278
37.2428
37.247
37.2597
37.2639
37.2809
37.2847
37.3006
37.3047
37.3215
37.3256
37.3401
37.344
37.3592
37.3632
37.3797
37.384
37.3966
37.4009
37.4179
37.4217
37.4377
37.4417
37.4564
37.4602
37.4763
37.4806
37.4949
37.4988
37.5142
37.5179
37.5319
37.5366
37.5539
37.5582
37.5713
37.5755
37.5905
37.5947
37.6087
37.6125
37.6277
37.6325
37.648
37.6516
37.6661
37.6708
37.688
37.6918
37.7044
37.7088
37.7269
37.7316
37.7443
37.7486
37.7626
37.767
37.7814
37.7854
37.7994
37.8041
37.8217
37.8258
37.8385
37.8428
37.8596
37.8639
37.8779
37.8816
37.8965
37.9014
37.9172
37.9216
37.9349
37.9397
37.955
37.9597
37.9716
37.9753
37.9923
37.9961
38.0111
38.0154
38.0282
38.0322
38.0467
38.0506
38.065
38.0693
38.0849
38.089
38.1028
38.1068
38.1239
38.1284
38.1409
38.1451
38.1617
38.1659
38.1804
38.1844
38.1986
38.2031
38.2189
38.2228
38.2369
38.2408
38.2574
38.2613
38.2749
38.279
38.2948
38.2989
38.3123
38.3168
38.3329
38.3372
38.3525
38.3568
38.3693
38.3735
38.3909
38.3958
38.4109
38.4157
38.4323
38.4369
38.4522
38.4566
38.4742
38.4788
38.4937
38.4976
38.5115
38.5154
38.5317
38.5361
38.5509
38.5546
38.5699
38.5747
38.592
38.5971
38.61
38.6138
38.6304
38.6346
38.6479
38.6522
38.6679
38.6722
38.6882
38.6925
38.7066
38.7107
38.7273
38.7316
38.7455
38.7491
38.7665
38.7708
38.785
38.7892
38.804
38.8076
38.8245
38.8285
38.8428
38.8469
38.8647
38.8685
38.8819
38.8862
38.9018
38.9062
38.9207
38.9246
38.9407
38.9446
38.9636
38.9678
38.9811
38.9855
39.0027
39.0071
39.026
39.0303
39.0448
39.0488
39.0655
39.0696
39.0837
39.088
39.1037
39.108
39.1237
39.1282
39.1426
39.1464
39.1656
39.1697
39.1828
39.1865
39.2039
39.2081
39.2236
39.2276
39.2422
39.2466
39.2664
39.2706
39.2875
39.2916
39.3058
39.3099
39.3264
39.3307
39.3445
39.3484
39.3659
39.37
39.3836
39.3876
39.4036
39.4076
39.4223
39.4261
39.4417
39.4461
39.4628
39.4669
39.4816
39.4853
39.5026
39.5069
39.5213
39.5254
39.5416
39.5454
39.5623
39.5664
39.5807
39.5847
39.6026
39.6063
39.6212
39.6256
39.6416
39.6455
39.6619
39.6656
39.6801
39.684
39.7026
39.7064
39.72
39.724
39.7415
39.7457
39.7625
39.7666
39.7815
39.7857
39.8037
39.8074
39.8225
39.8267
39.8436
39.8474
39.8636
39.8675
39.882
39.8859
39.9036
39.9075
39.9214
39.9259
39.9426
39.9467
39.9653
39.9691
39.9845
39.9884
40.0056
40.01
40.0236
40.0278
40.045
40.0493
40.0755
40.0796
40.0954
40.0998
40.1148
40.1189
40.1357
40.1398
40.1547
40.159
40.1743
40.1782
40.1931
40.1975
40.2123
40.2166
40.2329
40.2367
40.2504
40.2543
40.2706
40.2743
40.2873
40.2912
40.3073
40.3112
40.3237
40.3282
40.3412
40.3456
40.3594
40.3634
40.3767
40.3809
40.3934
40.3977
40.4134
40.4177
40.435
40.4386
40.4525
40.4562
40.4724
40.4762
40.489
40.4931
40.5083
40.5123
40.5267
40.5309
40.5446
40.5484
40.5624
40.5668
40.5785
40.5828
40.5972
40.6013
40.6148
40.6189
40.6351
40.6389
40.6526
40.6565
40.672
40.6757
40.6898
40.6942
40.7082
40.7118
40.7259
40.7302
40.744
40.7479
40.7618
40.7655
40.7794
40.7831
40.7963
40.7999
40.8144
40.8184
40.8321
40.8361
40.8505
40.8544
40.8697
40.8737
40.8899
40.8937
40.9091
40.9129
40.9257
40.9297
40.9441
40.9482
40.9607
40.965
40.9802
40.9842
40.9978
41.0018
41.0161
41.0203
41.0335
41.0379
41.0528
41.0571
41.0702
41.074
41.0905
41.0948
41.1107
41.1148
41.1269
41.1308
41.1474
41.1516
41.1642
41.1685
41.1846
41.1885
41.2028
41.2069
41.2211
41.2254
41.2387
41.2431
41.2567
41.2606
41.2745
41.2783
41.2918
41.2959
41.3107
41.3143
41.3285
41.3328
41.3494
41.3536
41.3663
41.3704
41.3867
41.3904
41.4036
41.4081
41.4227
41.4265
41.4407
41.4449
41.4606
41.4649
41.4806
41.485
41.4986
41.5026
41.5184
41.5242
41.5355
41.5394
41.5543
41.5586
41.5708
41.5747
41.589
41.5931
41.6066
41.6109
41.6298
41.634
41.6499
41.654
41.6669
41.6708
41.6868
41.6908
41.7034
41.7077
41.7226
41.7269
41.74
41.7439
41.7591
41.763
41.7771
41.7814
41.7966
41.8006
41.8154
41.8191
41.8332
41.8375
41.8514
41.8552
41.8684
41.8727
41.8864
41.8904
41.9026
41.9064
41.9223
41.9264
41.9392
41.9433
41.959
41.9633
41.9762
41.9801
41.9954
41.9993
42.0149
42.0326
42.037
42.0539
42.0578
42.0713
42.0754
42.0909
42.0946
42.1072
42.1115
42.1277
42.1315
42.1457
42.1649
42.1691
42.1813
42.1853
42.1995
42.2036
42.2206
42.2244
42.238
42.2421
42.2593
42.2636
42.2778
42.2821
42.2972
42.3013
42.3175
42.3214
42.3354
42.3398
42.3553
42.359
42.3725
42.3767
42.3924
42.3967
42.4097
42.4135
42.4303
42.4343
42.4469
42.4512
42.4677
42.4719
42.4867
42.4904
42.5047
42.5089
42.5263
42.5305
42.5425
42.5626
42.5665
42.5791
42.5992
42.6033
42.6167
42.621
42.6374
42.641
42.6565
42.6603
42.6743
42.6786
42.6956
42.6994
42.7124
42.7163
42.7335
42.7371
42.7517
42.7556
42.7713
42.7755
42.7897
42.7941
42.8074
42.8116
42.8315
42.8356
42.8478
42.8672
42.8709
42.8855
42.8893
42.9056
42.9093
42.9239
42.9278
42.9431
42.947
42.9609
42.9648
42.9785
42.9966
43.0007
43.0133
43.0183
43.0317
43.0361
43.0497
43.0535
43.0699
43.0875
43.0912
43.1088
43.1128
43.1262
43.1304
43.1465
43.1504
43.1667
43.1705
43.1841
43.2044
43.2081
43.2227
43.2265
43.2428
43.2466
43.2601
43.2642
43.2807
43.285
43.297
43.3011
43.3173
43.3211
43.3362
43.3403
43.3545
43.3587
43.375
43.3925
43.3964
43.4136
43.4181
43.4329
43.4372
43.4521
43.4564
43.4704
43.475
43.4919
43.4958
43.5159
43.5208
43.5324
43.5365
43.5515
43.5685
43.5726
43.5889
43.5926
43.6119
43.6168
43.6287
43.6327
43.6484
43.6527
43.6657
43.6695
43.6859
43.6898
43.7029
43.7072
43.7229
43.7274
43.7432
43.7478
43.7591
43.7632
43.7789
43.7828
43.7943
43.7985
43.8139
43.8184
43.8306
43.8346
43.8509
43.8676
43.8714
43.8866
43.8914
43.9046
43.9091
43.9239
43.9275
43.9443
43.9488
43.9609
43.9652
43.9833
43.9976
44.002
44.0189
44.0345
44.0388
44.0539
44.0717
44.0757
44.0906
44.0959
44.1087
44.1126
44.1259
44.1308
44.1436
44.1479
44.1615
44.1654
44.1821
44.1999
44.2038
44.2177
44.2215
44.2349
44.239
44.2549
44.2598
44.2708
44.2751
44.2919
44.2968
44.3098
44.3137
44.327
44.3313
44.3465
44.3504
44.3649
44.3696
44.3831
44.3873
44.3999
44.4044
44.4197
44.4234
44.4359
44.4402
44.4579
44.4618
44.4761
44.4802
44.4954
44.5006
44.5132
44.5172
44.5309
44.5356
44.5493
44.5532
44.5661
44.5708
44.5874
44.5928
44.6049
44.6246
44.6298
44.6426
44.6469
44.6629
44.6677
44.6819
44.6861
44.6999
44.7038
44.7215
44.7268
44.7389
44.743
44.7619
44.7662
44.7796
44.784
44.7979
44.8025
44.8162
44.8199
44.8339
44.8388
44.8528
44.8568
44.8699
44.8736
44.8909
44.8958
44.9087
44.9129
44.9273
44.9313
44.9444
44.9481
44.9649
44.9698
44.9816
44.986
44.9994
45.0038
45.0179
45.0218
45.0348
45.0397
45.0553
45.0608
45.072
45.0764
45.0959
45.1008
45.1121
45.1163
45.1319
45.1368
45.1482
45.1524
45.1689
45.1738
45.1877
45.1917
45.2049
45.2101
45.2309
45.2358
45.247
45.251
45.2678
45.2721
45.2866
45.291
45.3044
45.3098
45.3247
45.3287
45.3415
45.3455
45.3629
45.3678
45.3793
45.3832
45.3999
45.4044
45.4171
45.4208
45.4359
45.4408
45.4548
45.4598
45.4721
45.476
45.4927
45.4972
45.5117
45.5161
45.5318
45.5368
45.5488
45.553
45.5699
45.5738
45.5872
45.5914
45.6039
45.6082
45.6252
45.6291
45.6421
45.6459
45.6635
45.6679
45.6819
45.6868
45.702
45.706
45.7185
45.7234
45.7389
45.756
45.7599
45.7759
45.7808
45.7956
45.7998
45.813
45.8173
45.8357
45.8408
45.8539
45.8739
45.8786
45.8909
45.8951
45.9109
45.9154
45.9297
45.9335
45.9472
45.9518
45.9678
45.9719
45.9849
45.9891
46.0056
46.0098
46.0227
46.0264
46.0439
46.048
46.0627
46.0666
46.0807
46.0852
46.1001
46.1041
46.1179
46.1218
46.1389
46.1432
46.1559
46.1602
46.1759
46.1808
46.1929
46.1971
46.2129
46.2181
46.2322
46.2363
46.2509
46.2547
46.2726
46.2778
46.2918
46.2956
46.3109
46.3149
46.3289
46.3332
46.3458
46.3501
46.3649
46.3697
46.3819
46.3861
46.403
46.4078
46.4209
46.4246
46.4409
46.4446
46.4588
46.4632
46.4776
46.4815
46.4958
46.4999
46.5129
46.5167
46.5329
46.5378
46.5502
46.5548
46.5719
46.576
46.5909
46.5961
46.6106
46.6145
46.6287
46.633
46.6477
46.6532
46.6699
46.6748
46.6876
46.6915
46.7067
46.7106
46.7239
46.7429
46.7466
46.7601
46.7648
46.7797
46.7841
46.7989
46.8036
46.8177
46.8228
46.8378
46.842
46.8559
46.8596
46.8779
46.8936
46.8981
46.9149
46.9193
46.9332
46.9375
46.9519
46.9568
46.972
46.9757
46.9889
46.9926
47.0108
47.0149
47.0283
47.0328
47.0468
47.0511
47.0648
47.0698
47.0839
47.0893
47.1037
47.1079
47.1218
47.1255
47.1459
47.1496
47.1622
47.1664
47.1837
47.1886
47.2026
47.2065
47.2209
47.2249
47.2429
47.2468
47.2589
47.2634
47.2799
47.2848
47.2959
47.3002
47.3165
47.3204
47.3359
47.3529
47.3578
47.3751
47.3798
47.3922
47.3963
47.4139
47.4185
47.4318
47.4357
47.4519
47.4707
47.475
47.4899
47.494
47.5119
47.5158
47.5281
47.5325
47.5489
47.5524
47.5675
47.5722
47.5859
47.6053
47.6095
47.6229
47.627
47.6455
47.6508
47.6622
47.6663
47.6829
47.6871
47.7002
47.7039
47.7209
47.7247
47.7412
47.7458
47.7589
47.7632
47.7799
47.784
47.7972
47.8016
47.8179
47.8228
47.8369
47.841
47.8549
47.8585
47.8743
47.8785
47.8917
47.8968
47.9119
47.9162
47.9299
47.9338
47.9502
47.9538
47.9689
47.9741
47.9899
47.9947
48.0066
48.0107
48.0279
48.032
48.0479
48.0516
48.0659
48.07
48.0869
48.0914
48.1038
48.1077
48.1259
48.1308
48.145
48.1493
48.1638
48.1678
48.1862
48.1908
48.2036
48.2078
48.2249
48.2292
48.2419
48.2463
48.2623
48.2662
48.2842
48.2879
48.3029
48.3071
48.3242
48.3279
48.3418
48.3456
48.3629
48.3683
48.3814
48.3858
48.4009
48.4049
48.4252
48.4289
48.4435
48.4473
48.4618
48.4658
48.4808
48.4854
48.4988
48.5038
48.5199
48.5248
48.5406
48.545
48.5617
48.5668
48.5799
48.5843
48.6009
48.6051
48.6239
48.6275
48.6422
48.6459
48.6645
48.6684
48.6847
48.6885
48.7034
48.7076
48.726
48.73
48.7439
48.7477
48.7656
48.7693
48.7857
48.7894
48.8043
48.8086
48.8274
48.8318
48.8449
48.8488
48.8663
48.8702
48.8861
48.8903
48.9044
48.9087
48.9255
48.9295
48.9438
48.948
48.9658
48.9695
48.985
48.9888
49.0056
49.0096
49.0247
49.0288
49.0438
49.0481
49.0647
49.0689
49.083
49.0873
49.1045
49.1081
49.1257
49.1298
49.1448
49.149
49.1661
49.1699
49.1842
49.1882
49.2066
49.2106
49.2248
49.2291
49.2453
49.2491
49.2672
49.2716
49.2858
49.29
49.3076
49.3116
49.3256
49.3302
49.346
49.35
49.3666
49.3709
49.3851
49.3893
49.4069
49.4109
49.4255
49.4294
49.4457
49.4494
49.4663
49.4702
49.4852
49.4895
49.5077
49.5119
49.5261
49.5303
49.5476
49.5519
49.5699
49.5744
49.5882
49.592
49.6106
49.6144
49.6283
49.632
49.6474
49.6513
49.6691
49.673
49.6875
49.6913
49.7116
49.7153
49.7295
49.7338
49.7495
49.7538
49.772
49.7762
49.7906
49.7946
49.8135
49.8179
49.8336
49.838
49.8525
49.8563
49.8756
49.8795
49.8942
49.898
49.9159
49.9196
49.9376
49.942
49.9565
49.9605
49.9796
49.9837
49.9988
50.0031
50.0185
50.0229
50.043
50.0469
50.0621
50.0662
50.0865
50.0902
50.111
50.115
50.1278
50.1326
50.1469
50.1511
50.1646
50.1688
50.1838
50.1879
50.2052
50.2095
50.2247
50.2288
50.248
50.252
50.2732
50.2776
50.2945
50.2985
50.3133
50.3177
50.3326
50.3369
50.351
50.3553
50.3686
50.3732
50.3877
50.3914
50.4106
50.4146
50.4287
50.4331
50.4482
50.4523
50.4648
50.4691
50.4867
50.4907
50.5064
50.5107
50.5234
50.5276
50.5447
50.5484
50.5617
50.566
50.5819
50.5861
50.5987
50.6029
50.6179
50.6221
50.6366
50.6406
50.6547
50.6589
50.6756
50.6798
50.6927
50.6966
50.7119
50.7159
50.7297
50.7335
50.7474
50.7512
50.7643
50.7679
50.7857
50.7895
50.8042
50.8081
50.8221
50.8264
50.8432
50.8473
50.8602
50.8641
50.8819
50.8857
50.8996
50.9034
50.9181
50.9217
50.9357
50.9394
50.9546
50.9586
50.9724
50.9763
50.9916
50.9954
51.0115
51.0155
51.0298
51.0339
51.0507
51.0547
51.068
51.0724
51.0898
51.094
51.1098
51.1141
51.129
51.1333
51.1506
51.1549
51.1686
51.1725
51.1895
51.1933
51.2072
51.211
51.2268
51.231
51.243
51.247
51.2632
51.2671
51.2804
51.2847
51.3005
51.3047
51.3185
51.3223
51.3382
51.3424
51.3586
51.3624
51.3769
51.3808
51.3955
51.3992
51.413
51.4169
51.432
51.4361
51.4503
51.4545
51.4682
51.4722
51.4898
51.4938
51.5119
51.5162
51.535
51.5394
51.5537
51.5579
51.574
51.5779
51.5948
51.5987
51.6138
51.6179
51.635
51.6388
51.6525
51.6564
51.6702
51.674
51.6896
51.6934
51.7123
51.7165
51.7205
51.7404
51.7445
51.7684
51.7725
51.789
51.7934
51.7974
51.8014
51.8154
51.819
51.823
51.8271
51.8435
51.8479
51.8724
51.8767
51.9007
51.9047
51.9221
51.9264
51.9303
51.9344
51.9475
51.9512
51.9553
51.9763
51.98
52.0002
52.0041
52.0171
52.0209
52.0369
52.0417
52.054
52.0578
52.0744
52.0786
52.091
52.0955
52.1119
52.1165
52.1317
52.1355
52.1489
52.1531
52.1677
52.1715
52.1842
52.1884
52.204
52.2092
52.2208
52.2252
52.2409
52.2453
52.2571
52.2612
52.2775
52.2813
52.2956
52.2997
52.3139
52.3182
52.3343
52.3382
52.3511
52.355
52.3716
52.3768
52.3885
52.3927
52.4099
52.4144
52.4275
52.4311
52.4469
52.4512
52.4716
52.4768
52.4892
52.4939
52.5089
52.5128
52.5269
52.5313
52.5467
52.5505
52.5656
52.5697
52.5828
52.5865
52.6016
52.6058
52.6185
52.6226
52.6419
52.6464
52.6599
52.6648
52.6775
52.6819
52.6958
52.6995
52.7125
52.7163
52.7312
52.7359
52.7481
52.7527
52.7677
52.7716
52.7859
52.7902
52.8045
52.8085
52.8236
52.8278
52.8429
52.847
52.8605
52.8645
52.8799
52.8837
52.8971
52.9018
52.9145
52.9182
52.9334
52.9378
52.9508
52.9557
52.9719
52.9766
52.9889
52.9928
53.011
53.0156
53.0281
53.0322
53.0448
53.0488
53.0627
53.0666
53.0806
53.0849
53.1016
53.1058
53.1191
53.1233
53.1389
53.1426
53.1559
53.1602
53.1769
53.181
53.1935
53.1979
53.2149
53.2195
53.2319
53.2355
53.2506
53.2558
53.2695
53.274
53.2859
53.2899
53.3047
53.3084
53.3219
53.3268
53.3432
53.3475
53.3607
53.3646
53.3809
53.3853
53.3974
53.4013
53.4181
53.4221
53.4371
53.4414
53.4559
53.4599
53.4819
53.4862
53.5016
53.5055
53.5206
53.5247
53.5414
53.5455
53.5605
53.5647
53.5801
53.584
53.5978
53.6016
53.6162
53.62
53.6353
53.6393
53.6549
53.6593
53.6761
53.6801
53.6945
53.6985
53.7151
53.7193
53.7334
53.738
53.7526
53.757
53.7733
53.7772
53.7916
53.7955
53.8121
53.8163
53.8299
53.834
53.8507
53.8547
53.8691
53.8733
53.8886
53.8924
53.9091
53.9132
53.9275
53.9317
53.9479
53.9516
53.9661
53.9701
53.9867
53.9909
54.0055
54.0094
54.0265
54.0302
54.0476
54.0518
54.0656
54.0694
54.0866
54.0902
54.1053
54.1095
54.1255
54.1295
54.146
54.1508
54.164
54.168
54.1838
54.188
54.2018
54.2056
54.2224
54.2264
54.2425
54.2465
54.2605
54.2649
54.2811
54.2849
54.2981
54.3017
54.3196
54.3233
54.338
54.342
54.3587
54.3626
54.38
54.3843
54.3985
54.4027
54.4197
54.4235
54.4383
54.4421
54.4578
54.462
54.4821
54.486
54.5001
54.5044
54.5217
54.526
54.5404
54.5446
54.5606
54.5645
54.581
54.5853
54.5992
54.603
54.6206
54.6246
54.6392
54.6431
54.6588
54.663
54.6796
54.6839
54.6976
54.7015
54.7193
54.7231
54.7373
54.7415
54.7588
54.7631
54.7768
54.781
54.7964
54.8008
54.8182
54.8224
54.8362
54.84
54.8577
54.8617
54.8763
54.8801
54.8957
54.8993
54.915
54.9196
54.9332
54.937
54.9556
54.9594
54.9736
54.9779
54.9956
54.9995
55.0193
55.0235
55.0376
55.0419
55.0585
55.0628
55.0779
55.082
55.0971
55.1012
55.1181
55.122
55.1377
55.1421
55.1607
55.1645
55.179
55.1829
55.1996
55.2037
55.2216
55.2253
55.2393
55.243
55.2611
55.2654
55.2785
55.2823
55.2992
55.3031
55.3189
55.3231
55.3375
55.3416
55.3607
55.3647
55.3781
55.3824
55.3997
55.404
55.4204
55.4249
55.4385
55.4424
55.4616
55.4656
55.4697
55.4853
55.4893
55.5042
55.5081
55.5265
55.5305
55.5445
55.5482
55.5665
55.5706
55.5859
55.59
55.6051
55.609
55.6268
55.6307
55.6459
55.6499
55.6674
55.6715
55.6853
55.6892
55.7062
55.71
55.7292
55.7332
55.7481
55.7525
55.7692
55.7732
55.7884
55.7925
55.8078
55.8117
55.8293
55.8334
55.8474
55.851
55.8686
55.8726
55.8886
55.8928
55.9075
55.9111
55.9292
55.9335
55.948
55.9519
55.969
55.9727
55.9888
55.9929
56.0082
56.012
56.0305
56.0344
56.0485
