0, -16.2663
1, -19.2828
2, -18.2828
3, -17.2828
4, -20.2994
5, -19.2994
6, -23.3159
7, -20.2994
8, -19.2994
9, -18.2663
10, -14.2498
11, -17.2663
12, -14.2498
13, -14.2498
14, -11.2333
15, -12.2333
16, -10.2167
17, -11.2167
18, -8.20021
19, -9.20021
20, -5.18369
21, -4.16716
22, -3.16716
23, -1.15063
24, -3.16716
25, -2.15063
26, -2.13411
27, -0.134109
28, 1.89894
29, 1.89894
30, 6.91547
31, 2.91547
32, 8.93199
33, 5.91547
34, 7.93199
35, 6.93199
36, 8.94852
37, 11.965
38, 12.9816
39, 10.965
40, 11.9816
41, 14.9816
42, 15.9816
43, 17.0146
44, 20.0311
45, 18.0311
46, 21.0477
47, 22.0477
48, 24.0642
49, 23.0642
50, 27.0807
51, 23.0807
52, 30.0973
53, 28.0973
54, 28.0973
55, 32.1303
56, 34.1303
57, 34.1468
58, 32.1303
59, 39.1799
60, 35.1468
61, 38.1634
62, 36.1634
63, 37.1634
64, 41.1964
65, 43.1964
66, 42.2129
67, 44.2295
68, 43.2129
69, 44.2295
70, 44.2295
71, 46.246
72, 46.246
73, 48.2625
74, 50.279
75, 51.279
76, 51.279
77, 49.279
78, 52.2956
79, 54.3121
80, 54.3121
81, 55.3121
82, 55.3286
83, 58.3451
84, 58.3451
85, 60.3617
86, 59.3617
87, 58.3617
88, 61.3782
89, 61.3782
90, 64.3947
91, 65.3947
92, 66.4112
93, 65.4112
94, 66.4112
95, 67.4443
96, 69.4443
97, 69.4443
98, 72.4608
99, 71.4443
100, 70.4608
101, 73.4773
102, 73.4773
103, 74.4939
104, 76.4939
105, 79.5269
106, 77.4939
107, 79.5269
108, 80.5269
109, 78.5269
110, 82.5434
111, 85.5765
112, 81.5434
113, 84.56
114, 85.5765
115, 85.5765
116, 86.5765
117, 88.593
118, 88.593
119, 91.6261
120, 92.6261
121, 90.6095
122, 93.6426
123, 92.6426
124, 97.6591
125, 95.6591
126, 96.6591
127, 97.6757
128, 98.6757
129, 99.6922
130, 101.709
131, 101.709
132, 102.709
133, 103.725
134, 102.709
135, 104.725
136, 105.742
137, 106.742
138, 111.775
139, 107.758
140, 110.775
141, 112.791
142, 110.791
143, 115.808
144, 117.824
145, 115.824
146, 117.841
147, 114.824
148, 120.857
149, 120.857
150, 119.857
151, 124.89
152, 123.89
153, 121.874
154, 126.907
155, 128.924
156, 126.907
157, 130.924
158, 127.924
159, 131.94
160, 131.957
161, 130.957
162, 133.973
163, 132.973
164, 138.006
165, 139.006
166, 139.006
167, 140.023
168, 141.023
169, 142.039
170, 144.039
171, 143.056
172, 145.056
173, 150.089
174, 148.089
175, 152.105
176, 150.105
177, 149.105
178, 154.138
179, 155.138
180, 153.122
181, 152.122
182, 156.155
183, 156.155
184, 156.155
185, 158.171
186, 160.171
187, 159.188
188, 161.188
189, 163.204
190, 165.221
191, 166.238
192, 167.238
193, 169.254
194, 167.238
195, 165.238
196, 169.254
197, 172.271
198, 171.271
199, 171.287
200, 174.304
201, 172.287
202, 175.304
203, 179.32
204, 175.304
205, 176.32
206, 179.337
207, 180.337
208, 181.353
209, 183.37
210, 179.353
211, 181.37
212, 185.386
213, 187.419
214, 187.403
215, 188.403
216, 186.403
217, 188.419
218, 187.403
219, 195.452
220, 193.452
221, 190.436
222, 195.469
223, 194.452
224, 197.485
225, 196.485
226, 199.502
227, 195.485
228, 201.518
229, 198.502
230, 198.502
231, 202.518
232, 199.518
233, 203.535
234, 205.552
235, 208.568
236, 207.568
237, 206.568
238, 208.568
239, 209.585
240, 208.585
241, 207.585
242, 213.618
243, 211.618
244, 210.601
245, 212.618
246, 214.618
247, 213.634
248, 215.634
249, 220.684
250, 220.684
251, 217.667
252, 220.667
253, 221.684
254, 222.684
255, 225.717
256, 225.717
257, 225.717
258, 225.717
259, 224.717
260, 228.733
261, 229.75
262, 230.766
263, 233.783
264, 231.783
265, 233.783
266, 234.783
267, 233.783
268, 236.799
269, 236.816
270, 236.816
271, 239.832
272, 238.832
273, 240.849
274, 243.866
275, 243.866
276, 244.866
277, 245.882
278, 244.899
279, 249.915
280, 250.915
281, 250.932
282, 248.915
283, 250.915
284, 254.948
285, 254.948
286, 255.965
287, 257.998
288, 257.981
289, 256.981
290, 259.998
291, 259.998
292, 259.998
293, 264.031
294, 262.031
295, 263.031
296, 263.031
297, 266.047
298, 268.064
299, 266.064
300, 271.08
301, 270.08
302, 272.097
303, 273.097
304, 275.113
305, 274.113
306, 274.113
307, 277.146
308, 279.163
309, 279.163
310, 282.179
311, 281.163
312, 282.179
313, 281.179
314, 282.196
315, 283.213
316, 286.213
317, 289.229
318, 288.229
319, 288.229
320, 293.262
321, 288.246
322, 291.262
323, 294.262
324, 291.262
325, 292.262
326, 297.295
327, 296.295
328, 295.295
329, 299.328
330, 300.328
331, 300.328
332, 302.328
333, 301.328
334, 299.328
335, 305.361
336, 305.378
337, 305.378
338, 306.394
339, 310.411
340, 309.394
341, 309.411
342, 312.427
343, 310.411
344, 314.444
345, 313.427
346, 314.444
347, 314.444
348, 316.46
349, 318.477
350, 316.46
351, 319.477
352, 320.493
353, 318.477
354, 316.477
355, 320.493
356, 324.51
357, 324.527
358, 326.527
359, 326.543
360, 328.56
361, 325.527
362, 326.543
363, 329.543
364, 330.576
365, 332.593
366, 333.593
367, 332.593
368, 334.609
369, 335.609
370, 330.593
371, 334.609
372, 336.626
373, 338.642
374, 341.659
375, 338.642
376, 341.659
377, 344.675
378, 341.675
379, 346.708
380, 343.692
381, 343.692
382, 346.708
383, 349.725
384, 348.725
385, 348.725
386, 350.725
387, 354.758
388, 352.774
389, 352.774
390, 353.758
391, 355.791
392, 357.791
393, 355.791
394, 359.824
395, 360.824
396, 361.824
397, 362.841
398, 362.841
399, 362.841
400, 362.841
401, 363.857
402, 365.857
403, 368.89
404, 367.89
405, 369.907
406, 375.94
407, 372.923
408, 373.94
409, 373.94
410, 382.973
411, 378.973
412, 373.94
413, 379.973
414, 376.956
415, 381.989
416, 383.006
417, 386.039
418, 384.022
419, 385.022
420, 386.022
421, 388.039
422, 386.022
423, 390.055
424, 389.055
425, 390.072
426, 394.088
427, 390.072
428, 395.105
429, 394.088
430, 395.105
431, 396.105
432, 396.121
433, 399.138
434, 400.138
435, 402.171
436, 404.171
437, 406.188
438, 408.204
439, 405.188
440, 407.221
441, 407.204
442, 406.204
443, 411.237
444, 411.237
445, 411.237
446, 412.254
447, 419.27
448, 415.27
449, 416.287
450, 416.287
451, 416.287
452, 417.287
453, 421.32
454, 418.303
455, 421.32
456, 423.336
457, 423.336
458, 424.353
459, 426.353
460, 425.353
461, 427.369
462, 428.369
463, 426.369
464, 429.386
465, 430.386
466, 432.402
467, 432.419
468, 436.435
469, 436.435
470, 435.435
471, 440.469
472, 437.452
473, 439.469
474, 438.469
475, 441.485
476, 442.485
477, 443.502
478, 442.502
479, 446.518
480, 443.502
481, 446.518
482, 449.551
483, 450.551
484, 449.551
485, 451.568
486, 454.584
487, 453.584
488, 454.584
489, 454.584
490, 455.601
491, 458.617
492, 460.634
493, 459.634
494, 458.617
495, 458.617
496, 461.65
497, 464.667
498, 463.667
499, 461.65
500, 462.667
501, 464.683
502, 467.7
503, 467.7
504, 468.716
505, 469.716
506, 468.7
507, 470.733
508, 470.733
509, 472.749
510, 476.766
511, 475.766
512, 472.749
513, 477.782
514, 475.766
515, 476.782
516, 478.799
517, 480.799
518, 483.832
519, 482.816
520, 484.832
521, 485.849
522, 486.849
523, 486.865
524, 486.865
525, 491.898
526, 489.882
527, 488.882
528, 488.882
529, 491.898
530, 493.915
531, 495.931
532, 496.948
533, 500.964
534, 496.948
535, 499.964
536, 499.964
537, 502.981
538, 503.997
539, 504.997
540, 507.014
541, 502.997
542, 507.014
543, 509.03
544, 510.047
545, 512.063
546, 512.063
547, 510.047
548, 515.08
549, 514.08
550, 517.096
551, 516.096
552, 518.113
553, 520.13
554, 520.13
555, 520.13
556, 522.146
557, 522.146
558, 524.163
559, 522.146
560, 526.179
561, 525.179
562, 529.196
563, 527.196
564, 532.229
565, 529.212
566, 534.245
567, 539.278
568, 536.262
569, 538.278
570, 536.245
571, 537.278
572, 541.295
573, 538.278
574, 540.295
575, 541.311
576, 543.311
577, 542.311
578, 545.344
579, 545.344
580, 547.361
581, 547.361
582, 550.377
583, 550.377
584, 548.377
585, 549.377
586, 552.394
587, 553.394
588, 554.41
589, 554.41
590, 557.427
591, 556.427
592, 555.427
593, 559.444
594, 557.444
595, 561.46
596, 563.477
597, 562.477
598, 564.493
599, 564.493
600, 566.493
601, 566.51
602, 566.51
603, 567.526
604, 568.526
605, 570.526
606, 569.543
607, 571.559
608, 574.576
609, 575.576
610, 576.576
611, 572.559
612, 574.592
613, 577.592
614, 579.609
615, 579.609
616, 579.625
617, 583.642
618, 582.642
619, 582.642
620, 584.658
621, 583.658
622, 585.658
623, 583.658
624, 588.691
625, 586.675
626, 588.691
627, 587.691
628, 589.708
629, 590.708
630, 593.724
631, 593.724
632, 592.724
633, 593.741
634, 596.758
635, 596.758
636, 597.774
637, 597.774
638, 600.791
639, 601.807
640, 601.807
641, 602.807
642, 602.824
643, 604.824
644, 607.84
645, 606.84
646, 610.873
647, 608.857
648, 611.873
649, 611.873
650, 615.906
651, 613.906
652, 612.89
653, 615.906
654, 617.923
655, 617.923
656, 619.939
657, 620.956
658, 622.972
659, 620.972
660, 623.972
661, 622.972
662, 623.989
663, 630.022
664, 627.005
665, 630.022
666, 630.022
667, 633.038
668, 633.055
669, 633.055
670, 636.071
671, 635.071
672, 634.071
673, 639.105
674, 637.088
675, 638.105
676, 641.121
677, 644.138
678, 643.138
679, 642.138
680, 644.138
681, 646.154
682, 650.187
683, 647.171
684, 647.187
685, 649.187
686, 653.22
687, 653.204
688, 651.204
689, 656.237
690, 658.253
691, 656.237
692, 656.237
693, 659.27
694, 659.27
695, 659.27
696, 661.286
697, 662.286
698, 664.303
699, 664.303
700, 665.336
701, 668.352
702, 666.336
703, 668.336
704, 669.352
705, 674.385
706, 674.385
707, 673.385
708, 672.369
709, 673.385
710, 673.385
711, 675.402
712, 676.419
713, 679.435
714, 678.419
715, 680.435
716, 679.435
717, 681.452
718, 682.468
719, 683.452
720, 685.485
721, 684.485
722, 684.485
723, 687.501
724, 690.518
725, 686.501
726, 692.534
727, 690.534
728, 693.534
729, 691.534
730, 693.551
731, 696.567
732, 694.551
733, 695.567
734, 697.584
735, 697.584
736, 700.6
737, 698.6
738, 699.6
739, 706.65
740, 700.617
741, 703.633
742, 707.666
743, 705.65
744, 707.666
745, 708.666
746, 708.666
747, 708.683
748, 707.683
749, 709.683
750, 713.699
751, 711.699
752, 712.733
753, 714.716
754, 718.749
755, 718.749
756, 714.733
757, 715.733
758, 719.749
759, 717.749
760, 721.782
761, 720.782
762, 725.815
763, 722.782
764, 722.799
765, 723.799
766, 726.815
767, 730.848
768, 728.832
769, 728.832
770, 732.865
771, 732.865
772, 733.865
773, 732.865
774, 738.898
775, 735.898
776, 735.898
777, 735.898
778, 741.931
779, 736.914
780, 741.931
781, 743.947
782, 742.964
783, 743.964
784, 746.98
785, 747.98
786, 750.013
787, 745.98
788, 750.013
789, 750.013
790, 753.03
791, 753.03
792, 755.047
793, 755.047
794, 756.063
795, 756.063
796, 756.063
797, 757.08
798, 760.096
799, 761.096
800, 762.113
801, 761.113
802, 765.129
803, 766.146
804, 766.129
805, 769.162
806, 771.195
807, 770.162
808, 770.179
809, 769.179
810, 773.212
811, 771.195
812, 777.228
813, 776.212
814, 776.228
815, 776.228
816, 778.245
817, 779.245
818, 781.261
819, 784.294
820, 781.261
821, 786.311
822, 786.311
823, 785.311
824, 784.311
825, 787.327
826, 788.327
827, 790.344
828, 788.344
829, 793.361
830, 792.361
831, 797.377
832, 793.377
833, 797.394
834, 798.41
835, 794.377
836, 796.394
837, 798.41
838, 801.427
839, 802.443
840, 802.443
841, 803.443
842, 803.443
843, 805.46
844, 806.476
845, 806.493
846, 808.493
847, 810.509
848, 811.509
849, 812.526
850, 813.542
851, 810.509
852, 814.542
853, 814.542
854, 814.542
855, 816.559
856, 821.575
857, 816.575
858, 820.592
859, 820.592
860, 823.625
861, 821.592
862, 823.608
863, 822.608
864, 825.625
865, 822.625
866, 828.658
867, 829.658
868, 833.674
869, 830.658
870, 830.674
871, 832.691
872, 833.691
873, 831.691
874, 835.708
875, 835.708
876, 834.708
877, 835.724
878, 840.741
879, 838.741
880, 840.757
881, 839.757
882, 843.774
883, 840.757
884, 843.774
885, 845.79
886, 844.79
887, 843.807
888, 847.823
889, 847.807
890, 849.823
891, 850.84
892, 851.856
893, 849.856
894, 853.856
895, 853.873
896, 854.873
897, 854.856
898, 856.889
899, 856.889
900, 856.906
901, 860.922
902, 858.906
903, 860.922
904, 863.939
905, 863.939
906, 864.972
907, 862.955
908, 868.988
909, 863.955
910, 866.972
911, 868.972
912, 871.005
913, 873.022
914, 876.038
915, 874.022
916, 878.055
917, 876.038
918, 878.055
919, 878.055
920, 876.055
921, 882.088
922, 882.088
923, 884.104
924, 882.104
925, 882.104
926, 885.121
927, 887.137
928, 887.137
929, 888.137
930, 887.137
931, 892.17
932, 891.17
933, 894.187
934, 896.203
935, 895.203
936, 892.187
937, 899.236
938, 898.22
939, 899.236
940, 897.22
941, 900.236
942, 900.253
943, 904.269
944, 905.286
945, 904.286
946, 908.302
947, 906.286
948, 907.302
949, 909.319
950, 912.336
951, 912.352
952, 913.352
953, 913.336
954, 917.369
955, 915.369
956, 919.402
957, 917.385
958, 919.402
959, 919.402
960, 922.418
961, 919.402
962, 920.418
963, 922.418
964, 925.451
965, 926.451
966, 926.451
967, 930.484
968, 928.468
969, 928.468
970, 929.484
971, 929.501
972, 934.501
973, 929.501
974, 934.517
975, 935.534
976, 933.517
977, 932.517
978, 937.55
979, 935.55
980, 941.567
981, 935.534
982, 940.567
983, 942.583
984, 942.583
985, 945.616
986, 945.616
987, 948.633
988, 948.633
989, 949.633
990, 949.633
991, 950.65
992, 952.666
993, 952.683
994, 955.683
995, 949.666
996, 955.699
997, 954.699
998, 952.683
999, 956.699
1000, 956.716
1001, 958.732
1002, 960.732
1003, 961.749
1004, 964.765
1005, 963.782
1006, 967.798
1007, 961.765
1008, 965.782
1009, 966.798
1010, 966.782
1011, 970.815
1012, 969.815
1013, 971.831
1014, 970.831
1015, 974.848
1016, 972.848
1017, 976.864
1018, 977.881
1019, 975.864
1020, 975.864
1021, 977.881
1022, 977.881
1023, 976.881
1024, 977.881
1025, 981.914
1026, 978.897
1027, 983.93
1028, 985.947
1029, 988.964
1030, 990.98
1031, 988.964
1032, 989.98
1033, 991.997
1034, 990.98
1035, 991.997
1036, 995.013
1037, 994.013
1038, 991.997
1039, 994.013
1040, 996.03
1041, 1000.06
1042, 999.063
1043, 1002.06
1044, 1004.1
1045, 999.079
1046, 1003.08
1047, 1005.11
1048, 1006.11
1049, 1007.11
1050, 1010.15
1051, 1010.15
1052, 1011.15
1053, 1012.15
1054, 1012.16
1055, 1017.19
1056, 1013.18
1057, 1015.19
1058, 1017.21
1059, 1019.23
1060, 1020.21
1061, 1015.19
1062, 1020.23
1063, 1022.24
1064, 1026.28
1065, 1027.28
1066, 1024.28
1067, 1028.29
1068, 1026.28
1069, 1026.28
1070, 1032.33
1071, 1031.31
1072, 1034.33
1073, 1030.31
1074, 1034.34
1075, 1032.33
1076, 1036.36
1077, 1036.36
1078, 1039.38
1079, 1038.38
1080, 1042.41
1081, 1040.39
1082, 1042.39
1083, 1044.41
1084, 1044.43
1085, 1046.44
1086, 1044.43
1087, 1049.46
1088, 1047.44
1089, 1048.46
1090, 1051.48
1091, 1050.48
1092, 1051.49
1093, 1051.49
1094, 1053.49
1095, 1054.49
1096, 1055.53
1097, 1055.53
1098, 1057.54
1099, 1060.56
1100, 1057.54
1101, 1060.56
1102, 1062.57
1103, 1065.59
1104, 1062.59
1105, 1064.59
1106, 1065.61
1107, 1067.61
1108, 1067.61
1109, 1067.61
1110, 1068.62
1111, 1067.62
1112, 1067.62
1113, 1071.64
1114, 1068.64
1115, 1072.66
1116, 1075.67
1117, 1075.69
1118, 1075.67
1119, 1078.71
1120, 1077.69
1121, 1078.71
1122, 1080.72
1123, 1078.71
1124, 1078.72
1125, 1080.72
1126, 1080.74
1127, 1083.74
1128, 1083.76
1129, 1084.76
1130, 1086.77
1131, 1087.77
1132, 1085.76
1133, 1089.79
1134, 1089.81
1135, 1091.81
1136, 1093.82
1137, 1092.81
1138, 1093.84
1139, 1096.86
1140, 1099.87
1141, 1099.87
1142, 1098.87
1143, 1096.86
1144, 1097.87
1145, 1098.87
1146, 1098.89
1147, 1102.91
1148, 1101.92
1149, 1102.91
1150, 1104.92
1151, 1103.92
1152, 1104.92
1153, 1106.94
1154, 1110.97
1155, 1111.97
1156, 1108.96
1157, 1110.97
1158, 1116
1159, 1115
1160, 1115
1161, 1116.02
1162, 1118.02
1163, 1118.02
1164, 1122.05
1165, 1119.04
1166, 1123.07
1167, 1120.05
1168, 1124.09
1169, 1127.1
1170, 1124.09
1171, 1125.09
1172, 1127.1
1173, 1128.1
1174, 1132.14
1175, 1133.15
1176, 1130.14
1177, 1135.17
1178, 1134.17
1179, 1132.15
1180, 1135.17
1181, 1137.19
1182, 1139.2
1183, 1143.24
1184, 1141.2
1185, 1143.24
1186, 1143.24
1187, 1143.24
1188, 1144.24
1189, 1145.24
1190, 1148.27
1191, 1149.29
1192, 1149.29
1193, 1152.3
1194, 1152.29
1195, 1151.3
1196, 1152.32
1197, 1153.32
1198, 1153.32
1199, 1155.34
1200, 1158.35
1201, 1158.35
1202, 1156.35
1203, 1159.37
1204, 1159.37
1205, 1166.42
1206, 1164.42
1207, 1165.42
1208, 1161.38
1209, 1166.42
1210, 1165.42
1211, 1169.45
1212, 1172.47
1213, 1172.47
1214, 1174.48
1215, 1174.48
1216, 1174.48
1217, 1175.5
1218, 1175.5
1219, 1176.52
1220, 1178.53
1221, 1179.53
1222, 1180.53
1223, 1178.53
1224, 1184.57
1225, 1181.55
1226, 1183.57
1227, 1185.58
1228, 1185.58
1229, 1186.6
1230, 1186.58
1231, 1187.6
1232, 1187.6
1233, 1190.63
1234, 1190.63
1235, 1192.63
1236, 1192.65
1237, 1193.65
1238, 1191.65
1239, 1193.65
1240, 1195.67
1241, 1196.68
1242, 1193.67
1243, 1200.7
1244, 1199.7
1245, 1200.7
1246, 1199.7
1247, 1203.73
1248, 1204.73
1249, 1204.73
1250, 1205.76
1251, 1205.75
1252, 1204.73
1253, 1210.78
1254, 1208.78
1255, 1211.78
1256, 1211.8
1257, 1210.78
1258, 1211.8
1259, 1210.8
1260, 1216.83
1261, 1213.81
1262, 1215.83
1263, 1216.85
1264, 1225.9
1265, 1220.86
1266, 1220.86
1267, 1219.86
1268, 1222.88
1269, 1221.88
1270, 1221.88
1271, 1222.9
1272, 1226.93
1273, 1227.93
1274, 1227.93
1275, 1226.93
1276, 1227.93
1277, 1230.95
1278, 1232.96
1279, 1232.96
1280, 1233.98
1281, 1234.98
1282, 1232.98
1283, 1236
1284, 1238
1285, 1241.03
1286, 1242.03
1287, 1240.03
1288, 1237.01
1289, 1243.05
1290, 1242.05
1291, 1244.06
1292, 1247.08
1293, 1245.06
1294, 1250.11
1295, 1250.11
1296, 1250.1
1297, 1250.11
1298, 1252.13
1299, 1249.11
1300, 1249.11
1301, 1254.14
1302, 1255.14
1303, 1258.18
1304, 1259.18
1305, 1256.16
1306, 1259.18
1307, 1259.18
1308, 1263.21
1309, 1263.21
1310, 1264.23
1311, 1263.21
1312, 1264.21
1313, 1263.23
1314, 1269.28
1315, 1268.26
1316, 1270.28
1317, 1268.26
1318, 1271.29
1319, 1273.29
1320, 1274.29
1321, 1271.29
1322, 1271.29
1323, 1276.33
1324, 1278.34
1325, 1278.34
1326, 1279.34
1327, 1281.36
1328, 1279.36
1329, 1283.38
1330, 1284.39
1331, 1287.41
1332, 1283.38
1333, 1288.43
1334, 1288.43
1335, 1288.43
1336, 1290.44
1337, 1290.44
1338, 1291.44
1339, 1290.44
1340, 1294.46
1341, 1296.48
1342, 1296.48
1343, 1299.51
1344, 1298.51
1345, 1299.51
1346, 1304.54
1347, 1301.52
1348, 1301.52
1349, 1300.52
1350, 1305.56
1351, 1307.57
1352, 1305.56
1353, 1307.57
1354, 1309.59
1355, 1309.59
1356, 1310.61
1357, 1310.61
1358, 1310.61
1359, 1309.61
1360, 1308.59
1361, 1311.61
1362, 1312.62
1363, 1317.66
1364, 1313.66
1365, 1314.66
1366, 1320.67
1367, 1318.67
1368, 1318.67
1369, 1320.69
1370, 1322.71
1371, 1323.71
1372, 1323.72
1373, 1327.74
1374, 1327.76
1375, 1325.72
1376, 1325.72
1377, 1326.74
1378, 1331.77
1379, 1329.76
1380, 1328.76
1381, 1331.79
1382, 1335.81
1383, 1335.81
1384, 1334.81
1385, 1334.81
1386, 1334.81
1387, 1336.82
1388, 1334.82
1389, 1337.84
1390, 1341.86
1391, 1340.86
1392, 1342.87
1393, 1342.89
1394, 1342.87
1395, 1342.87
1396, 1346.91
1397, 1347.91
1398, 1347.91
1399, 1347.92
1400, 1345.91
1401, 1349.92
1402, 1351.94
1403, 1353.95
1404, 1350.94
1405, 1353.95
1406, 1356.97
1407, 1354.97
1408, 1356.97
1409, 1355.99
1410, 1358.99
1411, 1361.02
1412, 1360.02
1413, 1361.02
1414, 1360.02
1415, 1362.04
1416, 1364.04
1417, 1364.05
1418, 1369.07
1419, 1367.09
1420, 1368.09
1421, 1374.12
1422, 1370.1
1423, 1372.12
1424, 1375.12
1425, 1372.12
1426, 1374.14
1427, 1375.14
1428, 1378.15
1429, 1380.17
1430, 1378.17
1431, 1382.17
1432, 1381.19
1433, 1380.17
1434, 1385.22
1435, 1385.22
1436, 1385.22
1437, 1390.25
1438, 1387.24
1439, 1387.24
1440, 1387.24
1441, 1392.27
1442, 1391.27
1443, 1393.29
1444, 1393.29
1445, 1396.3
1446, 1393.29
1447, 1401.33
1448, 1397.32
1449, 1400.33
1450, 1401.33
1451, 1399.33
1452, 1401.35
1453, 1403.35
1454, 1401.35
1455, 1408.4
1456, 1406.38
1457, 1406.38
1458, 1405.38
1459, 1406.4
1460, 1408.4
1461, 1412.43
1462, 1411.43
1463, 1414.45
1464, 1413.45
1465, 1414.47
1466, 1416.47
1467, 1417.47
1468, 1417.48
1469, 1419.5
1470, 1421.52
1471, 1419.5
1472, 1423.53
1473, 1421.52
1474, 1421.52
1475, 1426.55
1476, 1427.57
1477, 1424.55
1478, 1427.57
1479, 1427.57
1480, 1428.58
1481, 1429.57
1482, 1432.62
1483, 1435.62
1484, 1432.6
1485, 1435.62
1486, 1437.63
1487, 1435.63
1488, 1432.63
1489, 1435.65
1490, 1441.67
1491, 1437.67
1492, 1441.68
1493, 1439.67
1494, 1443.68
1495, 1442.7
1496, 1445.71
1497, 1446.71
1498, 1448.73
1499, 1447.75
1500, 1447.73
1501, 1448.73
1502, 1448.73
1503, 1448.75
1504, 1452.76
1505, 1451.76
1506, 1454.78
1507, 1457.8
1508, 1453.78
1509, 1459.83
1510, 1454.8
1511, 1455.8
1512, 1458.81
1513, 1461.85
1514, 1460.85
1515, 1462.83
1516, 1463.86
1517, 1463.86
1518, 1465.88
1519, 1467.9
1520, 1468.9
1521, 1468.91
1522, 1468.9
1523, 1468.9
1524, 1474.95
1525, 1473.95
1526, 1473.95
1527, 1473.95
1528, 1474.95
1529, 1474.96
1530, 1479
1531, 1480
1532, 1482
1533, 1478.98
1534, 1483.01
1535, 1484.03
1536, 1483.03
1537, 1488.05
1538, 1484.03
1539, 1488.05
1540, 1488.06
1541, 1486.05
1542, 1490.08
1543, 1493.08
1544, 1493.09
1545, 1493.09
1546, 1493.09
1547, 1495.11
1548, 1495.13
1549, 1496.13
1550, 1501.16
1551, 1500.14
1552, 1504.18
1553, 1501.16
1554, 1503.18
1555, 1502.18
1556, 1504.19
1557, 1504.19
1558, 1509.23
1559, 1507.23
1560, 1508.21
1561, 1509.23
1562, 1509.24
1563, 1511.24
1564, 1513.26
1565, 1515.28
1566, 1515.28
1567, 1517.29
1568, 1516.29
1569, 1518.29
1570, 1517.29
1571, 1521.33
1572, 1521.33
1573, 1522.34
1574, 1522.34
1575, 1522.34
1576, 1525.36
1577, 1523.36
1578, 1525.38
1579, 1532.41
1580, 1527.39
1581, 1530.41
1582, 1530.41
1583, 1531.41
1584, 1533.43
1585, 1535.44
1586, 1536.44
1587, 1536.44
1588, 1537.46
1589, 1537.48
1590, 1538.48
1591, 1539.48
1592, 1540.49
1593, 1541.51
1594, 1546.54
1595, 1548.56
1596, 1545.54
1597, 1547.56
1598, 1548.56
1599, 1547.56
1600, 1549.56
1601, 1550.57
1602, 1554.59
1603, 1555.61
1604, 1553.61
1605, 1555.61
1606, 1557.62
1607, 1553.61
1608, 1554.61
1609, 1555.62
1610, 1559.64
1611, 1559.66
1612, 1560.66
1613, 1562.67
1614, 1562.67
1615, 1562.67
1616, 1564.71
1617, 1565.71
1618, 1565.71
1619, 1567.71
1620, 1568.72
1621, 1568.72
1622, 1569.72
1623, 1572.76
1624, 1571.76
1625, 1573.76
1626, 1573.77
1627, 1572.76
1628, 1576.79
1629, 1577.79
1630, 1577.81
1631, 1579.82
1632, 1580.82
1633, 1579.82
1634, 1582.84
1635, 1579.82
1636, 1583.86
1637, 1582.84
1638, 1582.84
1639, 1581.84
1640, 1586.87
1641, 1592.9
1642, 1588.89
1643, 1590.9
1644, 1592.92
1645, 1586.89
1646, 1593.92
1647, 1591.92
1648, 1591.9
1649, 1596.94
1650, 1595.95
1651, 1597.97
1652, 1596.95
1653, 1597.95
1654, 1596.95
1655, 1599.97
1656, 1603
1657, 1604.02
1658, 1607.04
1659, 1607.02
1660, 1606.04
1661, 1606.04
1662, 1607.04
1663, 1609.05
1664, 1612.07
1665, 1608.05
1666, 1610.07
1667, 1614.09
1668, 1613.09
1669, 1613.09
1670, 1616.12
1671, 1616.1
1672, 1621.14
1673, 1618.12
1674, 1615.1
1675, 1625.17
1676, 1621.15
1677, 1622.17
1678, 1626.19
1679, 1626.19
1680, 1623.17
1681, 1625.19
1682, 1628.2
1683, 1629.2
1684, 1632.24
1685, 1630.24
1686, 1626.22
1687, 1630.24
1688, 1631.24
1689, 1633.25
1690, 1636.28
1691, 1638.3
1692, 1637.28
1693, 1643.32
1694, 1640.32
1695, 1639.3
1696, 1638.3
1697, 1644.33
1698, 1648.35
1699, 1643.33
1700, 1644.33
1701, 1645.35
1702, 1648.38
1703, 1650.38
1704, 1652.4
1705, 1649.38
1706, 1655.42
1707, 1651.4
1708, 1655.45
1709, 1657.43
1710, 1656.43
1711, 1657.45
1712, 1657.45
1713, 1657.47
1714, 1657.45
1715, 1659.47
1716, 1663.5
1717, 1664.5
1718, 1662.5
1719, 1664.52
1720, 1670.55
1721, 1665.52
1722, 1665.52
1723, 1669.55
1724, 1672.57
1725, 1671.57
1726, 1672.58
1727, 1672.57
1728, 1675.6
1729, 1674.62
1730, 1676.6
1731, 1677.62
1732, 1676.62
1733, 1678.63
1734, 1681.65
1735, 1682.65
1736, 1683.65
1737, 1682.66
1738, 1686.68
1739, 1686.68
1740, 1682.66
1741, 1688.7
1742, 1685.68
1743, 1687.7
1744, 1689.71
1745, 1691.73
1746, 1693.73
1747, 1692.75
1748, 1690.71
1749, 1691.73
1750, 1695.76
1751, 1695.76
1752, 1697.78
1753, 1696.78
1754, 1698.8
1755, 1699.8
1756, 1701.81
1757, 1700.81
1758, 1704.83
1759, 1704.83
1760, 1703.83
1761, 1707.86
1762, 1704.85
1763, 1708.86
1764, 1707.86
1765, 1707.86
1766, 1710.88
1767, 1709.88
1768, 1712.9
1769, 1712.9
1770, 1715.91
1771, 1713.91
1772, 1718.95
1773, 1718.95
1774, 1719.96
1775, 1718.95
1776, 1718.95
1777, 1717.95
1778, 1718.96
1779, 1724
1780, 1720.98
1781, 1718.96
1782, 1724
1783, 1721.98
1784, 1722
1785, 1730.04
1786, 1728.03
1787, 1731.04
1788, 1729.04
1789, 1730.04
1790, 1733.06
1791, 1735.08
1792, 1734.08
1793, 1736.09
1794, 1738.09
1795, 1737.11
1796, 1737.11
1797, 1739.11
1798, 1738.11
1799, 1739.13
1800, 1741.14
1801, 1745.16
1802, 1743.14
1803, 1746.16
1804, 1746.18
1805, 1749.19
1806, 1744.16
1807, 1751.21
1808, 1753.23
1809, 1753.23
1810, 1747.19
1811, 1753.23
1812, 1751.23
1813, 1754.23
1814, 1758.28
1815, 1755.26
1816, 1758.29
1817, 1762.29
1818, 1759.28
1819, 1762.29
1820, 1761.31
1821, 1762.31
1822, 1768.36
1823, 1767.34
1824, 1768.36
1825, 1767.36
1826, 1769.36
1827, 1768.36
1828, 1770.38
1829, 1773.39
1830, 1774.39
1831, 1772.39
1832, 1775.41
1833, 1776.43
1834, 1780.44
1835, 1779.44
1836, 1780.46
1837, 1778.44
1838, 1782.47
1839, 1781.46
1840, 1784.47
1841, 1782.47
1842, 1784.49
1843, 1783.49
1844, 1789.52
1845, 1789.52
1846, 1792.54
1847, 1788.52
1848, 1789.54
1849, 1791.56
1850, 1794.57
1851, 1797.59
1852, 1796.59
1853, 1797.59
1854, 1798.61
1855, 1798.61
1856, 1800.62
1857, 1801.62
1858, 1799.62
1859, 1806.66
1860, 1804.66
1861, 1805.67
1862, 1804.66
1863, 1807.67
1864, 1806.67
1865, 1809.69
1866, 1808.69
1867, 1807.69
1868, 1811.71
1869, 1812.72
1870, 1814.74
1871, 1812.72
1872, 1815.74
1873, 1814.76
1874, 1815.74
1875, 1816.76
1876, 1817.76
1877, 1818.77
1878, 1820.79
1879, 1819.79
1880, 1823.81
1881, 1823.81
1882, 1823.81
1883, 1822.81
1884, 1827.84
1885, 1827.84
1886, 1824.82
1887, 1825.84
1888, 1829.85
1889, 1829.87
1890, 1830.87
1891, 1829.87
1892, 1832.89
1893, 1835.9
1894, 1833.89
1895, 1834.9
1896, 1836.92
1897, 1833.92
1898, 1836.92
1899, 1842.97
1900, 1840.95
1901, 1838.94
1902, 1840.95
1903, 1844.99
1904, 1844.99
1905, 1844.99
1906, 1849.02
1907, 1844.99
1908, 1846
1909, 1850.02
1910, 1847.02
1911, 1848.02
1912, 1853.05
1913, 1854.05
1914, 1854.05
1915, 1855.07
1916, 1855.07
1917, 1855.07
1918, 1857.1
1919, 1862.12
1920, 1859.12
1921, 1861.12
1922, 1859.1
1923, 1863.14
1924, 1864.14
1925, 1864.15
1926, 1866.15
1927, 1865.17
1928, 1870.2
1929, 1870.19
1930, 1867.17
1931, 1870.19
1932, 1870.19
1933, 1872.22
1934, 1875.23
1935, 1874.22
1936, 1873.22
1937, 1881.25
1938, 1878.25
1939, 1880.27
1940, 1883.28
1941, 1883.28
1942, 1886.32
1943, 1880.27
1944, 1880.28
1945, 1884.3
1946, 1887.33
1947, 1887.33
1948, 1889.35
1949, 1892.37
1950, 1889.37
1951, 1892.37
1952, 1889.37
1953, 1893.38
1954, 1890.37
1955, 1894.38
1956, 1895.4
1957, 1897.42
1958, 1895.4
1959, 1901.43
1960, 1900.43
1961, 1901.45
1962, 1899.42
1963, 1898.45
1964, 1903.47
1965, 1900.45
1966, 1906.5
1967, 1907.5
1968, 1911.52
1969, 1907.5
1970, 1906.5
1971, 1915.55
1972, 1910.52
1973, 1912.55
1974, 1914.55
1975, 1914.55
1976, 1917.58
1977, 1917.58
1978, 1917.58
1979, 1917.58
1980, 1922.61
1981, 1920.58
1982, 1922.61
1983, 1922.61
1984, 1922.63
1985, 1925.65
1986, 1928.68
1987, 1927.66
1988, 1929.68
1989, 1929.66
1990, 1932.7
1991, 1932.7
1992, 1934.71
1993, 1931.7
1994, 1932.71
1995, 1932.73
1996, 1932.71
1997, 1939.78
1998, 1934.73
1999, 1938.75
2000, 1937.76
2001, 1939.76
2002, 1940.76
2003, 1941.78
2004, 1943.78
2005, 1943.8
2006, 1945.81
2007, 1946.83
2008, 1947.81
2009, 1946.81
2010, 1947.83
2011, 1949.85
2012, 1949.85
2013, 1952.88
2014, 1949.86
2015, 1954.88
2016, 1955.9
2017, 1957.91
2018, 1953.88
2019, 1957.91
2020, 1957.91
2021, 1960.93
2022, 1957.91
2023, 1961.95
2024, 1961.95
2025, 1960.95
2026, 1964.96
2027, 1964.98
2028, 1965.98
2029, 1963.96
2030, 1968
2031, 1968
2032, 1969
2033, 1972.03
2034, 1972.03
2035, 1972.03
2036, 1972.03
2037, 1974.04
2038, 1976.06
2039, 1977.06
2040, 1977.06
2041, 1977.08
2042, 1978.09
2043, 1980.09
2044, 1983.13
2045, 1983.11
2046, 1984.13
2047, 1984.13
2048, 1986.14
2049, 1989.16
2050, 1988.16
2051, 1988.16
2052, 1990.18
2053, 1990.18
2054, 1994.21
2055, 1994.21
2056, 1995.23
2057, 1996.23
2058, 1998.24
2059, 1999.24
2060, 1998.26
2061, 1999.24
2062, 1999.26
2063, 2002.29
2064, 2001.28
2065, 2006.29
2066, 2006.33
2067, 2004.29
2068, 2004.31
2069, 2006.31
2070, 2007.33
2071, 2009.33
2072, 2012.36
2073, 2011.36
2074, 2012.36
2075, 2014.38
2076, 2012.36
2077, 2012.36
2078, 2018.41
2079, 2017.41
2080, 2017.41
2081, 2019.42
2082, 2018.42
2083, 2022.44
2084, 2024.46
2085, 2022.44
2086, 2025.46
2087, 2024.46
2088, 2027.47
2089, 2023.46
2090, 2028.49
2091, 2026.49
2092, 2031.52
2093, 2032.52
2094, 2038.57
2095, 2031.52
2096, 2036.56
2097, 2035.54
2098, 2035.56
2099, 2039.57
2100, 2039.57
2101, 2040.59
2102, 2041.59
2103, 2046.64
2104, 2045.64
2105, 2041.61
2106, 2043.62
2107, 2044.62
2108, 2046.64
2109, 2049.66
2110, 2051.67
2111, 2054.71
2112, 2056.71
2113, 2052.69
2114, 2052.69
2115, 2056.71
2116, 2055.71
2117, 2057.72
2118, 2053.71
2119, 2055.72
2120, 2060.74
2121, 2061.76
2122, 2061.77
2123, 2061.77
2124, 2061.77
2125, 2064.79
2126, 2065.79
2127, 2065.79
2128, 2066.8
2129, 2067.8
2130, 2068.82
2131, 2068.82
2132, 2072.85
2133, 2069.84
2134, 2072.85
2135, 2072.85
2136, 2075.87
2137, 2076.89
2138, 2079.89
2139, 2076.89
2140, 2080.9
2141, 2079.9
2142, 2082.94
2143, 2079.92
2144, 2081.94
2145, 2082.94
2146, 2085.97
2147, 2082.94
2148, 2083.94
2149, 2084.95
2150, 2088.99
2151, 2089.99
2152, 2088.99
2153, 2090
2154, 2087.99
2155, 2092
2156, 2092.02
2157, 2095.04
2158, 2093.02
2159, 2095.04
2160, 2096.05
2161, 2102.09
2162, 2100.07
2163, 2102.07
2164, 2099.07
2165, 2102.09
2166, 2101.09
2167, 2105.12
2168, 2104.1
2169, 2106.12
2170, 2105.12
2171, 2108.15
2172, 2108.14
2173, 2105.12
2174, 2108.14
2175, 2111.15
2176, 2109.15
2177, 2111.17
2178, 2115.2
2179, 2112.18
2180, 2114.18
2181, 2117.22
2182, 2116.22
2183, 2117.22
2184, 2120.23
2185, 2120.25
2186, 2122.25
2187, 2122.27
2188, 2124.28
2189, 2126.28
2190, 2127.3
2191, 2123.28
2192, 2130.33
2193, 2127.3
2194, 2132.33
2195, 2130.32
2196, 2132.35
2197, 2132.37
2198, 2133.35
2199, 2133.35
2200, 2134.37
2201, 2138.38
2202, 2138.38
2203, 2140.4
2204, 2143.42
2205, 2141.42
2206, 2144.45
2207, 2141.42
2208, 2142.42
2209, 2142.43
2210, 2146.47
2211, 2144.43
2212, 2149.48
2213, 2149.47
2214, 2149.5
2215, 2154.52
2216, 2154.53
2217, 2154.52
2218, 2155.53
2219, 2155.53
2220, 2155.55
2221, 2158.55
2222, 2160.56
2223, 2159.58
2224, 2161.58
2225, 2166.61
2226, 2162.6
2227, 2166.61
2228, 2167.61
2229, 2166.61
2230, 2167.63
2231, 2168.65
2232, 2173.66
2233, 2170.66
2234, 2171.66
2235, 2173.68
2236, 2177.7
2237, 2174.68
2238, 2178.71
2239, 2178.71
2240, 2179.73
2241, 2178.73
2242, 2178.71
2243, 2178.73
2244, 2180.75
2245, 2183.76
2246, 2183.76
2247, 2185.78
2248, 2185.78
2249, 2183.76
2250, 2183.78
2251, 2184.78
2252, 2188.81
2253, 2191.83
2254, 2190.83
2255, 2192.83
2256, 2195.86
2257, 2193.85
2258, 2193.86
2259, 2193.85
2260, 2194.85
2261, 2196.86
2262, 2201.91
2263, 2197.88
2264, 2199.9
2265, 2199.9
2266, 2201.91
2267, 2202.91
2268, 2201.91
2269, 2205.95
2270, 2202.93
2271, 2204.95
2272, 2207.96
2273, 2207.95
2274, 2207.96
2275, 2207.98
2276, 2210.98
2277, 2213.01
2278, 2210.99
2279, 2212.99
2280, 2213.01
2281, 2214.01
2282, 2216.03
2283, 2214.03
2284, 2217.04
2285, 2220.06
2286, 2221.06
2287, 2220.06
2288, 2220.06
2289, 2221.08
2290, 2224.09
2291, 2228.11
2292, 2226.11
2293, 2228.13
2294, 2231.13
2295, 2228.13
2296, 2227.13
2297, 2230.14
2298, 2230.14
2299, 2233.16
2300, 2232.16
2301, 2233.16
2302, 2235.19
2303, 2235.18
2304, 2239.21
2305, 2237.19
2306, 2240.23
2307, 2243.23
2308, 2242.24
2309, 2241.23
2310, 2242.24
2311, 2244.26
2312, 2245.28
2313, 2248.29
2314, 2248.29
2315, 2248.29
2316, 2246.29
2317, 2250.31
2318, 2249.31
2319, 2253.33
2320, 2255.34
2321, 2251.33
2322, 2254.34
2323, 2257.36
2324, 2256.36
2325, 2257.36
2326, 2261.39
2327, 2257.37
2328, 2261.39
2329, 2261.39
2330, 2261.39
2331, 2264.42
2332, 2265.44
2333, 2267.46
2334, 2269.46
2335, 2270.47
2336, 2268.47
2337, 2267.46
2338, 2270.47
2339, 2269.47
2340, 2273.49
2341, 2272.49
2342, 2274.52
2343, 2277.52
2344, 2273.51
2345, 2278.54
2346, 2280.54
2347, 2281.56
2348, 2282.57
2349, 2285.59
2350, 2285.61
2351, 2287.61
2352, 2287.61
2353, 2287.61
2354, 2287.61
2355, 2287.61
2356, 2292.66
2357, 2292.66
2358, 2287.62
2359, 2292.66
2360, 2291.64
2361, 2293.67
2362, 2295.69
2363, 2300.71
2364, 2296.69
2365, 2297.69
2366, 2295.69
2367, 2301.74
2368, 2301.74
2369, 2307.77
2370, 2300.75
2371, 2305.75
2372, 2305.75
2373, 2304.75
2374, 2309.79
2375, 2309.8
2376, 2307.79
2377, 2309.79
2378, 2308.79
2379, 2313.82
2380, 2315.84
2381, 2313.84
2382, 2314.84
2383, 2319.87
2384, 2313.84
2385, 2316.85
2386, 2318.87
2387, 2319.87
2388, 2321.89
2389, 2320.89
2390, 2322.9
2391, 2326.94
2392, 2324.94
2393, 2322.9
2394, 2324.92
2395, 2326.94
2396, 2329.95
2397, 2327.95
2398, 2329.97
2399, 2329.97
2400, 2332.99
2401, 2333.99
2402, 2332.99
2403, 2335
2404, 2336.04
2405, 2338.02
2406, 2338.02
2407, 2337.02
2408, 2338.04
2409, 2339.04
2410, 2343.07
2411, 2342.07
2412, 2344.09
2413, 2347.1
2414, 2345.09
2415, 2343.07
2416, 2345.09
2417, 2348.1
2418, 2349.12
2419, 2350.12
2420, 2351.13
2421, 2352.13
2422, 2353.15
2423, 2353.15
2424, 2355.18
2425, 2352.15
2426, 2357.18
2427, 2355.17
2428, 2358.2
2429, 2356.18
2430, 2360.22
2431, 2364.23
2432, 2360.22
2433, 2363.23
2434, 2362.22
2435, 2365.25
2436, 2363.23
2437, 2365.25
2438, 2366.27
2439, 2368.27
2440, 2371.3
2441, 2369.28
2442, 2375.32
2443, 2371.3
2444, 2370.3
2445, 2373.32
2446, 2376.33
2447, 2376.35
2448, 2378.35
2449, 2381.37
2450, 2379.37
2451, 2382.38
2452, 2381.38
2453, 2381.38
2454, 2382.38
2455, 2382.4
2456, 2386.42
2457, 2387.43
2458, 2387.43
2459, 2389.45
2460, 2388.45
2461, 2395.48
2462, 2390.45
2463, 2394.48
2464, 2394.48
2465, 2396.51
2466, 2397.51
2467, 2399.51
2468, 2395.51
2469, 2395.51
2470, 2400.53
2471, 2400.55
2472, 2402.55
2473, 2404.56
2474, 2403.56
2475, 2405.58
2476, 2406.6
2477, 2406.6
2478, 2410.61
2479, 2407.6
2480, 2406.6
2481, 2412.63
2482, 2413.63
2483, 2413.65
2484, 2416.68
2485, 2415.66
2486, 2415.66
2487, 2419.68
2488, 2419.7
2489, 2421.7
2490, 2421.73
2491, 2426.73
2492, 2428.76
2493, 2427.75
2494, 2427.76
2495, 2425.75
2496, 2427.75
2497, 2428.76
2498, 2429.78
2499, 2431.78
2500, 2431.78
2501, 2433.81
2502, 2434.81
2503, 2434.81
2504, 2433.81
2505, 2437.83
2506, 2436.83
2507, 2436.83
2508, 2437.85
2509, 2437.85
2510, 2439.86
2511, 2442.88
2512, 2441.88
2513, 2442.9
2514, 2444.9
2515, 2445.91
2516, 2447.91
2517, 2448.93
2518, 2449.93
2519, 2448.93
2520, 2447.93
2521, 2448.94
2522, 2449.94
2523, 2454.96
2524, 2453.98
2525, 2454.98
2526, 2458.01
2527, 2456.99
2528, 2458.01
2529, 2460.01
2530, 2461.03
2531, 2460.03
2532, 2462.03
2533, 2460.03
2534, 2463.04
2535, 2467.08
2536, 2463.06
2537, 2465.08
2538, 2466.08
2539, 2465.08
2540, 2467.09
2541, 2468.09
2542, 2470.11
2543, 2472.13
2544, 2469.11
2545, 2472.13
2546, 2474.14
2547, 2475.14
2548, 2476.16
2549, 2475.14
2550, 2477.16
2551, 2478.18
2552, 2479.19
2553, 2481.21
2554, 2480.19
2555, 2482.21
2556, 2481.19
2557, 2485.23
2558, 2486.24
2559, 2487.24
2560, 2486.24
2561, 2485.24
2562, 2487.24
2563, 2487.26
2564, 2489.28
2565, 2493.31
2566, 2493.29
2567, 2492.31
2568, 2494.32
2569, 2496.32
2570, 2495.32
2571, 2494.31
2572, 2501.36
2573, 2503.39
2574, 2502.37
2575, 2503.39
2576, 2504.39
2577, 2502.39
2578, 2506.41
2579, 2504.39
2580, 2507.42
2581, 2509.42
2582, 2509.44
2583, 2511.46
2584, 2511.44
2585, 2512.46
2586, 2513.47
2587, 2513.47
2588, 2512.47
2589, 2515.49
2590, 2517.49
2591, 2521.52
2592, 2518.51
2593, 2522.54
2594, 2521.54
2595, 2522.54
2596, 2518.52
2597, 2525.57
2598, 2525.57
2599, 2527.57
2600, 2525.57
2601, 2529.59
2602, 2531.62
2603, 2530.62
2604, 2533.64
2605, 2534.64
2606, 2535.64
2607, 2533.64
2608, 2537.66
2609, 2536.67
2610, 2537.67
2611, 2540.69
2612, 2537.67
2613, 2540.69
2614, 2544.72
2615, 2548.75
2616, 2545.74
2617, 2541.72
2618, 2544.74
2619, 2544.74
2620, 2548.75
2621, 2550.77
2622, 2550.77
2623, 2549.77
2624, 2550.79
2625, 2558.84
2626, 2555.82
2627, 2554.8
2628, 2554.8
2629, 2557.82
2630, 2555.82
2631, 2559.85
2632, 2562.87
2633, 2560.85
2634, 2565.89
2635, 2564.87
2636, 2561.87
2637, 2564.89
2638, 2564.89
2639, 2568.92
2640, 2564.89
2641, 2566.9
2642, 2568.92
2643, 2572.95
2644, 2571.94
2645, 2576.97
2646, 2576.99
2647, 2574.97
2648, 2573.97
2649, 2574.97
2650, 2573.97
2651, 2575.99
2652, 2577
2653, 2581.02
2654, 2580.02
2655, 2583.04
2656, 2577
2657, 2582.02
2658, 2583.04
2659, 2584.05
2660, 2588.07
2661, 2589.08
2662, 2590.1
2663, 2590.08
2664, 2591.1
2665, 2590.1
2666, 2593.12
2667, 2593.12
2668, 2593.12
2669, 2596.15
2670, 2596.15
2671, 2596.15
2672, 2595.12
2673, 2602.18
2674, 2603.18
2675, 2601.18
2676, 2606.22
2677, 2602.18
2678, 2601.18
2679, 2603.2
2680, 2605.22
2681, 2606.23
2682, 2610.25
2683, 2606.23
2684, 2607.25
2685, 2610.27
2686, 2610.25
2687, 2612.28
2688, 2613.27
2689, 2615.3
2690, 2615.3
2691, 2617.3
2692, 2617.32
2693, 2620.33
2694, 2621.35
2695, 2618.33
2696, 2622.35
2697, 2620.35
2698, 2622.35
2699, 2623.37
2700, 2628.4
2701, 2626.4
2702, 2630.42
2703, 2633.45
2704, 2633.45
2705, 2635.45
2706, 2631.43
2707, 2632.43
2708, 2631.43
2709, 2634.47
2710, 2639.5
2711, 2637.48
2712, 2639.5
2713, 2639.5
2714, 2642.51
2715, 2642.51
2716, 2643.53
2717, 2644.53
2718, 2644.55
2719, 2643.53
2720, 2645.55
2721, 2647.56
2722, 2649.56
2723, 2652.6
2724, 2651.6
2725, 2654.61
2726, 2654.61
2727, 2653.61
2728, 2653.61
2729, 2653.61
2730, 2656.63
2731, 2658.65
2732, 2657.65
2733, 2657.66
2734, 2661.68
2735, 2656.65
2736, 2659.68
2737, 2661.68
2738, 2666.71
2739, 2668.73
2740, 2667.71
2741, 2665.71
2742, 2670.75
2743, 2670.76
2744, 2669.75
2745, 2672.76
2746, 2673.78
2747, 2674.78
2748, 2674.8
2749, 2675.8
2750, 2678.81
2751, 2680.83
2752, 2679.83
2753, 2678.83
2754, 2680.83
2755, 2680.85
2756, 2681.85
2757, 2682.86
2758, 2683.86
2759, 2688.89
2760, 2681.86
2761, 2688.91
2762, 2689.91
2763, 2688.89
2764, 2691.91
2765, 2690.93
2766, 2691.93
2767, 2695.96
2768, 2694.96
2769, 2694.96
2770, 2698.98
2771, 2695.98
2772, 2697.98
2773, 2697.98
2774, 2700.99
2775, 2702.03
2776, 2703.03
2777, 2702.01
2778, 2701.01
2779, 2706.04
2780, 2707.06
2781, 2709.08
2782, 2712.08
2783, 2707.06
2784, 2709.06
2785, 2710.08
2786, 2709.08
2787, 2716.11
2788, 2710.09
2789, 2716.13
2790, 2718.13
2791, 2716.13
2792, 2718.13
2793, 2716.13
2794, 2721.16
2795, 2719.16
2796, 2721.18
2797, 2721.18
2798, 2721.18
2799, 2722.18
2800, 2722.18
2801, 2730.24
2802, 2726.21
2803, 2727.23
2804, 2724.21
2805, 2728.23
2806, 2730.24
2807, 2732.26
2808, 2732.26
2809, 2730.24
2810, 2733.27
2811, 2733.27
2812, 2733.26
2813, 2734.27
2814, 2741.32
2815, 2740.32
2816, 2738.31
2817, 2743.34
2818, 2742.34
2819, 2741.34
2820, 2744.36
2821, 2743.34
2822, 2744.36
2823, 2748.39
2824, 2746.37
2825, 2747.39
2826, 2749.41
2827, 2748.39
2828, 2750.42
2829, 2753.44
2830, 2753.42
2831, 2753.44
2832, 2757.46
2833, 2755.44
2834, 2755.46
2835, 2758.47
2836, 2759.47
2837, 2762.49
2838, 2763.51
2839, 2766.54
2840, 2766.54
2841, 2764.52
2842, 2764.52
2843, 2766.52
2844, 2771.57
2845, 2767.56
2846, 2771.57
2847, 2772.59
2848, 2773.59
2849, 2774.61
2850, 2776.62
2851, 2773.61
2852, 2776.62
2853, 2777.62
2854, 2780.65
2855, 2778.64
2856, 2780.64
2857, 2784.69
2858, 2784.69
2859, 2784.67
2860, 2785.69
2861, 2786.69
2862, 2786.7
2863, 2791.74
2864, 2788.72
2865, 2789.72
2866, 2791.77
2867, 2789.74
2868, 2794.77
2869, 2793.75
2870, 2794.77
2871, 2798.8
2872, 2797.79
2873, 2795.77
2874, 2798.8
2875, 2799.8
2876, 2799.8
2877, 2804.84
2878, 2801.84
2879, 2805.85
2880, 2803.84
2881, 2805.85
2882, 2806.87
2883, 2810.89
2884, 2810.9
2885, 2807.89
2886, 2809.9
2887, 2812.92
2888, 2810.92
2889, 2811.92
2890, 2814.94
2891, 2814.94
2892, 2815.95
2893, 2816.95
2894, 2816.95
2895, 2819.97
2896, 2820.99
2897, 2819.99
2898, 2822
2899, 2823.02
2900, 2822
2901, 2824
2902, 2825.02
2903, 2828.03
2904, 2830.05
2905, 2828.03
2906, 2833.08
2907, 2832.07
2908, 2830.07
2909, 2830.07
2910, 2835.1
2911, 2836.1
2912, 2833.08
2913, 2835.12
2914, 2837.12
2915, 2837.12
2916, 2841.15
2917, 2840.13
2918, 2843.17
2919, 2839.13
2920, 2841.15
2921, 2844.17
2922, 2843.17
2923, 2846.18
2924, 2845.18
2925, 2846.18
2926, 2847.2
2927, 2849.22
2928, 2848.22
2929, 2851.23
2930, 2849.23
2931, 2852.25
2932, 2854.25
2933, 2852.25
2934, 2853.25
2935, 2855.27
2936, 2859.3
2937, 2858.3
2938, 2859.3
2939, 2858.3
2940, 2859.32
2941, 2861.32
2942, 2862.32
2943, 2861.32
2944, 2862.33
2945, 2864.33
2946, 2863.35
2947, 2869.38
2948, 2867.37
2949, 2871.4
2950, 2869.38
2951, 2870.4
2952, 2869.38
2953, 2872.42
2954, 2875.43
2955, 2873.42
2956, 2877.43
2957, 2872.42
2958, 2877.45
2959, 2877.45
2960, 2875.45
2961, 2880.46
2962, 2884.5
2963, 2881.5
2964, 2883.5
2965, 2883.5
2966, 2884.51
2967, 2889.55
2968, 2888.55
2969, 2888.55
2970, 2890.56
2971, 2893.58
2972, 2893.58
2973, 2892.58
2974, 2895.6
2975, 2898.61
2976, 2896.61
2977, 2897.61
2978, 2901.65
2979, 2899.63
2980, 2897.61
2981, 2899.63
2982, 2902.65
2983, 2903.66
2984, 2904.68
2985, 2906.68
2986, 2904.66
2987, 2906.7
2988, 2907.7
2989, 2909.71
2990, 2911.73
2991, 2912.75
2992, 2913.75
2993, 2909.73
2994, 2914.75
2995, 2914.75
2996, 2915.76
2997, 2917.78
2998, 2919.8
2999, 2922.81
3000, 2921.81
3001, 2918.8
3002, 2920.81
3003, 2922.83
3004, 2923.83
3005, 2923.83
3006, 2926.86
3007, 2927.86
3008, 2928.86
3009, 2928.86
3010, 2927.86
3011, 2932.89
3012, 2934.91
3013, 2936.93
3014, 2933.91
3015, 2935.93
3016, 2936.93
3017, 2938.94
3018, 2936.94
3019, 2939.96
3020, 2939.96
3021, 2938.96
3022, 2942.98
3023, 2940.98
3024, 2942.99
3025, 2941.98
3026, 2946.01
3027, 2945.01
3028, 2949.03
3029, 2949.03
3030, 2953.06
3031, 2952.06
3032, 2954.06
3033, 2954.08
3034, 2953.06
3035, 2955.08
3036, 2953.09
3037, 2956.09
3038, 2957.11
3039, 2958.11
3040, 2960.13
3041, 2960.13
3042, 2960.13
3043, 2961.14
3044, 2961.13
3045, 2965.16
3046, 2965.16
3047, 2966.19
3048, 2968.19
3049, 2971.21
3050, 2966.19
3051, 2967.19
3052, 2969.19
3053, 2968.19
3054, 2973.22
3055, 2972.22
3056, 2974.24
3057, 2975.24
3058, 2976.26
3059, 2975.24
3060, 2980.27
3061, 2975.26
3062, 2979.29
3063, 2979.29
3064, 2982.31
3065, 2981.31
3066, 2982.31
3067, 2989.36
3068, 2987.34
3069, 2988.34
3070, 2985.34
3071, 2988.34
3072, 2989.37
3073, 2991.37
3074, 2989.39
3075, 2995.42
3076, 2996.42
3077, 2991.39
3078, 2996.42
3079, 2996.42
3080, 2999.44
3081, 2996.44
3082, 2999.44
3083, 3003.47
3084, 3003.49
3085, 3004.49
3086, 3003.49
3087, 3006.51
3088, 3005.51
3089, 3007.51
3090, 3010.54
3091, 3009.52
3092, 3011.54
3093, 3011.56
3094, 3014.57
3095, 3017.59
3096, 3015.57
3097, 3018.6
3098, 3017.59
3099, 3017.59
3100, 3017.6
3101, 3020.62
3102, 3023.64
3103, 3025.65
3104, 3022.64
3105, 3025.67
3106, 3024.65
3107, 3026.65
3108, 3026.67
3109, 3029.69
3110, 3026.67
3111, 3032.72
3112, 3030.72
3113, 3037.75
3114, 3032.72
3115, 3036.77
3116, 3035.74
3117, 3037.75
3118, 3034.75
3119, 3038.77
3120, 3040.79
3121, 3039.77
3122, 3040.79
3123, 3040.79
3124, 3043.82
3125, 3045.82
3126, 3046.84
3127, 3046.84
3128, 3047.84
3129, 3047.85
3130, 3049.85
3131, 3051.87
3132, 3050.89
3133, 3050.89
3134, 3055.92
3135, 3058.92
3136, 3057.92
3137, 3057.92
3138, 3059.94
3139, 3056.92
3140, 3062.97
3141, 3061.95
3142, 3062.97
3143, 3067
3144, 3063.99
3145, 3064.99
3146, 3062.97
3147, 3065
3148, 3064.99
3149, 3069.02
3150, 3070.02
3151, 3069.02
3152, 3072.03
3153, 3071.05
3154, 3072.05
3155, 3075.07
3156, 3072.05
3157, 3076.07
3158, 3077.08
3159, 3077.08
3160, 3079.1
3161, 3081.12
3162, 3080.12
3163, 3085.15
3164, 3082.13
3165, 3080.12
3166, 3085.15
3167, 3085.17
3168, 3086.17
3169, 3089.18
3170, 3086.17
3171, 3086.15
3172, 3092.22
3173, 3093.22
3174, 3093.22
3175, 3097.25
3176, 3096.23
3177, 3093.22
3178, 3094.23
3179, 3099.25
3180, 3097.25
3181, 3099.27
3182, 3100.27
3183, 3103.28
3184, 3101.28
3185, 3103.3
3186, 3106.3
3187, 3102.3
3188, 3107.33
3189, 3103.32
3190, 3106.33
3191, 3105.33
3192, 3108.35
3193, 3108.33
3194, 3112.37
3195, 3109.37
3196, 3114.38
3197, 3117.41
3198, 3115.4
3199, 3115.4
3200, 3117.41
3201, 3117.43
3202, 3121.45
3203, 3120.43
3204, 3122.45
3205, 3119.45
3206, 3124.45
3207, 3122.48
3208, 3126.5
3209, 3128.5
3210, 3132.53
3211, 3129.51
3212, 3129.51
3213, 3128.51
3214, 3132.53
3215, 3134.55
3216, 3133.55
3217, 3137.58
3218, 3136.56
3219, 3134.56
3220, 3136.58
3221, 3139.6
3222, 3140.6
3223, 3142.61
3224, 3140.61
3225, 3143.65
3226, 3144.65
3227, 3140.61
3228, 3147.66
3229, 3146.66
3230, 3149.68
3231, 3148.68
3232, 3149.68
3233, 3150.7
3234, 3155.71
3235, 3155.71
3236, 3155.73
3237, 3152.73
3238, 3155.73
3239, 3156.73
3240, 3156.73
3241, 3158.76
3242, 3161.78
3243, 3160.76
3244, 3166.81
3245, 3168.83
3246, 3166.81
3247, 3163.79
3248, 3161.79
3249, 3168.84
3250, 3171.86
3251, 3169.84
3252, 3172.86
3253, 3171.88
3254, 3173.88
3255, 3172.88
3256, 3172.88
3257, 3175.89
3258, 3177.91
3259, 3178.93
3260, 3180.93
3261, 3177.91
3262, 3179.93
3263, 3183.98
3264, 3183.96
3265, 3182.96
3266, 3182.96
3267, 3186.99
3268, 3186.98
3269, 3187.99
3270, 3187.99
3271, 3190.01
3272, 3193.03
3273, 3197.06
3274, 3193.04
3275, 3193.03
3276, 3196.06
3277, 3197.08
3278, 3197.06
3279, 3197.09
3280, 3199.08
3281, 3199.09
3282, 3200.09
3283, 3202.11
3284, 3201.11
3285, 3199.09
3286, 3203.13
3287, 3203.13
3288, 3209.16
3289, 3206.16
3290, 3209.16
3291, 3210.17
3292, 3212.19
3293, 3208.17
3294, 3213.19
3295, 3212.19
3296, 3210.17
3297, 3212.19
3298, 3214.21
3299, 3216.22
3300, 3219.24
3301, 3218.24
3302, 3220.26
3303, 3220.26
3304, 3222.26
3305, 3220.26
3306, 3222.27
3307, 3224.29
3308, 3222.27
3309, 3226.31
3310, 3228.32
3311, 3225.31
3312, 3226.31
3313, 3230.34
3314, 3229.32
3315, 3229.34
3316, 3229.34
3317, 3230.34
3318, 3230.34
3319, 3235.39
3320, 3234.37
3321, 3236.39
3322, 3238.41
3323, 3235.39
3324, 3239.42
3325, 3239.41
3326, 3241.42
3327, 3239.42
3328, 3242.44
3329, 3243.46
3330, 3245.47
3331, 3246.47
3332, 3247.47
3333, 3249.49
3334, 3247.49
3335, 3248.49
3336, 3251.51
3337, 3251.51
3338, 3254.54
3339, 3254.54
3340, 3256.55
3341, 3254.54
3342, 3257.55
3343, 3255.57
3344, 3259.57
3345, 3259.59
3346, 3258.57
3347, 3260.59
3348, 3264.62
3349, 3265.62
3350, 3266.64
3351, 3267.64
3352, 3268.65
3353, 3268.65
3354, 3267.65
3355, 3270.67
3356, 3271.67
3357, 3274.69
3358, 3275.72
3359, 3274.7
3360, 3279.74
3361, 3279.74
3362, 3279.75
3363, 3275.72
3364, 3280.75
3365, 3280.75
3366, 3281.77
3367, 3287.8
3368, 3282.79
3369, 3288.82
3370, 3284.79
3371, 3285.8
3372, 3287.82
3373, 3287.8
3374, 3292.85
3375, 3292.85
3376, 3296.87
3377, 3295.87
3378, 3294.87
3379, 3294.87
3380, 3296.89
3381, 3297.9
3382, 3299.9
3383, 3300.92
3384, 3300.92
3385, 3301.92
3386, 3303.94
3387, 3300.94
3388, 3306.97
3389, 3305.97
3390, 3306.97
3391, 3306.97
3392, 3307.97
3393, 3307.98
3394, 3310
3395, 3315.03
3396, 3313.02
3397, 3310
3398, 3313.02
3399, 3314.03
3400, 3318.05
3401, 3315.03
3402, 3316.05
3403, 3319.07
3404, 3321.08
3405, 3322.08
3406, 3323.1
3407, 3324.1
3408, 3323.1
3409, 3324.1
3410, 3324.1
3411, 3323.1
3412, 3327.13
3413, 3331.17
3414, 3333.17
3415, 3331.17
3416, 3331.17
3417, 3330.17
3418, 3331.17
3419, 3330.17
3420, 3334.18
3421, 3337.22
3422, 3336.2
3423, 3341.25
3424, 3338.22
3425, 3342.23
3426, 3339.23
3427, 3338.23
3428, 3343.27
3429, 3341.27
3430, 3348.3
3431, 3346.28
3432, 3350.3
3433, 3349.32
3434, 3351.33
3435, 3351.32
3436, 3352.32
3437, 3351.33
3438, 3350.32
3439, 3352.33
3440, 3351.33
3441, 3352.35
3442, 3356.36
3443, 3355.36
3444, 3357.38
3445, 3358.38
3446, 3358.38
3447, 3355.36
3448, 3360.4
3449, 3361.41
3450, 3362.41
3451, 3360.41
3452, 3364.43
3453, 3366.45
3454, 3364.45
3455, 3364.45
3456, 3368.46
3457, 3369.48
3458, 3370.48
3459, 3370.5
3460, 3370.5
3461, 3373.5
3462, 3374.51
3463, 3378.55
3464, 3376.53
3465, 3378.56
3466, 3379.55
3467, 3376.55
3468, 3380.56
3469, 3381.58
3470, 3380.58
3471, 3383.6
3472, 3387.61
3473, 3389.65
3474, 3382.6
3475, 3385.61
3476, 3388.63
3477, 3390.65
3478, 3389.66
3479, 3387.66
3480, 3389.66
3481, 3392.66
3482, 3392.68
3483, 3394.68
3484, 3396.71
3485, 3395.7
3486, 3398.73
3487, 3401.73
3488, 3398.71
3489, 3402.74
3490, 3402.76
3491, 3404.78
3492, 3405.78
3493, 3407.78
3494, 3406.78
3495, 3406.81
3496, 3410.81
3497, 3409.81
3498, 3409.81
3499, 3408.81
3500, 3412.83
3501, 3416.88
3502, 3413.84
3503, 3415.86
3504, 3416.86
3505, 3417.88
3506, 3417.88
3507, 3423.91
3508, 3419.89
3509, 3422.91
3510, 3423.93
3511, 3424.93
3512, 3425.94
3513, 3428.98
3514, 3428.98
3515, 3428.96
3516, 3429.98
3517, 3429.98
3518, 3433.99
3519, 3431.99
3520, 3434.01
3521, 3434.01
3522, 3435.03
3523, 3437.03
3524, 3436.03
3525, 3438.06
3526, 3438.04
3527, 3443.08
3528, 3444.09
3529, 3440.08
3530, 3445.09
3531, 3445.09
3532, 3445.11
3533, 3449.12
3534, 3449.12
3535, 3446.11
3536, 3450.14
3537, 3450.14
3538, 3449.14
3539, 3451.14
3540, 3450.14
3541, 3454.16
3542, 3455.19
3543, 3455.17
3544, 3455.19
3545, 3456.19
3546, 3459.21
3547, 3459.21
3548, 3460.22
3549, 3464.26
3550, 3460.22
3551, 3461.24
3552, 3462.24
3553, 3465.26
3554, 3468.27
3555, 3467.27
3556, 3468.31
3557, 3466.27
3558, 3468.29
3559, 3469.29
3560, 3475.34
3561, 3475.34
3562, 3471.32
3563, 3475.36
3564, 3475.36
3565, 3472.34
3566, 3475.34
3567, 3478.37
3568, 3481.39
3569, 3480.41
3570, 3481.41
3571, 3480.39
3572, 3482.41
3573, 3483.41
3574, 3484.42
3575, 3488.46
3576, 3487.46
3577, 3489.46
3578, 3488.46
3579, 3489.46
3580, 3488.47
3581, 3491.49
3582, 3493.5
3583, 3495.5
3584, 3494.5
3585, 3494.5
3586, 3496.52
3587, 3494.52
3588, 3500.55
3589, 3498.54
3590, 3499.54
3591, 3499.55
3592, 3501.55
3593, 3503.57
3594, 3502.57
3595, 3504.59
3596, 3507.6
3597, 3508.62
3598, 3507.62
3599, 3508.62
3600, 3509.62
3601, 3513.65
3602, 3511.64
3603, 3513.65
3604, 3515.69
3605, 3518.69
3606, 3516.69
3607, 3518.7
3608, 3517.7
3609, 3518.7
3610, 3520.72
3611, 3522.74
3612, 3522.74
3613, 3524.75
3614, 3523.75
3615, 3526.77
3616, 3523.75
3617, 3525.77
3618, 3528.79
3619, 3528.79
3620, 3529.8
3621, 3532.82
3622, 3532.82
3623, 3532.82
3624, 3534.82
3625, 3535.85
3626, 3538.87
3627, 3538.87
3628, 3537.85
3629, 3539.89
3630, 3541.9
3631, 3542.9
3632, 3544.92
3633, 3544.92
3634, 3545.93
3635, 3543.92
3636, 3545.93
3637, 3548.95
3638, 3552.98
3639, 3555
3640, 3553
3641, 3555
3642, 3551.98
3643, 3556.02
3644, 3557.02
3645, 3558.02
3646, 3560.05
3647, 3562.05
3648, 3562.05
3649, 3562.07
3650, 3565.08
3651, 3563.08
3652, 3560.05
3653, 3561.05
3654, 3567.1
3655, 3568.1
3656, 3569.12
3657, 3569.12
3658, 3571.13
3659, 3571.13
3660, 3571.13
3661, 3574.15
3662, 3572.15
3663, 3573.15
3664, 3575.18
3665, 3574.17
3666, 3577.18
3667, 3575.17
3668, 3578.18
3669, 3580.2
3670, 3584.23
3671, 3580.22
3672, 3583.23
3673, 3585.25
3674, 3586.27
3675, 3586.25
3676, 3589.28
3677, 3586.25
3678, 3588.27
3679, 3589.28
3680, 3590.3
3681, 3588.28
3682, 3593.31
3683, 3594.33
3684, 3593.31
3685, 3597.35
3686, 3596.33
3687, 3597.35
3688, 3596.35
3689, 3600.38
3690, 3599.36
3691, 3600.36
3692, 3604.4
3693, 3604.41
3694, 3601.38
3695, 3606.43
3696, 3603.4
3697, 3605.41
3698, 3608.43
3699, 3608.43
3700, 3609.45
3701, 3610.46
3702, 3609.45
3703, 3611.46
3704, 3614.48
3705, 3613.48
3706, 3614.48
3707, 3615.5
3708, 3618.51
3709, 3616.51
3710, 3620.53
3711, 3616.51
3712, 3621.55
3713, 3623.55
3714, 3623.56
3715, 3622.56
3716, 3627.6
3717, 3623.58
3718, 3624.58
3719, 3629.6
3720, 3628.6
3721, 3631.63
3722, 3632.63
3723, 3632.65
3724, 3632.63
3725, 3631.63
3726, 3634.65
3727, 3634.65
3728, 3636.66
3729, 3638.69
3730, 3636.68
3731, 3639.69
3732, 3639.69
3733, 3642.71
3734, 3641.71
3735, 3641.73
3736, 3647.76
3737, 3645.74
3738, 3646.76
3739, 3648.76
3740, 3649.78
3741, 3649.78
3742, 3654.81
3743, 3651.79
3744, 3653.81
3745, 3652.81
3746, 3652.79
3747, 3656.83
3748, 3657.84
3749, 3659.86
3750, 3661.88
3751, 3664.89
3752, 3663.89
3753, 3662.88
3754, 3662.88
3755, 3662.88
3756, 3663.89
3757, 3666.93
3758, 3667.93
3759, 3667.93
3760, 3668.93
3761, 3673.96
3762, 3671.96
3763, 3672.96
3764, 3675.99
3765, 3677.01
3766, 3678.01
3767, 3676.01
3768, 3678.01
3769, 3678.03
3770, 3682.04
3771, 3683.06
3772, 3682.04
3773, 3683.04
3774, 3683.06
3775, 3685.06
3776, 3684.06
3777, 3690.11
3778, 3691.11
3779, 3690.11
3780, 3689.11
3781, 3690.11
3782, 3693.12
3783, 3692.12
3784, 3693.12
3785, 3699.17
3786, 3694.14
3787, 3696.16
3788, 3698.17
3789, 3702.19
3790, 3702.21
3791, 3702.21
3792, 3703.22
3793, 3705.22
3794, 3702.21
3795, 3703.21
3796, 3704.22
3797, 3706.24
3798, 3706.24
3799, 3708.26
3800, 3706.24
3801, 3705.24
3802, 3710.27
3803, 3713.29
3804, 3710.27
3805, 3714.31
3806, 3713.31
3807, 3713.31
3808, 3716.32
3809, 3714.31
3810, 3718.34
3811, 3719.36
3812, 3718.34
3813, 3721.36
3814, 3720.36
3815, 3722.37
3816, 3723.37
3817, 3725.39
3818, 3722.39
3819, 3723.39
3820, 3728.42
3821, 3728.42
3822, 3727.41
3823, 3730.42
3824, 3731.44
3825, 3732.46
3826, 3733.46
3827, 3736.49
3828, 3733.47
3829, 3733.46
3830, 3736.49
3831, 3734.47
3832, 3741.52
3833, 3739.5
3834, 3737.5
3835, 3741.52
3836, 3741.52
3837, 3740.52
3838, 3743.54
3839, 3744.55
3840, 3748.57
3841, 3744.55
3842, 3748.59
3843, 3745.57
3844, 3746.57
3845, 3747.59
3846, 3750.6
3847, 3752.62
3848, 3750.62
3849, 3752.64
3850, 3750.62
3851, 3755.65
3852, 3758.67
3853, 3758.67
3854, 3759.69
3855, 3762.69
3856, 3764.72
3857, 3761.7
3858, 3764.72
3859, 3762.7
3860, 3765.72
3861, 3766.74
3862, 3768.75
3863, 3774.8
3864, 3766.74
3865, 3771.77
3866, 3772.79
3867, 3772.79
3868, 3774.8
3869, 3774.8
3870, 3776.8
3871, 3774.8
3872, 3782.84
3873, 3782.85
3874, 3774.82
3875, 3780.85
3876, 3783.87
3877, 3783.87
3878, 3785.88
3879, 3787.88
3880, 3783.88
3881, 3786.9
3882, 3791.93
3883, 3788.92
3884, 3790.93
3885, 3794.97
3886, 3794.97
3887, 3790.93
3888, 3792.95
3889, 3793.97
3890, 3794.97
3891, 3799
3892, 3801.02
3893, 3800
3894, 3801.03
3895, 3798
3896, 3803.03
3897, 3803.03
3898, 3804.05
3899, 3806.05
3900, 3805.05
3901, 3808.07
3902, 3810.07
3903, 3807.05
3904, 3811.08
3905, 3814.12
3906, 3814.1
3907, 3814.1
3908, 3815.13
3909, 3815.13
3910, 3813.13
3911, 3815.13
3912, 3816.15
3913, 3819.15
3914, 3818.17
3915, 3818.17
3916, 3822.18
3917, 3822.18
3918, 3822.18
3919, 3824.2
3920, 3823.2
3921, 3824.22
3922, 3826.23
3923, 3828.25
3924, 3828.23
3925, 3830.25
3926, 3831.26
3927, 3831.26
3928, 3832.26
3929, 3834.3
3930, 3837.31
3931, 3835.3
3932, 3837.31
3933, 3834.3
3934, 3835.31
3935, 3838.31
3936, 3837.31
3937, 3843.36
3938, 3841.35
3939, 3844.36
3940, 3844.36
3941, 3844.36
3942, 3844.36
3943, 3843.36
3944, 3844.38
3945, 3846.4
3946, 3848.4
3947, 3852.43
3948, 3848.41
3949, 3849.41
3950, 3853.45
3951, 3852.45
3952, 3854.45
3953, 3854.46
3954, 3855.46
3955, 3860.5
3956, 3859.5
3957, 3858.5
3958, 3859.5
3959, 3861.51
3960, 3861.51
3961, 3861.51
3962, 3862.53
3963, 3866.56
3964, 3864.55
3965, 3865.55
3966, 3866.55
3967, 3868.56
3968, 3869.6
3969, 3870.58
3970, 3872.6
3971, 3869.58
3972, 3875.63
3973, 3875.63
3974, 3874.63
3975, 3875.63
3976, 3875.63
3977, 3878.64
3978, 3879.66
3979, 3878.64
3980, 3882.68
3981, 3881.68
3982, 3883.69
3983, 3887.73
3984, 3884.71
3985, 3886.73
3986, 3885.73
3987, 3889.74
3988, 3891.76
3989, 3888.74
3990, 3888.74
3991, 3892.78
3992, 3894.79
3993, 3895.79
3994, 3897.81
3995, 3900.83
3996, 3896.81
3997, 3898.83
3998, 3899.83
3999, 3902.84
4000, 3903.86
4001, 3902.84
4002, 3903.88
4003, 3906.88
4004, 3906.89
4005, 3909.89
4006, 3908.91
4007, 3907.88
4008, 3908.89
4009, 3917.96
4010, 3911.93
4011, 3915.96
4012, 3912.94
4013, 3918.98
4014, 3917.98
4015, 3918.98
4016, 3915.96
4017, 3920.99
4018, 3917.98
4019, 3920.99
4020, 3924.04
4021, 3927.02
4022, 3925.02
4023, 3927.04
4024, 3923.02
4025, 3929.04
4026, 3930.06
4027, 3930.07
4028, 3931.07
4029, 3933.09
4030, 3933.09
4031, 3937.11
4032, 3935.11
4033, 3937.12
4034, 3934.11
4035, 3936.12
4036, 3940.16
4037, 3942.17
4038, 3940.16
4039, 3940.16
4040, 3942.19
4041, 3942.16
4042, 3945.19
4043, 3947.21
4044, 3943.19
4045, 3949.22
4046, 3949.22
4047, 3956.27
4048, 3949.22
4049, 3949.24
4050, 3951.24
4051, 3952.26
4052, 3951.24
4053, 3949.24
4054, 3953.27
4055, 3956.29
4056, 3956.29
4057, 3960.32
4058, 3962.32
4059, 3959.31
4060, 3957.31
4061, 3963.34
4062, 3960.32
4063, 3964.36
4064, 3963.34
4065, 3963.37
4066, 3964.36
4067, 3965.36
4068, 3965.36
4069, 3966.37
4070, 3968.37
4071, 3965.37
4072, 3963.36
4073, 3967.39
4074, 3968.39
4075, 3967.39
4076, 3969.39
4077, 3967.37
4078, 3966.36
4079, 3965.36
4080, 3964.36
4081, 3964.36
4082, 3967.37
4083, 3964.36
4084, 3970.41
4085, 3966.39
4086, 3968.39
4087, 3965.37
4088, 3965.37
4089, 3968.39
4090, 3963.36
4091, 3967.39
4092, 3969.39
4093, 3964.36
4094, 3966.37
4095, 3966.37
