120, 1.8922, 3.51, 3887, 17
121, 1.90644, 3.11734, 3918, 16
122, 1.92025, 3.85453, 3947, 16
123, 1.93465, 3.92226, 3973, 16
124, 1.94908, 4.21984, 4006, 16
125, 1.96385, 4.48368, 4035, 16
126, 1.97886, 4.52247, 4066, 16
127, 1.99433, 4.49903, 4093, 16
128, 2.00935, 4.90716, 4095, 16
129, 2.02554, 4.44481, 4095, 16
130, 2.04137, 4.93908, 4095, 16
131, 2.05782, 5.06474, 4095, 16
132, 2.0744, 4.80138, 4095, 16
133, 2.09106, 5.36348, 4095, 16
134, 2.10829, 5.36017, 4095, 16
135, 2.12595, 5.29801, 4095, 16
136, 2.14331, 5.76501, 4095, 16
137, 2.16139, 5.70113, 4095, 16
138, 2.17993, 5.61121, 4095, 16
139, 2.19862, 5.71784, 4095, 16
140, 2.21721, 6.09502, 4095, 16
141, 2.23662, 6.32995, 4095, 16
142, 2.25639, 6.30888, 4095, 16
143, 2.27676, 5.86483, 4095, 16
144, 2.29647, 6.42744, 4095, 16
145, 2.31703, 6.6565, 4095, 16
146, 2.33825, 6.62697, 4095, 16
147, 2.35956, 6.84567, 4095, 16
148, 2.38137, 7.03812, 4095, 16
149, 2.40389, 6.81298, 4095, 16
150, 2.42642, 7.14924, 4095, 16
151, 2.44943, 7.15103, 4095, 16
152, 2.47261, 7.69402, 4095, 16
153, 2.4967, 8.08154, 4095, 16
154, 2.52126, 7.79234, 4095, 16
155, 2.54634, 8.04117, 4095, 16
156, 2.57111, 8.76475, 4095, 16
157, 2.59717, 8.7879, 4095, 16
158, 2.62356, 8.83596, 4095, 16
159, 2.65149, 8.60817, 4095, 16
160, 2.67835, 9.06598, 4095, 16
161, 2.70702, 8.87608, 4095, 16
162, 2.73561, 9.10942, 4095, 16
163, 2.76517, 9.22475, 4095, 16
164, 2.79447, 9.93058, 4095, 16
165, 2.82508, 10.2326, 4095, 16
166, 2.85652, 10.3733, 4095, 16
167, 2.88878, 10.3353, 4095, 16
168, 2.92137, 10.8942, 4095, 16
169, 2.95408, 11.3276, 4095, 16
170, 2.98871, 11.3669, 4095, 16
171, 3.02362, 11.7724, 4095, 16
172, 3.05971, 11.8911, 4095, 16
173, 3.09695, 12.0198, 4095, 16
174, 3.13404, 12.4177, 4095, 16
175, 3.17311, 12.5968, 4095, 16
176, 3.21341, 11.8586, 4095, 16
177, 3.25286, 12.9442, 4095, 16
178, 3.29473, 13.0636, 4095, 16
179, 3.33758, 13.244, 4095, 16
180, 3.38182, 13.3469, 4095, 16
181, 3.42606, 14.1811, 4095, 16
182, 3.47239, 14.2007, 4095, 16
183, 3.52007, 14.2142, 4095, 16
184, 3.56798, 14.8848, 4095, 16
185, 3.61797, 15.5834, 4095, 16
186, 3.66953, 15.6891, 4095, 16
187, 3.72271, 16.0631, 4095, 16
188, 3.7767, 17.2752, 4095, 16
189, 3.83442, 16.0032, 4095, 16
190, 3.89272, 16.5225, 4095, 16
191, 3.95225, 17.107, 4095, 16
192, 4.01485, 17.2271, 4095, 16
193, 4.07749, 18.1787, 4095, 16
194, 4.14315, 18.262, 4095, 16
195, 4.21223, 18.2126, 4095, 16
196, 4.28258, 18.7954, 4095, 16
197, 4.35317, 19.4793, 4095, 16
198, 4.42873, 20.2642, 4095, 16
199, 4.50533, 21.0438, 4095, 16
200, 4.58636, 21.0941, 4095, 16
201, 4.6682, 22.0009, 4095, 16
202, 4.75444, 22.0041, 4095, 16
203, 4.84359, 23.107, 4095, 16
204, 4.9354, 23.9348, 4095, 16
205, 5.03264, 24.4733, 4095, 16
206, 5.13063, 26.1208, 4095, 16
207, 5.24057, 24.8421, 4095, 16
208, 5.34976, 25.4078, 4095, 16
209, 5.46179, 27.2046, 4095, 16
210, 5.58099, 28.276, 4095, 16
211, 5.70367, 28.7341, 4095, 16
212, 5.83398, 28.1563, 4095, 16
213, 5.96927, 29.2013, 4095, 16
214, 6.10864, 30.9551, 4095, 16
215, 6.26589, 28.3335, 4095, 16
216, 6.40822, 33.9613, 4095, 16
217, 6.57675, 33.7402, 4095, 16
218, 6.75139, 33.6802, 4095, 16
219, 6.92709, 36.5279, 4095, 16
220, 7.1216, 37.6696, 4095, 16
221, 7.32542, 37.9784, 4095, 16
222, 7.54127, 38.2915, 4095, 16
223, 7.77384, 38.0846, 4095, 16
224, 8.01502, 42.3282, 4095, 16
225, 8.26867, 45.0633, 4095, 16
226, 8.55035, 44.1515, 4095, 16
227, 8.84182, 46.3085, 4095, 16
228, 9.15042, 49.5858, 4095, 16
229, 9.48397, 52.6446, 4095, 16
230, 9.84402, 54.5223, 4095, 16
231, 10.24, 55.2041, 4095, 16
232, 10.6808, 57.2303, 4095, 16
233, 11.1259, 60.1124, 4095, 16
234, 11.6298, 63.6553, 4095, 16
235, 12.1697, 66.8735, 4095, 16
236, 12.7781, 71.2054, 4095, 16
237, 13.4284, 76.2342, 4095, 16
238, 14.1895, 77.1703, 4095, 16
239, 15.0216, 80.0798, 4095, 16
240, 15.9742, 91.9767, 4095, 16
241, 17.0282, 95.8167, 4095, 16
242, 18.2567, 101.08, 4095, 16
243, 19.6544, 109.962, 4095, 16
244, 21.2164, 122.153, 4095, 16
245, 23.1638, 132.545, 4095, 16
246, 25.4285, 145.549, 4095, 16
247, 28.1474, 158.877, 4095, 16
248, 31.7242, 169.752, 4095, 16
249, 35.9894, 203.761, 4095, 16
250, 42.251, 224.723, 4095, 16
251, 48.9167, 311.666, 4095, 16
252, 60.3559, 404.212, 4095, 16
253, 80.0514, 496.505, 4095, 16
254, 117.834, 732.474, 4095, 16
