0, -67.0433
1, -56.9901
2, -63.022
3, -65.0327
4, -65.0327
5, -69.0327
6, -63.022
7, -56.9901
8, -65.0327
9, -67.0433
10, -67.0433
11, -64.022
12, -65.0327
13, -65.0327
14, -69.054
15, -65.0327
16, -66.0327
17, -61.0114
18, -63.022
19, -71.0646
20, -63.022
21, -68.0433
22, -65.0327
23, -63.022
24, -65.0327
25, -63.022
26, -66.0327
27, -63.022
28, -67.0433
29, -63.022
30, -73.0753
31, -65.0327
32, -63.022
33, -68.0327
34, -66.0327
35, -63.022
36, -63.022
37, -63.022
38, -65.0327
39, -67.0433
40, -63.022
41, -67.0433
42, -63.022
43, -68.0327
44, -56.9901
45, -65.0327
46, -68.0433
47, -63.022
48, -64.022
49, -65.0327
50, -65.0327
51, -70.0327
52, -67.0433
53, -59.0007
54, -65.0327
55, -65.0327
56, -67.0433
57, -69.054
58, -63.022
59, -65.0327
60, -67.0433
61, -63.022
62, -61.0114
63, -65.0327
64, -65.0327
65, -67.0433
66, -65.0327
67, -61.0114
68, -66.0327
69, -61.0114
70, -65.0327
71, -67.0433
72, -63.022
73, -71.0646
74, -63.022
75, -63.022
76, -65.0327
77, -65.0327
78, -66.0327
79, -66.0327
80, -66.0327
81, -73.0753
82, -61.0114
83, -65.0327
84, -65.0327
85, -63.022
86, -66.0327
87, -63.022
88, -63.022
89, -67.0327
90, -63.022
91, -67.0433
92, -65.022
93, -67.0433
94, -65.0327
95, -65.0327
96, -67.0433
97, -63.022
98, -65.0327
99, -65.0327
100, -66.0327
101, -61.0114
102, -67.0433
103, -73.054
104, -59.0007
105, -65.0327
106, -65.0327
107, -67.0327
108, -65.0327
109, -67.0433
110, -67.0433
111, -59.0007
112, -63.022
113, -64.022
114, -65.0327
115, -63.022
116, -65.0327
117, -65.0327
118, -65.0327
119, -64.022
120, -67.0327
121, -63.022
122, -56.9901
123, -65.0327
124, -65.0327
125, -73.0753
126, -67.0433
127, -67.0433
128, -67.0327
129, -65.0327
130, -65.0327
131, -65.0327
132, -69.054
133, -65.0327
134, -56.9901
135, -65.0327
136, -66.0327
137, -65.0327
138, -65.0327
139, -65.0327
140, -67.0433
141, -60.0007
142, -67.0433
143, -63.022
144, -65.0327
145, -63.022
146, -65.0327
147, -65.0327
148, -64.022
149, -69.054
150, -63.022
151, -65.0327
152, -67.0327
153, -67.0433
154, -67.0327
155, -63.022
156, -61.0114
157, -65.0327
158, -65.0327
159, -65.0327
160, -66.0327
161, -71.0646
162, -65.0327
163, -67.022
164, -63.022
165, -67.0433
166, -63.022
167, -65.0327
168, -69.054
169, -65.0327
170, -65.0327
171, -67.022
172, -73.0753
173, -63.022
174, -65.0327
175, -67.0433
176, -63.022
177, -63.022
178, -63.022
179, -66.0327
180, -65.0327
181, -65.0327
182, -67.0433
183, -67.0433
184, -65.0327
185, -67.0433
186, -65.0327
187, -65.0327
188, -65.0327
189, -68.0433
190, -65.0327
191, -63.022
192, -61.0114
193, -65.0327
194, -67.0433
195, -65.0327
196, -67.0433
197, -65.0327
198, -65.0327
199, -68.0327
200, -67.0433
201, -67.0433
202, -67.0433
203, -66.0327
204, -60.0007
205, -63.022
206, -66.0327
207, -70.0327
208, -67.0433
209, -68.0433
210, -64.022
211, -67.0433
212, -63.022
213, -65.0327
214, -65.0327
215, -63.0114
216, -65.0327
217, -60.0007
218, -63.022
219, -68.0433
220, -62.0114
221, -70.0327
222, -65.0327
223, -65.0327
224, -66.0327
225, -63.022
226, -65.0327
227, -67.0433
228, -67.0433
229, -61.0114
230, -65.0327
231, -65.0327
232, -65.0327
233, -65.0327
234, -67.0433
235, -65.0327
236, -65.0327
237, -67.0327
238, -67.0433
239, -67.0433
240, -65.0327
241, -65.0327
242, -61.0114
243, -65.0327
244, -71.0646
245, -71.0646
246, -63.022
247, -65.0327
248, -72.0433
249, -67.0433
250, -65.0327
251, -67.0433
252, -67.0433
253, -71.0646
254, -65.0327
255, -65.022
256, -63.022
257, -65.0327
258, -65.0327
259, -65.0327
260, -65.0327
261, -65.0327
262, -65.0327
263, -66.0327
264, -69.0327
265, -65.0327
266, -65.0327
267, -65.0327
268, -63.022
269, -69.054
270, -65.0327
271, -67.0433
272, -63.022
273, -71.0646
274, -65.0327
275, -63.022
276, -65.0327
277, -64.0007
278, -65.0327
279, -65.0327
280, -65.0327
281, -65.0327
282, -64.022
283, -63.022
284, -65.0327
285, -67.0433
286, -63.022
287, -63.022
288, -69.0433
289, -68.0433
290, -65.0327
291, -66.0327
292, -66.0327
293, -65.0327
294, -65.0327
295, -65.0327
296, -67.0433
297, -56.9901
298, -63.022
299, -67.0433
300, -65.0327
301, -61.0114
302, -69.054
303, -65.0327
304, -65.0327
305, -68.0433
306, -63.022
307, -65.0327
308, -63.022
309, -65.0327
310, -66.0327
311, -67.0433
312, -59.0007
313, -67.0433
314, -65.022
315, -65.0327
316, -61.0114
317, -63.022
318, -65.0327
319, -67.0433
320, -65.0327
321, -65.0327
322, -65.0327
323, -63.022
324, -67.0433
325, -67.0433
326, -67.0433
327, -64.022
328, -69.054
329, -67.0433
330, -68.0433
331, -72.0433
332, -66.0327
333, -59.0007
334, -67.0433
335, -65.0327
336, -67.0433
337, -70.054
338, -67.0433
339, -69.054
340, -67.0433
341, -67.0433
342, -61.0114
343, -67.0433
344, -70.054
345, -65.0327
346, -69.054
347, -65.0327
348, -67.0327
349, -71.0646
350, -63.022
351, -67.0433
352, -68.0433
353, -66.0327
354, -63.022
355, -65.0327
356, -67.0433
357, -66.0327
358, -69.054
359, -67.0433
360, -65.0327
361, -70.054
362, -64.022
363, -65.0327
364, -67.0433
365, -67.0433
366, -59.0007
367, -68.0327
368, -65.0327
369, -66.0327
370, -66.0327
371, -67.0433
372, -65.0327
373, -67.022
374, -73.0753
375, -59.0007
376, -65.0327
377, -65.0327
378, -65.0327
379, -68.0433
380, -67.0433
381, -67.0433
382, -79.0859
383, -63.022
384, -67.0433
385, -63.022
386, -65.0327
387, -69.054
388, -63.022
389, -67.0433
390, -65.0327
391, -65.0327
392, -63.022
393, -65.0327
394, -67.0433
395, -61.0114
396, -65.0327
397, -69.054
398, -67.0433
399, -67.0433
400, -73.0753
401, -65.0327
402, -65.0327
403, -67.022
404, -68.0433
405, -63.022
406, -60.0007
407, -65.0327
408, -67.0327
409, -59.0007
410, -65.0327
411, -65.0327
412, -67.0433
413, -59.0007
414, -65.0327
415, -70.0433
416, -67.0433
417, -65.0327
418, -63.022
419, -69.0327
420, -71.0646
421, -67.0433
422, -65.0327
423, -71.0433
424, -75.0859
425, -67.0433
426, -67.022
427, -67.0433
428, -65.0327
429, -65.0327
430, -67.0433
431, -65.0327
432, -65.0327
433, -65.0327
434, -63.0007
435, -65.0327
436, -65.0327
437, -65.0327
438, -67.0433
439, -65.0327
440, -65.0327
441, -70.0327
442, -67.0433
443, -65.0327
444, -67.0433
445, -68.0433
446, -73.0753
447, -65.0327
448, -65.0327
449, -65.0327
450, -65.022
451, -73.0753
452, -67.0433
453, -63.022
454, -68.0327
455, -65.0327
456, -67.0433
457, -65.0327
458, -61.0114
459, -63.022
460, -65.0327
461, -69.054
462, -68.0433
463, -73.0753
464, -59.0007
465, -65.0327
466, -66.0327
467, -70.054
468, -67.0433
469, -63.022
470, -65.0327
471, -63.022
472, -63.022
473, -65.0327
474, -63.022
475, -71.0646
476, -67.0433
477, -67.0433
478, -63.022
479, -69.054
480, -65.0327
481, -63.022
482, -68.0433
483, -65.0327
484, -65.0327
485, -61.0114
486, -67.0433
487, -65.0327
488, -67.0433
489, -65.0327
490, -65.0327
491, -67.0433
492, -66.0327
493, -64.022
494, -65.0327
495, -68.0433
496, -64.022
497, -61.0114
498, -65.0327
499, -63.022
500, -70.0433
501, -57.9901
502, -65.0327
503, -67.0433
504, -65.0327
505, -67.0433
506, -67.0433
507, -67.0433
508, -68.0433
509, -59.0007
510, -63.022
511, -67.0433
512, -65.0327
513, -56.9901
514, -65.0327
515, -67.0433
516, -67.0433
517, -67.0327
518, -65.0327
519, -65.0327
520, -67.0433
521, -71.0646
522, -67.0433
523, -63.022
524, -70.0327
525, -67.0433
526, -63.022
527, -67.0433
528, -66.022
529, -65.0327
530, -65.0327
531, -65.0327
532, -59.0007
533, -71.0646
534, -65.0327
535, -66.0327
536, -63.022
537, -67.0433
538, -67.0433
539, -65.0327
540, -67.0327
541, -67.0433
542, -67.0327
543, -66.0327
544, -68.0327
545, -63.022
546, -63.022
547, -65.0327
548, -65.0327
549, -65.0327
550, -65.0327
551, -63.022
552, -63.022
553, -69.054
554, -63.022
555, -65.0327
556, -67.0433
557, -63.022
558, -61.0114
559, -67.0433
560, -65.0327
561, -68.0433
562, -61.0114
563, -65.0327
564, -65.0327
565, -66.0327
566, -67.0433
567, -63.022
568, -67.0433
569, -63.022
570, -65.0327
571, -65.0327
572, -65.0327
573, -73.0753
574, -67.0433
575, -65.0327
576, -67.0327
577, -67.0433
578, -65.0327
579, -67.0433
580, -66.0327
581, -70.054
582, -67.0433
583, -63.022
584, -72.0433
585, -65.0327
586, -63.022
587, -63.022
588, -65.0327
589, -65.0327
590, -65.0327
591, -63.022
592, -65.0327
593, -63.022
594, -65.0327
595, -65.0327
596, -63.022
597, -56.9901
598, -67.0433
599, -65.0327
600, -65.0327
601, -65.0327
602, -62.0114
603, -65.0327
604, -65.0327
605, -67.0433
606, -63.022
607, -65.0327
608, -67.0433
609, -65.0327
610, -65.0327
611, -67.0433
612, -71.0646
613, -63.022
614, -67.0433
615, -68.0327
616, -57.9901
617, -63.022
618, -67.0433
619, -69.0433
620, -67.0433
621, -65.0327
622, -63.022
623, -65.0327
624, -65.0327
625, -65.0327
626, -67.0433
627, -65.0327
628, -67.0433
629, -65.0327
630, -63.022
631, -59.0007
632, -65.022
633, -67.0433
634, -65.0327
635, -65.0114
636, -69.054
637, -63.022
638, -65.0327
639, -69.054
640, -69.054
641, -67.0433
642, -67.0433
643, -66.0327
644, -59.0007
645, -63.022
646, -65.0327
647, -65.0327
648, -65.0327
649, -66.0327
650, -65.0327
651, -64.0114
652, -67.0433
653, -65.0327
654, -65.0327
655, -61.0114
656, -65.0327
657, -65.0327
658, -67.0433
659, -67.0433
660, -69.054
661, -66.0327
662, -63.022
663, -65.0327
664, -67.0433
665, -59.0007
666, -65.0327
667, -68.0433
668, -60.0007
669, -65.0327
670, -63.022
671, -67.0433
672, -65.0327
673, -63.022
674, -65.0327
675, -67.0433
676, -65.0327
677, -67.0433
678, -67.0433
679, -67.0433
680, -65.0327
681, -61.0114
682, -63.022
683, -67.0327
684, -67.0433
685, -65.0327
686, -65.0327
687, -67.022
688, -63.022
689, -65.0327
690, -65.0327
691, -67.0433
692, -67.0433
693, -63.022
694, -67.0433
695, -67.0433
696, -67.0433
697, -67.0433
698, -64.022
699, -67.0433
700, -65.0327
701, -65.0327
702, -71.0433
703, -66.0327
704, -67.0433
705, -65.0327
706, -65.0327
707, -65.0327
708, -63.022
709, -67.0433
710, -70.0327
711, -67.0433
712, -65.0327
713, -65.0327
714, -72.0433
715, -57.9901
716, -63.022
717, -67.0433
718, -67.0433
719, -71.0646
720, -65.0327
721, -65.0327
722, -73.0753
723, -67.0433
724, -65.0327
725, -71.0433
726, -69.054
727, -65.0327
728, -65.0327
729, -65.0327
730, -63.022
731, -63.022
732, -67.0433
733, -65.0327
734, -65.0327
735, -65.0327
736, -69.0327
737, -61.0114
738, -63.022
739, -65.0327
740, -68.0433
741, -64.022
742, -65.0327
743, -67.0433
744, -71.0646
745, -67.0433
746, -67.0433
747, -65.0327
748, -64.022
749, -65.0327
750, -63.022
751, -67.0433
752, -65.0327
753, -69.0327
754, -71.0646
755, -65.0327
756, -67.0433
757, -72.0433
758, -65.0327
759, -62.0114
760, -67.0433
761, -66.0327
762, -65.0327
763, -67.0433
764, -67.0433
765, -65.0327
766, -71.0646
767, -66.0327
768, -65.0327
769, -65.0327
770, -61.0114
771, -65.0327
772, -65.0327
773, -73.0753
774, -65.0327
775, -65.0327
776, -70.0327
777, -61.0114
778, -65.0327
779, -65.0327
780, -66.0327
781, -67.0433
782, -65.0327
783, -70.0433
784, -56.9901
785, -67.0433
786, -63.022
787, -65.0327
788, -65.0327
789, -67.0327
790, -67.0433
791, -69.054
792, -65.0327
793, -68.0327
794, -67.0433
795, -65.0327
796, -63.022
797, -65.0327
798, -65.0327
799, -69.054
800, -65.0327
801, -65.0327
802, -65.0327
803, -67.0433
804, -65.0327
805, -65.0327
806, -65.0114
807, -59.0007
808, -65.0327
809, -63.022
810, -63.022
811, -63.022
812, -63.022
813, -67.0327
814, -69.054
815, -67.0433
816, -65.0327
817, -65.0327
818, -59.0007
819, -63.022
820, -67.0433
821, -70.0327
822, -56.9901
823, -69.054
824, -65.0327
825, -71.0646
826, -56.9901
827, -63.022
828, -65.0327
829, -69.0433
830, -65.0327
831, -65.0327
832, -63.022
833, -69.054
834, -67.0327
835, -65.0327
836, -67.0433
837, -67.0433
838, -67.0433
839, -63.022
840, -66.0114
841, -65.0327
842, -65.0327
843, -65.0327
844, -65.0327
845, -65.0327
846, -63.022
847, -68.0433
848, -65.0327
849, -65.0327
850, -65.0327
851, -67.0433
852, -65.0327
853, -68.0433
854, -69.0433
855, -61.0114
856, -65.0327
857, -65.0327
858, -65.0327
859, -67.0433
860, -68.0433
861, -70.0327
862, -59.0007
863, -65.0327
864, -65.0327
865, -68.0433
866, -61.0114
867, -65.0327
868, -65.0327
869, -59.0007
870, -63.022
871, -66.0327
872, -71.0646
873, -65.0327
874, -65.022
875, -61.0114
876, -66.0327
877, -69.0327
878, -69.054
879, -73.0753
880, -65.0327
881, -65.0327
882, -62.0114
883, -67.0433
884, -64.022
885, -65.0327
886, -69.054
887, -65.0327
888, -65.0327
889, -65.0327
890, -65.0327
891, -63.022
892, -63.022
893, -67.0433
894, -73.054
895, -71.0646
896, -65.0327
897, -65.0327
898, -65.0327
899, -63.022
900, -65.0327
901, -63.022
902, -67.0433
903, -69.054
904, -65.0327
905, -68.0327
906, -61.0114
907, -63.022
908, -61.0114
909, -67.0433
910, -56.9901
911, -66.0327
912, -63.022
913, -63.0114
914, -63.022
915, -63.022
916, -65.0327
917, -65.0327
918, -63.022
919, -67.0433
920, -65.0327
921, -65.0327
922, -68.0433
923, -64.022
924, -65.0327
925, -61.0114
926, -65.0327
927, -63.022
928, -64.022
929, -66.0327
930, -67.022
931, -63.022
932, -65.0327
933, -65.0327
934, -69.0327
935, -63.022
936, -65.0327
937, -65.0327
938, -64.022
939, -56.9901
940, -65.0327
941, -67.0433
942, -65.0327
943, -63.022
944, -67.0327
945, -66.0327
946, -65.0327
947, -69.0433
948, -65.0327
949, -67.0433
950, -61.0114
951, -65.0327
952, -65.0327
953, -66.0327
954, -59.0007
955, -65.0327
956, -63.022
957, -65.0327
958, -72.0646
959, -65.0327
960, -67.0433
961, -65.0327
962, -64.022
963, -63.022
964, -65.0327
965, -63.022
966, -61.0007
967, -65.0327
968, -65.0327
969, -64.022
970, -71.0646
971, -65.0327
972, -65.0327
973, -68.0327
974, -59.0007
975, -65.0327
976, -67.0433
977, -64.022
978, -67.0433
979, -66.0327
980, -63.022
981, -68.0327
982, -59.0007
983, -65.0327
984, -67.0433
985, -65.0327
986, -59.0007
987, -61.0114
988, -65.0327
989, -67.0327
990, -61.0114
991, -63.022
992, -65.0327
993, -67.0433
994, -73.0753
995, -65.0327
996, -67.0433
997, -65.0327
998, -68.0433
999, -71.0646
1000, -65.0327
1001, -67.0433
1002, -65.0327
1003, -65.0327
1004, -63.022
1005, -63.022
1006, -65.0327
1007, -65.0327
1008, -67.0433
1009, -65.0327
1010, -70.0433
1011, -67.0433
1012, -65.0327
1013, -65.0327
1014, -71.0646
1015, -66.0327
1016, -66.0327
1017, -59.0007
1018, -63.022
1019, -65.0327
1020, -72.0433
1021, -65.0327
1022, -65.0327
1023, -65.0327
1024, -65.0327
1025, -68.0433
1026, -64.022
1027, -63.022
1028, -65.0327
1029, -67.0433
1030, -70.054
1031, -68.0433
1032, -65.0327
1033, -65.0327
1034, -65.0327
1035, -65.0327
1036, -65.0327
1037, -66.0327
1038, -59.0007
1039, -65.0327
1040, -65.0327
1041, -65.0327
1042, -69.054
1043, -65.0327
1044, -65.0327
1045, -65.0327
1046, -65.0327
1047, -67.0433
1048, -66.0327
1049, -63.022
1050, -65.0327
1051, -63.022
1052, -63.022
1053, -67.0433
1054, -67.0433
1055, -61.0114
1056, -68.0327
1057, -59.0007
1058, -67.0433
1059, -61.0114
1060, -65.0327
1061, -73.0753
1062, -65.0327
1063, -67.0433
1064, -63.022
1065, -63.022
1066, -71.0646
1067, -63.022
1068, -65.0327
1069, -66.0327
1070, -67.0433
1071, -67.0433
1072, -69.0327
1073, -61.0114
1074, -68.0433
1075, -63.022
1076, -70.0327
1077, -67.0433
1078, -63.022
1079, -66.0327
1080, -65.0114
1081, -56.9901
1082, -65.0327
1083, -65.022
1084, -66.0327
1085, -65.022
1086, -67.0433
1087, -65.0327
1088, -67.0433
1089, -67.0433
1090, -67.0433
1091, -69.054
1092, -67.0433
1093, -63.022
1094, -65.0327
1095, -71.0433
1096, -62.0114
1097, -65.0327
1098, -65.0327
1099, -72.0433
1100, -67.0433
1101, -63.022
1102, -65.0327
1103, -67.0433
1104, -73.0753
1105, -65.0327
1106, -61.0114
1107, -75.0859
1108, -67.0433
1109, -65.0327
1110, -75.0859
1111, -67.0433
1112, -65.0327
1113, -65.0327
1114, -63.022
1115, -67.0433
1116, -67.0433
1117, -65.0327
1118, -71.0646
1119, -65.0327
1120, -63.022
1121, -67.0327
1122, -69.054
1123, -71.0646
1124, -63.022
1125, -67.0433
1126, -67.0433
1127, -77.0966
1128, -63.022
1129, -65.022
1130, -67.0433
1131, -65.0327
1132, -67.0433
1133, -65.0327
1134, -61.0114
1135, -65.0327
1136, -65.0327
1137, -63.022
1138, -67.0433
1139, -65.0327
1140, -67.0433
1141, -70.0433
1142, -63.022
1143, -63.022
1144, -67.0433
1145, -65.0327
1146, -68.0433
1147, -63.022
1148, -65.0327
1149, -70.0433
1150, -68.022
1151, -59.0007
1152, -65.0327
1153, -65.0327
1154, -63.022
1155, -65.0327
1156, -65.0327
1157, -65.0327
1158, -63.022
1159, -63.022
1160, -67.0433
1161, -67.0433
1162, -64.022
1163, -65.0327
1164, -65.0327
1165, -65.0327
1166, -63.022
1167, -65.0327
1168, -65.0327
1169, -66.0327
1170, -67.0433
1171, -65.0327
1172, -65.0327
1173, -65.0327
1174, -65.0327
1175, -65.0327
1176, -65.0327
1177, -69.054
1178, -65.0327
1179, -63.022
1180, -67.0433
1181, -67.0433
1182, -63.022
1183, -63.022
1184, -67.0433
1185, -63.022
1186, -67.0433
1187, -68.0327
1188, -67.0433
1189, -73.0646
1190, -63.022
1191, -70.0433
1192, -67.0433
1193, -65.0327
1194, -65.0327
1195, -65.0327
1196, -67.0433
1197, -67.0433
1198, -63.022
1199, -68.0327
1200, -59.0007
1201, -67.0433
1202, -66.0327
1203, -63.022
1204, -65.0327
1205, -65.0327
1206, -71.0646
1207, -67.0433
1208, -67.0433
1209, -65.0327
1210, -63.022
1211, -67.0433
1212, -71.0433
1213, -63.022
1214, -67.0433
1215, -67.0433
1216, -63.022
1217, -59.0007
1218, -65.0327
1219, -67.0433
1220, -67.0327
1221, -69.054
1222, -63.022
1223, -65.0327
1224, -67.0433
1225, -67.0433
1226, -67.0433
1227, -68.0327
1228, -59.0007
1229, -65.0327
1230, -67.0433
1231, -67.0433
1232, -67.0433
1233, -69.0433
1234, -69.054
1235, -65.0327
1236, -67.0433
1237, -69.054
1238, -67.0433
1239, -65.0327
1240, -77.0966
1241, -65.0327
1242, -65.0327
1243, -69.054
1244, -69.054
1245, -63.022
1246, -65.0327
1247, -69.0327
1248, -67.0433
1249, -65.0327
1250, -68.0327
1251, -67.0433
1252, -65.0327
1253, -66.0327
1254, -59.0007
1255, -66.0327
1256, -67.0433
1257, -65.0327
1258, -61.0114
1259, -69.0433
1260, -65.0327
1261, -69.054
1262, -65.0327
1263, -66.0327
1264, -63.022
1265, -66.0327
1266, -65.0327
1267, -67.0433
1268, -65.0327
1269, -57.9901
1270, -65.0327
1271, -67.0433
1272, -72.0433
1273, -70.054
1274, -63.022
1275, -67.0433
1276, -63.022
1277, -65.0327
1278, -63.022
1279, -67.0433
1280, -63.022
1281, -69.054
1282, -65.0327
1283, -65.0327
1284, -70.054
1285, -63.022
1286, -65.0327
1287, -67.0433
1288, -72.0646
1289, -67.0433
1290, -65.0327
1291, -67.0433
1292, -68.0433
1293, -69.054
1294, -65.0327
1295, -65.0327
1296, -63.022
1297, -67.0433
1298, -67.0433
1299, -67.0433
1300, -67.0433
1301, -67.0433
1302, -67.0433
1303, -59.0007
1304, -65.0327
1305, -65.0327
1306, -65.0327
1307, -65.0327
1308, -65.0327
1309, -65.0327
1310, -71.0433
1311, -65.0327
1312, -65.0327
1313, -69.0327
1314, -60.0007
1315, -67.0433
1316, -63.022
1317, -63.0114
1318, -67.0433
1319, -67.0433
1320, -63.022
1321, -71.0646
1322, -63.022
1323, -67.0433
1324, -70.0327
1325, -65.0327
1326, -67.0433
1327, -67.0433
1328, -63.022
1329, -63.022
1330, -65.0327
1331, -66.0327
1332, -61.0114
1333, -65.0327
1334, -65.0327
1335, -70.0433
1336, -67.0433
1337, -63.022
1338, -65.0327
1339, -69.054
1340, -67.0433
1341, -65.0327
1342, -65.0327
1343, -69.054
1344, -67.0433
1345, -63.022
1346, -65.0327
1347, -65.0327
1348, -67.0433
1349, -65.0327
1350, -65.0327
1351, -72.0433
1352, -59.0007
1353, -65.0327
1354, -67.0433
1355, -61.0114
1356, -67.0433
1357, -63.022
1358, -67.0433
1359, -65.0327
1360, -65.0327
1361, -68.0433
1362, -67.0433
1363, -65.0327
1364, -63.022
1365, -63.022
1366, -59.0007
1367, -67.0433
1368, -68.0327
1369, -67.0433
1370, -65.0327
1371, -67.0433
1372, -69.054
1373, -69.054
1374, -65.0327
1375, -67.0433
1376, -71.0646
1377, -61.0114
1378, -63.022
1379, -67.0433
1380, -63.022
1381, -67.0433
1382, -69.054
1383, -65.0327
1384, -67.0433
1385, -65.0327
1386, -65.0327
1387, -68.0433
1388, -71.0646
1389, -68.0433
1390, -67.0433
1391, -66.0327
1392, -65.0327
1393, -63.022
1394, -66.0327
1395, -65.0327
1396, -67.0433
1397, -67.0433
1398, -65.0327
1399, -67.0433
1400, -65.0327
1401, -65.0327
1402, -63.022
1403, -63.022
1404, -65.0327
1405, -65.0327
1406, -63.022
1407, -69.054
1408, -65.0327
1409, -65.0327
1410, -67.0433
1411, -67.0433
1412, -63.022
1413, -70.0327
1414, -65.0327
1415, -67.0433
1416, -67.0433
1417, -59.0007
1418, -67.0433
1419, -65.0327
1420, -63.022
1421, -63.022
1422, -67.0433
1423, -69.0433
1424, -65.0327
1425, -65.0327
1426, -68.0327
1427, -63.022
1428, -67.0433
1429, -67.0433
1430, -65.0327
1431, -61.0114
1432, -65.0327
1433, -68.0433
1434, -67.0433
1435, -66.0327
1436, -65.0327
1437, -67.0433
1438, -70.054
1439, -65.0327
1440, -67.0433
1441, -65.0327
1442, -65.0327
1443, -65.0327
1444, -65.0327
1445, -65.0327
1446, -73.0753
1447, -65.0327
1448, -66.0327
1449, -61.0114
1450, -65.0327
1451, -65.0327
1452, -65.0327
1453, -71.054
1454, -65.0327
1455, -63.022
1456, -65.0327
1457, -65.0327
1458, -56.9901
1459, -67.0433
1460, -63.022
1461, -65.0327
1462, -71.0646
1463, -65.0327
1464, -68.022
1465, -65.0327
1466, -56.9901
1467, -63.022
1468, -63.022
1469, -70.0433
1470, -61.0114
1471, -65.0327
1472, -65.0327
1473, -66.0327
1474, -59.0007
1475, -65.0327
1476, -65.0327
1477, -68.0433
1478, -61.0114
1479, -65.0327
1480, -67.0433
1481, -65.0327
1482, -69.054
1483, -63.022
1484, -63.022
1485, -61.0114
1486, -67.0433
1487, -63.022
1488, -64.022
1489, -67.0433
1490, -65.0327
1491, -65.0327
1492, -67.0433
1493, -63.022
1494, -66.0327
1495, -65.0327
1496, -65.0327
1497, -65.0327
1498, -66.0327
1499, -69.054
1500, -65.0327
1501, -63.022
1502, -65.0327
1503, -65.0327
1504, -63.022
1505, -71.0646
1506, -69.054
1507, -67.0433
1508, -65.0327
1509, -65.0327
1510, -70.054
1511, -65.0327
1512, -63.022
1513, -67.0433
1514, -61.0114
1515, -65.0327
1516, -65.0327
1517, -67.0433
1518, -65.0327
1519, -65.0327
1520, -67.0433
1521, -69.0433
1522, -67.0433
1523, -65.0327
1524, -65.0327
1525, -67.0433
1526, -63.022
1527, -69.054
1528, -65.0327
1529, -65.0327
1530, -65.0327
1531, -67.0433
1532, -66.0327
1533, -65.0327
1534, -65.0327
1535, -59.0007
1536, -63.022
1537, -65.022
1538, -65.0327
1539, -65.0327
1540, -65.0327
1541, -63.022
1542, -69.054
1543, -65.0327
1544, -66.0327
1545, -65.0327
1546, -67.0433
1547, -67.0433
1548, -65.0327
1549, -66.0327
1550, -71.0646
1551, -63.022
1552, -65.0327
1553, -65.0327
1554, -65.0327
1555, -61.0114
1556, -73.0753
1557, -66.0327
1558, -67.0433
1559, -68.0433
1560, -63.022
1561, -65.0327
1562, -65.0327
1563, -65.0327
1564, -65.0327
1565, -69.054
1566, -65.0327
1567, -65.0327
1568, -61.0114
1569, -65.0327
1570, -65.0327
1571, -65.0327
1572, -68.0433
1573, -68.0433
1574, -65.0327
1575, -65.0327
1576, -66.0327
1577, -65.0327
1578, -63.022
1579, -68.0433
1580, -63.022
1581, -59.0007
1582, -65.0327
1583, -65.0327
1584, -66.0327
1585, -59.0007
1586, -63.022
1587, -67.0433
1588, -65.0327
1589, -69.054
1590, -61.0114
1591, -65.0327
1592, -67.0433
1593, -63.022
1594, -67.0433
1595, -65.0327
1596, -67.0433
1597, -59.0007
1598, -65.0327
1599, -65.0327
1600, -65.0327
1601, -63.022
1602, -67.0433
1603, -66.0327
1604, -63.022
1605, -65.0327
1606, -67.0433
1607, -63.022
1608, -65.0327
1609, -67.0433
1610, -70.0433
1611, -59.0007
1612, -63.022
1613, -65.0327
1614, -67.0433
1615, -59.0007
1616, -65.0327
1617, -63.022
1618, -65.0327
1619, -73.0753
1620, -67.0433
1621, -67.0433
1622, -67.0433
1623, -67.0433
1624, -67.0433
1625, -67.0433
1626, -65.0327
1627, -67.0433
1628, -65.0327
1629, -64.022
1630, -71.0646
1631, -61.0114
1632, -67.0433
1633, -72.0433
1634, -73.0753
1635, -67.0433
1636, -63.022
1637, -73.0753
1638, -68.0433
1639, -65.0327
1640, -68.0327
1641, -65.0327
1642, -63.022
1643, -67.0327
1644, -69.054
1645, -65.0327
1646, -68.0433
1647, -65.0327
1648, -61.0114
1649, -63.022
1650, -65.0327
1651, -71.0433
1652, -72.0646
1653, -65.0327
1654, -68.0327
1655, -59.0007
1656, -65.0327
1657, -65.0327
1658, -65.0327
1659, -71.0646
1660, -65.0327
1661, -65.0327
1662, -67.0327
1663, -63.022
1664, -67.0433
1665, -66.0327
1666, -63.022
1667, -56.9901
1668, -65.0327
1669, -69.0433
1670, -65.0327
1671, -61.0114
1672, -67.0433
1673, -68.0327
1674, -71.0646
1675, -67.0433
1676, -67.0433
1677, -70.0327
1678, -61.0114
1679, -65.0327
1680, -65.0327
1681, -67.0433
1682, -65.0327
1683, -63.022
1684, -67.0433
1685, -63.022
1686, -67.0433
1687, -65.0327
1688, -65.0327
1689, -67.0433
1690, -65.0327
1691, -67.0433
1692, -65.0327
1693, -67.0433
1694, -69.054
1695, -65.0327
1696, -67.0433
1697, -70.0327
1698, -61.0114
1699, -65.0327
1700, -65.0327
1701, -69.054
1702, -64.022
1703, -67.0433
1704, -68.0327
1705, -59.0007
1706, -67.0433
1707, -63.022
1708, -65.0327
1709, -73.0753
1710, -65.0327
1711, -65.0327
1712, -65.0327
1713, -67.0433
1714, -65.0327
1715, -70.0327
1716, -75.0859
1717, -63.022
1718, -65.0327
1719, -65.0327
1720, -63.022
1721, -65.0327
1722, -67.0433
1723, -71.0433
1724, -59.0007
1725, -67.0433
1726, -62.0114
1727, -65.0327
1728, -63.022
1729, -65.0327
1730, -69.0433
1731, -63.022
1732, -70.054
1733, -65.0327
1734, -65.0327
1735, -67.0327
1736, -65.0327
1737, -65.0327
1738, -66.0327
1739, -67.0433
1740, -63.022
1741, -63.022
1742, -65.0327
1743, -72.0433
1744, -63.022
1745, -65.0327
1746, -65.0327
1747, -65.0327
1748, -61.0114
1749, -61.0114
1750, -65.0327
1751, -67.0433
1752, -71.0646
1753, -65.0327
1754, -65.0327
1755, -65.0327
1756, -71.0646
1757, -65.0327
1758, -65.0327
1759, -70.0327
1760, -63.022
1761, -68.0433
1762, -63.022
1763, -61.0114
1764, -67.0433
1765, -65.0327
1766, -67.0433
1767, -65.0327
1768, -63.022
1769, -68.0433
1770, -73.0753
1771, -67.0433
1772, -63.022
1773, -67.0433
1774, -63.022
1775, -67.0433
1776, -65.0327
1777, -62.0114
1778, -65.0327
1779, -71.0433
1780, -65.0327
1781, -63.022
1782, -65.0327
1783, -69.054
1784, -67.0433
1785, -65.0327
1786, -67.0433
1787, -67.0433
1788, -63.022
1789, -66.0327
1790, -73.0753
1791, -67.0433
1792, -65.0327
1793, -66.0327
1794, -59.0007
1795, -65.0327
1796, -65.0327
1797, -65.0327
1798, -65.0327
1799, -65.0327
1800, -64.022
1801, -67.0433
1802, -59.0007
1803, -65.0327
1804, -66.0327
1805, -68.0433
1806, -56.9901
1807, -67.0433
1808, -65.0327
1809, -61.0114
1810, -69.054
1811, -63.022
1812, -67.0433
1813, -65.0327
1814, -67.0433
1815, -67.0433
1816, -67.0433
1817, -68.0433
1818, -69.054
1819, -63.022
1820, -65.0327
1821, -62.0114
1822, -65.0327
1823, -65.0327
1824, -62.0114
1825, -65.0327
1826, -65.0327
1827, -63.022
1828, -66.0327
1829, -69.054
1830, -65.0327
1831, -65.0327
1832, -59.0007
1833, -65.0327
1834, -63.022
1835, -65.0327
1836, -65.0327
1837, -65.0327
1838, -65.0327
1839, -65.0327
1840, -63.022
1841, -65.0327
1842, -65.0327
1843, -67.0433
1844, -65.0327
1845, -63.022
1846, -65.0327
1847, -75.0859
1848, -61.0114
1849, -67.0327
1850, -65.0327
1851, -68.0433
1852, -65.0327
1853, -65.0327
1854, -65.0327
1855, -65.0327
1856, -65.0327
1857, -63.022
1858, -65.0327
1859, -65.0327
1860, -69.054
1861, -65.0327
1862, -67.0433
1863, -71.0646
1864, -67.0433
1865, -70.054
1866, -63.022
1867, -71.0646
1868, -67.0433
1869, -67.0433
1870, -70.0433
1871, -63.022
1872, -65.0327
1873, -67.0433
1874, -65.0327
1875, -65.0327
1876, -65.0327
1877, -72.0433
1878, -65.0327
1879, -67.0433
1880, -63.022
1881, -61.0114
1882, -69.054
1883, -65.0327
1884, -67.0433
1885, -65.0327
1886, -65.0327
1887, -67.0433
1888, -65.0327
1889, -67.0433
1890, -68.0433
1891, -65.0327
1892, -72.0433
1893, -65.0327
1894, -67.0433
1895, -69.0327
1896, -71.0646
1897, -67.0433
1898, -65.0327
1899, -68.0327
1900, -67.0433
1901, -65.0327
1902, -63.022
1903, -65.0327
1904, -65.0327
1905, -65.0327
1906, -63.022
1907, -65.0327
1908, -68.0433
1909, -65.0327
1910, -65.0327
1911, -65.0327
1912, -61.0114
1913, -65.0327
1914, -65.0327
1915, -68.0433
1916, -75.0753
1917, -70.054
1918, -68.0433
1919, -68.0327
1920, -59.0007
1921, -67.0433
1922, -67.0433
1923, -68.0433
1924, -71.0646
1925, -67.0433
1926, -63.022
1927, -65.0327
1928, -68.0433
1929, -65.0327
1930, -65.0327
1931, -63.022
1932, -56.9901
1933, -67.0433
1934, -67.0433
1935, -66.0327
1936, -65.0327
1937, -63.022
1938, -70.0327
1939, -65.0327
1940, -63.022
1941, -67.0433
1942, -65.0327
1943, -63.022
1944, -66.0327
1945, -63.022
1946, -67.0433
1947, -68.0433
1948, -65.0327
1949, -66.0327
1950, -63.022
1951, -65.0327
1952, -67.0433
1953, -65.0327
1954, -65.0327
1955, -63.022
1956, -65.0327
1957, -65.0327
1958, -65.0327
1959, -65.0327
1960, -63.022
1961, -63.022
1962, -67.0433
1963, -65.0327
1964, -65.0327
1965, -63.022
1966, -63.022
1967, -61.0114
1968, -65.0327
1969, -70.054
1970, -65.0327
1971, -69.054
1972, -63.022
1973, -68.0327
1974, -76.0859
1975, -67.0433
1976, -65.0327
1977, -69.0327
1978, -64.0114
1979, -69.054
1980, -65.0327
1981, -65.0327
1982, -70.054
1983, -71.0646
1984, -65.0327
1985, -65.0327
1986, -65.0327
1987, -73.0753
1988, -69.054
1989, -67.022
1990, -68.0433
1991, -65.0327
1992, -63.022
1993, -67.0327
1994, -65.0327
1995, -65.0327
1996, -63.022
1997, -67.0433
1998, -71.0646
1999, -63.022
2000, -65.0327
2001, -65.0327
2002, -67.0433
2003, -64.022
2004, -65.0327
2005, -67.0433
2006, -59.0007
2007, -63.022
2008, -63.022
2009, -67.0433
2010, -65.0327
2011, -65.0327
2012, -63.022
2013, -67.0433
2014, -59.0007
2015, -66.0327
2016, -67.0433
2017, -67.0327
2018, -66.0327
2019, -65.0327
2020, -61.0114
2021, -67.0433
2022, -67.0433
2023, -61.0114
2024, -65.0327
2025, -67.0433
2026, -68.0433
2027, -69.0433
2028, -61.0114
2029, -65.0327
2030, -65.0327
2031, -69.0327
2032, -65.0327
2033, -69.054
2034, -67.0433
2035, -65.0327
2036, -65.0327
2037, -69.0433
2038, -71.0646
2039, -63.022
2040, -67.0433
2041, -65.0327
2042, -65.0327
2043, -65.0327
2044, -65.0327
2045, -67.0433
2046, -61.0114
2047, -65.0327
2048, -65.0327
2049, -63.022
2050, -67.022
2051, -67.0433
2052, -61.0114
2053, -65.0327
2054, -59.0007
2055, -63.022
2056, -65.0327
2057, -67.0433
2058, -63.022
2059, -65.0327
2060, -65.0327
2061, -72.0646
2062, -63.022
2063, -63.022
2064, -68.0433
2065, -65.0327
2066, -59.0007
2067, -65.0327
2068, -65.0327
2069, -63.022
2070, -59.0007
2071, -63.022
2072, -65.0327
2073, -65.0327
2074, -66.0327
2075, -61.0114
2076, -65.0327
2077, -70.0433
2078, -75.0859
2079, -65.0327
2080, -67.0433
2081, -65.0327
2082, -61.0114
2083, -63.022
2084, -67.0433
2085, -63.022
2086, -61.0114
2087, -65.0327
2088, -63.022
2089, -65.0327
2090, -67.0327
2091, -65.0327
2092, -71.054
2093, -63.022
2094, -65.0327
2095, -69.0433
2096, -63.022
2097, -63.022
2098, -65.0327
2099, -67.0433
2100, -70.0327
2101, -61.0114
2102, -63.022
2103, -63.022
2104, -67.0433
2105, -65.0327
2106, -65.0327
2107, -63.022
2108, -63.022
2109, -67.0433
2110, -63.022
2111, -56.9901
2112, -67.0433
2113, -65.0327
2114, -67.022
2115, -63.022
2116, -63.022
2117, -67.0327
2118, -67.0433
2119, -67.0433
2120, -65.0327
2121, -65.0327
2122, -65.0327
2123, -69.054
2124, -63.022
2125, -70.054
2126, -65.0327
2127, -65.0327
2128, -66.0327
2129, -65.0327
2130, -63.022
2131, -67.0433
2132, -67.0433
2133, -65.0327
2134, -67.0327
2135, -69.0433
2136, -67.0433
2137, -68.0433
2138, -69.054
2139, -59.0007
2140, -65.0327
2141, -65.0327
2142, -63.022
2143, -67.0433
2144, -65.0327
2145, -65.0327
2146, -67.0433
2147, -65.0327
2148, -65.0327
2149, -65.0327
2150, -63.022
2151, -67.0433
2152, -63.022
2153, -67.0433
2154, -71.0646
2155, -65.0327
2156, -66.022
2157, -65.0114
2158, -65.0327
2159, -65.0327
2160, -61.0114
2161, -63.022
2162, -66.0327
2163, -65.0327
2164, -72.0433
2165, -68.0433
2166, -67.0433
2167, -63.022
2168, -63.022
2169, -64.022
2170, -56.9901
2171, -65.0327
2172, -66.0327
2173, -67.0433
2174, -65.0327
2175, -65.0327
2176, -70.054
2177, -65.0327
2178, -69.054
2179, -67.0433
2180, -65.0327
2181, -67.0327
2182, -56.9901
2183, -65.0327
2184, -65.0327
2185, -65.0327
2186, -72.0646
2187, -67.0433
2188, -67.0433
2189, -65.0327
2190, -61.0114
2191, -67.0433
2192, -63.022
2193, -59.0007
2194, -63.022
2195, -67.0433
2196, -73.0753
2197, -65.0327
2198, -66.0327
2199, -67.0433
2200, -63.022
2201, -65.0327
2202, -67.0433
2203, -65.0327
2204, -65.0327
2205, -65.0327
2206, -65.0327
2207, -68.0433
2208, -63.022
2209, -67.0433
2210, -69.054
2211, -75.0859
2212, -67.0433
2213, -65.0327
2214, -73.0753
2215, -65.0327
2216, -65.0327
2217, -65.0327
2218, -63.022
2219, -67.0433
2220, -59.0007
2221, -67.0433
2222, -63.022
2223, -65.0327
2224, -63.022
2225, -65.0327
2226, -65.0327
2227, -65.0327
2228, -69.054
2229, -67.0433
2230, -65.0327
2231, -65.0327
2232, -67.0433
2233, -63.022
2234, -67.0433
2235, -65.0327
2236, -67.0433
2237, -62.0114
2238, -65.0327
2239, -65.0327
2240, -67.0433
2241, -67.0433
2242, -67.0433
2243, -65.0327
2244, -67.0433
2245, -69.054
2246, -64.022
2247, -65.0327
2248, -65.022
2249, -67.0433
2250, -64.022
2251, -63.022
2252, -64.022
2253, -65.0327
2254, -67.0433
2255, -63.022
2256, -63.022
2257, -73.0753
2258, -65.0327
2259, -65.0327
2260, -63.022
2261, -61.0114
2262, -65.0327
2263, -67.0433
2264, -67.0433
2265, -69.0433
2266, -59.0007
2267, -67.0433
2268, -63.022
2269, -63.022
2270, -61.0114
2271, -65.0327
2272, -65.0327
2273, -63.022
2274, -66.0327
2275, -65.0327
2276, -63.022
2277, -63.022
2278, -71.0646
2279, -65.0327
2280, -65.0327
2281, -67.0433
2282, -63.022
2283, -63.022
2284, -63.0007
2285, -65.0327
2286, -65.0327
2287, -65.0327
2288, -69.0327
2289, -69.054
2290, -65.0327
2291, -65.0327
2292, -65.0327
2293, -65.0327
2294, -65.0327
2295, -65.022
2296, -65.0327
2297, -69.054
2298, -65.0327
2299, -70.0433
2300, -66.0327
2301, -63.022
2302, -65.0327
2303, -65.0327
2304, -71.0646
2305, -63.022
2306, -65.0327
2307, -68.0327
2308, -65.0327
2309, -65.0327
2310, -69.0433
2311, -63.022
2312, -61.0114
2313, -67.0433
2314, -67.0433
2315, -67.0433
2316, -65.0327
2317, -67.0433
2318, -73.0753
2319, -65.0327
2320, -69.054
2321, -65.0327
2322, -67.0433
2323, -68.0433
2324, -63.022
2325, -67.0433
2326, -65.0327
2327, -65.0327
2328, -67.0433
2329, -61.0114
2330, -65.0327
2331, -65.0327
2332, -67.0433
2333, -65.0327
2334, -66.0327
2335, -69.0433
2336, -67.0433
2337, -63.022
2338, -63.022
2339, -61.0114
2340, -65.0327
2341, -65.0327
2342, -68.0327
2343, -65.022
2344, -71.0646
2345, -65.0327
2346, -71.0646
2347, -69.054
2348, -65.0327
2349, -67.0327
2350, -61.0114
2351, -65.0327
2352, -65.0327
2353, -68.0433
2354, -63.022
2355, -65.0327
2356, -59.0007
2357, -68.0433
2358, -65.0327
2359, -67.0433
2360, -63.022
2361, -65.0327
2362, -67.0433
2363, -67.0433
2364, -73.0753
2365, -63.022
2366, -67.0433
2367, -66.0327
2368, -69.054
2369, -66.0327
2370, -66.0327
2371, -69.054
2372, -68.0433
2373, -63.022
2374, -70.0433
2375, -65.0327
2376, -67.0433
2377, -65.0327
2378, -67.0433
2379, -73.0753
2380, -65.0327
2381, -63.022
2382, -65.0327
2383, -59.0007
2384, -65.0327
2385, -65.0327
2386, -67.0433
2387, -67.0433
2388, -66.0327
2389, -65.0327
2390, -69.054
2391, -65.0327
2392, -67.0433
2393, -69.054
2394, -63.022
2395, -70.0327
2396, -69.054
2397, -68.0433
2398, -65.0327
2399, -66.0327
2400, -67.0433
2401, -68.0433
2402, -65.0327
2403, -63.022
2404, -67.0433
2405, -68.0433
2406, -67.0433
2407, -66.0327
2408, -65.0327
2409, -66.0327
2410, -66.0327
2411, -54.9794
2412, -65.0327
2413, -65.0327
2414, -68.0433
2415, -69.054
2416, -69.054
2417, -63.022
2418, -65.0327
2419, -71.0646
2420, -65.0327
2421, -65.0327
2422, -59.0007
2423, -67.0433
2424, -65.0327
2425, -66.022
2426, -69.054
2427, -64.022
2428, -68.0433
2429, -69.054
2430, -63.022
2431, -67.0433
2432, -65.0327
2433, -56.9901
2434, -65.0327
2435, -67.0433
2436, -72.0433
2437, -71.0646
2438, -65.0327
2439, -65.0327
2440, -65.0327
2441, -63.022
2442, -67.0433
2443, -65.0327
2444, -67.0433
2445, -73.0753
2446, -65.0327
2447, -69.0327
2448, -56.9901
2449, -65.0327
2450, -65.0327
2451, -63.022
2452, -65.0327
2453, -64.022
2454, -65.0327
2455, -73.0753
2456, -63.022
2457, -68.022
2458, -69.054
2459, -69.054
2460, -65.0327
2461, -63.022
2462, -63.022
2463, -65.0327
2464, -65.0327
2465, -65.0327
2466, -59.0007
2467, -65.0327
2468, -65.0327
2469, -72.054
2470, -65.0327
2471, -65.0327
2472, -65.0327
2473, -66.022
2474, -67.0433
2475, -66.0327
2476, -65.0327
2477, -65.0327
2478, -65.0327
2479, -63.022
2480, -65.0327
2481, -65.0327
2482, -65.0327
2483, -61.0114
2484, -63.022
2485, -61.0114
2486, -65.0327
2487, -65.0327
2488, -65.0327
2489, -65.0327
2490, -66.0327
2491, -63.022
2492, -63.022
2493, -67.0433
2494, -65.0327
2495, -61.0114
2496, -67.0433
2497, -63.022
2498, -65.0327
2499, -65.0327
2500, -67.0433
2501, -67.0433
2502, -59.0007
2503, -67.0433
2504, -63.022
2505, -65.0327
2506, -63.022
2507, -63.022
2508, -65.0327
2509, -65.0327
2510, -69.054
2511, -67.0433
2512, -69.054
2513, -59.0007
2514, -63.022
2515, -65.0327
2516, -65.0327
2517, -65.0327
2518, -67.0433
2519, -69.0433
2520, -61.0114
2521, -65.0327
2522, -67.0433
2523, -60.0007
2524, -65.0327
2525, -71.054
2526, -67.0433
2527, -68.0433
2528, -63.022
2529, -64.022
2530, -69.054
2531, -65.0327
2532, -69.054
2533, -65.0327
2534, -63.022
2535, -67.0433
2536, -68.022
2537, -65.0327
2538, -67.0433
2539, -67.0433
2540, -66.0327
2541, -67.0433
2542, -65.0327
2543, -65.0327
2544, -63.022
2545, -65.0327
2546, -64.022
2547, -65.0327
2548, -65.0327
2549, -71.0646
2550, -67.0433
2551, -63.022
2552, -65.0327
2553, -63.022
2554, -65.0327
2555, -67.0433
2556, -68.0433
2557, -65.0327
2558, -66.0327
2559, -67.0433
2560, -65.0327
2561, -59.0007
2562, -67.0433
2563, -67.0327
2564, -65.0327
2565, -67.0433
2566, -69.054
2567, -65.0327
2568, -65.0327
2569, -65.0327
2570, -67.0433
2571, -67.0433
2572, -63.022
2573, -67.0433
2574, -65.0327
2575, -63.022
2576, -65.022
2577, -65.0327
2578, -64.022
2579, -65.0327
2580, -67.0433
2581, -69.054
2582, -65.0327
2583, -67.0433
2584, -63.022
2585, -68.022
2586, -65.0327
2587, -65.0327
2588, -63.022
2589, -72.0433
2590, -61.0114
2591, -73.0753
2592, -71.0646
2593, -67.0433
2594, -65.0327
2595, -63.022
2596, -61.0114
2597, -65.0327
2598, -65.0327
2599, -67.0433
2600, -65.0327
2601, -67.0433
2602, -67.0433
2603, -65.0327
2604, -59.0007
2605, -65.0327
2606, -63.0114
2607, -65.0327
2608, -65.0327
2609, -63.022
2610, -64.022
2611, -67.0433
2612, -63.022
2613, -65.0327
2614, -65.0327
2615, -63.022
2616, -65.0327
2617, -65.0327
2618, -65.0327
2619, -67.0433
2620, -63.022
2621, -67.0433
2622, -65.0327
2623, -71.0646
2624, -65.0327
2625, -67.0327
2626, -65.0327
2627, -65.0327
2628, -63.022
2629, -67.0327
2630, -65.0327
2631, -71.0646
2632, -65.0327
2633, -65.0327
2634, -62.0114
2635, -63.022
2636, -65.0327
2637, -67.022
2638, -77.0753
2639, -67.0433
2640, -65.0327
2641, -65.0327
2642, -66.0327
2643, -65.0327
2644, -65.0327
2645, -63.022
2646, -69.0327
2647, -56.9901
2648, -67.0433
2649, -65.022
2650, -69.0327
2651, -61.0114
2652, -66.0327
2653, -67.0327
2654, -71.0646
2655, -63.022
2656, -67.0327
2657, -67.0327
2658, -67.0433
2659, -67.0433
2660, -65.0327
2661, -69.054
2662, -65.0327
2663, -67.0433
2664, -66.0327
2665, -65.0327
2666, -67.0433
2667, -65.0327
2668, -63.022
2669, -63.022
2670, -65.0327
2671, -73.0753
2672, -69.054
2673, -66.0327
2674, -70.0327
2675, -69.054
2676, -69.054
2677, -65.0327
2678, -65.0327
2679, -59.0007
2680, -69.0433
2681, -65.0327
2682, -65.0327
2683, -68.0433
2684, -63.022
2685, -67.0433
2686, -65.0327
2687, -63.022
2688, -67.0433
2689, -65.0327
2690, -70.0433
2691, -67.0433
2692, -63.022
2693, -67.0433
2694, -71.0433
2695, -63.022
2696, -65.0327
2697, -65.0327
2698, -56.9901
2699, -67.0433
2700, -67.0433
2701, -67.0433
2702, -68.0433
2703, -65.0327
2704, -65.0327
2705, -69.054
2706, -74.054
2707, -63.022
2708, -61.0114
2709, -65.0327
2710, -65.0327
2711, -67.0433
2712, -67.0433
2713, -65.0327
2714, -67.0433
2715, -66.0327
2716, -65.0327
2717, -65.0327
2718, -65.0327
2719, -69.054
2720, -65.0327
2721, -65.0327
2722, -71.0433
2723, -59.0007
2724, -66.0327
2725, -65.0327
2726, -65.0327
2727, -66.0327
2728, -69.054
2729, -65.0327
2730, -67.0433
2731, -71.0646
2732, -65.0327
2733, -65.0327
2734, -65.0327
2735, -69.054
2736, -65.0327
2737, -65.0327
2738, -69.0433
2739, -63.022
2740, -67.0433
2741, -65.0327
2742, -65.0327
2743, -61.0007
2744, -66.0327
2745, -67.0433
2746, -63.022
2747, -67.0433
2748, -69.054
2749, -65.0327
2750, -69.0433
2751, -63.022
2752, -67.0433
2753, -65.0327
2754, -65.0327
2755, -63.022
2756, -63.022
2757, -67.0433
2758, -65.0327
2759, -61.0114
2760, -68.0433
2761, -63.022
2762, -65.0327
2763, -65.0327
2764, -73.0753
2765, -63.022
2766, -69.0327
2767, -65.0327
2768, -63.022
2769, -65.0327
2770, -65.0327
2771, -63.022
2772, -59.0007
2773, -67.0433
2774, -69.054
2775, -63.022
2776, -65.022
2777, -68.0433
2778, -63.022
2779, -63.022
2780, -67.0433
2781, -59.0007
2782, -65.0327
2783, -65.0327
2784, -63.022
2785, -69.054
2786, -65.0327
2787, -65.0327
2788, -65.0327
2789, -68.0433
2790, -65.0327
2791, -65.0327
2792, -65.0327
2793, -67.0433
2794, -63.022
2795, -67.0433
2796, -65.022
2797, -63.022
2798, -71.0646
2799, -65.0327
2800, -66.0327
2801, -63.022
2802, -65.0327
2803, -65.0327
2804, -67.0433
2805, -65.0327
2806, -66.0327
2807, -65.0327
2808, -65.0327
2809, -65.0327
2810, -70.0327
2811, -67.0433
2812, -65.0327
2813, -63.022
2814, -65.0327
2815, -67.0433
2816, -65.0327
2817, -65.0327
2818, -65.0327
2819, -63.022
2820, -66.0327
2821, -67.0433
2822, -65.0327
2823, -63.022
2824, -64.022
2825, -65.0327
2826, -63.022
2827, -65.0327
2828, -63.022
2829, -67.0433
2830, -70.0327
2831, -56.9901
2832, -65.0327
2833, -65.0327
2834, -64.022
2835, -65.0327
2836, -61.0114
2837, -71.0433
2838, -71.0646
2839, -63.022
2840, -65.0327
2841, -70.0327
2842, -65.0327
2843, -65.0327
2844, -65.0327
2845, -65.0327
2846, -71.0646
2847, -63.022
2848, -65.0327
2849, -63.0114
2850, -63.022
2851, -66.0327
2852, -65.0327
2853, -67.0433
2854, -69.054
2855, -63.022
2856, -66.0327
2857, -71.0433
2858, -67.0433
2859, -65.0327
2860, -67.0433
2861, -59.0007
2862, -61.0114
2863, -72.0433
2864, -66.0327
2865, -61.0114
2866, -65.0327
2867, -70.0327
2868, -74.0753
2869, -65.0327
2870, -65.0327
2871, -64.022
2872, -65.0327
2873, -67.0433
2874, -65.0327
2875, -69.0327
2876, -63.022
2877, -65.0327
2878, -65.0327
2879, -65.0327
2880, -65.0327
2881, -65.0327
2882, -67.022
2883, -63.022
2884, -63.022
2885, -63.022
2886, -67.0433
2887, -59.0007
2888, -65.0327
2889, -67.0433
2890, -67.0327
2891, -71.0646
2892, -65.0327
2893, -67.0433
2894, -63.022
2895, -63.022
2896, -65.0327
2897, -65.0327
2898, -65.0327
2899, -65.0327
2900, -67.0433
2901, -65.0327
2902, -65.0327
2903, -65.0327
2904, -66.0327
2905, -69.054
2906, -65.0327
2907, -68.0433
2908, -63.022
2909, -56.9901
2910, -65.0327
2911, -65.0327
2912, -63.022
2913, -65.0327
2914, -67.0433
2915, -59.0007
2916, -65.0327
2917, -65.0327
2918, -63.022
2919, -65.0327
2920, -67.0433
2921, -65.0327
2922, -65.0327
2923, -67.0327
2924, -65.0327
2925, -70.0327
2926, -63.022
2927, -67.0433
2928, -63.022
2929, -65.0327
2930, -67.0433
2931, -67.0433
2932, -63.022
2933, -65.0327
2934, -65.0327
2935, -69.0433
2936, -67.0433
2937, -71.0646
2938, -65.0327
2939, -63.022
2940, -61.0114
2941, -67.0433
2942, -65.0327
2943, -61.0114
2944, -62.0114
2945, -63.022
2946, -67.0433
2947, -63.022
2948, -65.0327
2949, -63.022
2950, -65.0327
2951, -65.0327
2952, -71.0646
2953, -65.0327
2954, -65.0327
2955, -64.022
2956, -73.0753
2957, -63.022
2958, -65.0327
2959, -65.0327
2960, -65.0327
2961, -65.0327
2962, -63.022
2963, -63.022
2964, -63.022
2965, -65.0327
2966, -65.0327
2967, -63.022
2968, -65.0327
2969, -65.0327
2970, -68.0327
2971, -73.0753
2972, -67.0433
2973, -71.0433
2974, -66.0114
2975, -67.0433
2976, -65.0327
2977, -70.0433
2978, -75.0859
2979, -65.0327
2980, -65.0327
2981, -65.0327
2982, -69.054
2983, -65.0327
2984, -65.0327
2985, -66.0327
2986, -61.0114
2987, -67.0433
2988, -63.022
2989, -65.0327
2990, -63.022
2991, -65.0327
2992, -65.0327
2993, -63.022
2994, -64.022
2995, -67.0433
2996, -64.022
2997, -63.022
2998, -69.054
2999, -65.0327
3000, -66.022
3001, -73.0753
3002, -65.0327
3003, -67.0327
3004, -65.0327
3005, -65.0327
3006, -63.022
3007, -63.0114
3008, -63.022
3009, -65.0327
3010, -63.022
3011, -63.022
3012, -65.022
3013, -67.0433
3014, -67.0433
3015, -65.022
3016, -63.022
3017, -67.0433
3018, -66.0327
3019, -71.0646
3020, -63.022
3021, -65.0327
3022, -63.022
3023, -69.054
3024, -65.0327
3025, -67.0433
3026, -64.022
3027, -59.0007
3028, -59.0007
3029, -65.0327
3030, -63.022
3031, -70.0327
3032, -63.022
3033, -65.0327
3034, -63.022
3035, -67.0433
3036, -66.0327
3037, -65.0327
3038, -65.0327
3039, -66.0327
3040, -61.0114
3041, -65.0327
3042, -65.0327
3043, -65.0327
3044, -63.022
3045, -71.0327
3046, -65.0327
3047, -65.0327
3048, -67.0433
3049, -70.0433
3050, -61.0114
3051, -65.0327
3052, -61.0114
3053, -67.0433
3054, -66.0327
3055, -65.0327
3056, -65.0327
3057, -63.022
3058, -65.0327
3059, -61.0114
3060, -65.0327
3061, -65.0327
3062, -67.0327
3063, -64.022
3064, -61.0114
3065, -67.0433
3066, -63.022
3067, -56.9901
3068, -63.022
3069, -63.022
3070, -67.0327
3071, -71.0646
3072, -65.0327
3073, -67.0433
3074, -63.022
3075, -61.0114
3076, -65.0327
3077, -65.022
3078, -71.0433
3079, -65.0327
3080, -63.022
3081, -63.022
3082, -69.054
3083, -67.0433
3084, -67.0433
3085, -65.0327
3086, -69.054
3087, -73.0753
3088, -67.0433
3089, -63.022
3090, -59.0007
3091, -73.0753
3092, -63.022
3093, -76.0646
3094, -67.0433
3095, -63.022
3096, -63.022
3097, -63.022
3098, -63.022
3099, -65.0327
3100, -67.0433
3101, -62.0114
3102, -65.0327
3103, -69.054
3104, -63.022
3105, -63.022
3106, -63.022
3107, -70.054
3108, -63.022
3109, -65.0327
3110, -65.0327
3111, -65.022
3112, -56.9901
3113, -63.022
3114, -65.0327
3115, -63.022
3116, -56.9901
3117, -63.022
3118, -65.0327
3119, -69.0433
3120, -61.0114
3121, -67.0327
3122, -65.0327
3123, -68.0433
3124, -56.9901
3125, -65.0327
3126, -66.0327
3127, -61.0114
3128, -65.0327
3129, -63.022
3130, -65.0327
3131, -59.0007
3132, -65.0327
3133, -61.0114
3134, -68.0327
3135, -73.0753
3136, -68.0433
3137, -67.0433
3138, -65.0327
3139, -69.054
3140, -67.0433
3141, -65.0327
3142, -67.0433
3143, -69.054
3144, -63.022
3145, -65.0327
3146, -65.0327
3147, -65.0327
3148, -65.0327
3149, -65.0327
3150, -66.0327
3151, -65.0327
3152, -65.0327
3153, -65.0327
3154, -65.0327
3155, -59.0007
3156, -65.0327
3157, -63.022
3158, -66.0327
3159, -69.054
3160, -67.0433
3161, -67.0433
3162, -67.0433
3163, -61.0114
3164, -65.0327
3165, -65.0327
3166, -67.0433
3167, -58.9901
3168, -65.0327
3169, -63.022
3170, -63.022
3171, -59.0007
3172, -67.0433
3173, -65.0327
3174, -65.0327
3175, -65.0327
3176, -65.0327
3177, -69.0327
3178, -61.0114
3179, -63.022
3180, -67.0433
3181, -67.0327
3182, -73.0753
3183, -63.022
3184, -63.022
3185, -65.0327
3186, -65.0327
3187, -65.0327
3188, -65.0327
3189, -67.0433
3190, -63.022
3191, -63.022
3192, -65.0327
3193, -71.0646
3194, -63.022
3195, -64.022
3196, -68.0327
3197, -63.022
3198, -61.0114
3199, -67.0433
3200, -67.0433
3201, -71.0646
3202, -65.0327
3203, -65.0327
3204, -63.022
3205, -65.0327
3206, -69.054
3207, -69.0327
3208, -67.0433
3209, -59.0007
3210, -65.0327
3211, -65.0327
3212, -67.0433
3213, -64.022
3214, -67.0433
3215, -63.022
3216, -65.0327
3217, -56.9901
3218, -67.0433
3219, -65.0327
3220, -63.022
3221, -67.0433
3222, -65.0327
3223, -67.0433
3224, -56.9901
3225, -67.0433
3226, -63.022
3227, -66.022
3228, -65.022
3229, -67.0433
3230, -65.0327
3231, -67.0433
3232, -67.0433
3233, -71.0646
3234, -63.022
3235, -66.0327
3236, -68.0327
3237, -71.0646
3238, -63.022
3239, -65.0327
3240, -65.0327
3241, -63.022
3242, -67.0433
3243, -63.022
3244, -67.0433
3245, -69.054
3246, -65.0327
3247, -65.0327
3248, -65.0327
3249, -59.0007
3250, -65.0327
3251, -65.0327
3252, -68.0327
3253, -67.0433
3254, -65.0327
3255, -69.0327
3256, -65.0327
3257, -63.022
3258, -65.0327
3259, -63.022
3260, -64.022
3261, -65.0327
3262, -65.0327
3263, -70.0327
3264, -56.9901
3265, -65.0327
3266, -67.0433
3267, -66.0327
3268, -67.0433
3269, -68.0433
3270, -68.0433
3271, -63.022
3272, -69.054
3273, -65.0327
3274, -63.022
3275, -70.0327
3276, -72.0646
3277, -67.0433
3278, -63.022
3279, -65.0327
3280, -68.0433
3281, -65.0327
3282, -63.022
3283, -64.022
3284, -69.0327
3285, -69.054
3286, -67.0433
3287, -65.0327
3288, -65.0327
3289, -63.022
3290, -65.0327
3291, -65.0327
3292, -65.0327
3293, -63.022
3294, -65.0327
3295, -63.022
3296, -65.0327
3297, -69.0327
3298, -65.0327
3299, -67.0433
3300, -63.022
3301, -65.0327
3302, -65.0327
3303, -61.0114
3304, -65.0327
3305, -65.0327
3306, -67.0433
3307, -65.0327
3308, -65.0327
3309, -65.0327
3310, -66.0327
3311, -67.0433
3312, -66.0327
3313, -63.022
3314, -67.0433
3315, -64.022
3316, -67.0433
3317, -63.022
3318, -67.0433
3319, -66.0327
3320, -71.0433
3321, -65.0327
3322, -65.0327
3323, -65.0327
3324, -65.0327
3325, -69.054
3326, -67.0433
3327, -67.0433
3328, -61.0114
3329, -65.022
3330, -67.0433
3331, -63.022
3332, -60.0007
3333, -65.0327
3334, -65.0327
3335, -61.0114
3336, -63.022
3337, -67.0433
3338, -65.0327
3339, -71.0646
3340, -65.0327
3341, -65.0327
3342, -71.0646
3343, -65.0327
3344, -61.0114
3345, -70.0433
3346, -65.0327
3347, -67.0433
3348, -65.0327
3349, -66.0327
3350, -73.0646
3351, -65.0327
3352, -67.0433
3353, -63.022
3354, -67.0433
3355, -65.0327
3356, -67.0433
3357, -68.0327
3358, -67.0433
3359, -67.0433
3360, -67.0433
3361, -67.0433
3362, -65.0327
3363, -65.0327
3364, -71.0646
3365, -67.0433
3366, -67.0433
3367, -65.0327
3368, -73.0753
3369, -66.0327
3370, -65.0327
3371, -65.0327
3372, -67.0433
3373, -67.0433
3374, -65.0327
3375, -70.054
3376, -65.0327
3377, -67.0433
3378, -63.022
3379, -65.0327
3380, -63.022
3381, -66.0327
3382, -65.0327
3383, -65.0327
3384, -71.0646
3385, -69.054
3386, -71.0646
3387, -71.0433
3388, -67.0433
3389, -67.0433
3390, -63.022
3391, -67.0433
3392, -67.0433
3393, -65.0327
3394, -65.0327
3395, -61.0114
3396, -65.0327
3397, -69.054
3398, -65.0327
3399, -61.0114
3400, -65.0327
3401, -65.0327
3402, -65.0327
3403, -70.054
3404, -67.0433
3405, -63.022
3406, -65.0327
3407, -64.022
3408, -67.0433
3409, -66.0327
3410, -63.0114
3411, -71.0646
3412, -63.022
3413, -65.0327
3414, -65.0327
3415, -65.0327
3416, -63.022
3417, -65.0327
3418, -67.0327
3419, -63.022
3420, -61.0114
3421, -63.022
3422, -69.0327
3423, -67.0433
3424, -65.0327
3425, -65.0327
3426, -67.0433
3427, -61.0114
3428, -65.0327
3429, -65.0327
3430, -65.0327
3431, -67.0327
3432, -67.0433
3433, -65.0327
3434, -69.0327
3435, -65.0327
3436, -67.0433
3437, -65.0327
3438, -63.022
3439, -67.0433
3440, -63.022
3441, -66.0327
3442, -67.0433
3443, -61.0114
3444, -65.0327
3445, -63.022
3446, -63.022
3447, -65.0327
3448, -65.0327
3449, -67.0327
3450, -67.0433
3451, -65.0327
3452, -67.0433
3453, -63.022
3454, -67.0433
3455, -65.0327
3456, -65.0327
3457, -63.022
3458, -63.022
3459, -63.022
3460, -63.022
3461, -65.0327
3462, -63.022
3463, -65.0327
3464, -67.0433
3465, -65.022
3466, -56.9901
3467, -67.0433
3468, -63.022
3469, -67.022
3470, -65.0327
3471, -68.0433
3472, -63.022
3473, -65.0327
3474, -65.0327
3475, -61.0114
3476, -67.0433
3477, -65.0327
3478, -65.0327
3479, -67.0433
3480, -68.0433
3481, -71.0646
3482, -65.0327
3483, -68.0433
3484, -68.0327
3485, -65.0327
3486, -63.022
3487, -65.0327
3488, -68.0327
3489, -65.0327
3490, -65.0327
3491, -65.0327
3492, -72.0646
3493, -65.0327
3494, -67.0433
3495, -69.0433
3496, -69.054
3497, -65.0327
3498, -69.0327
3499, -63.022
3500, -65.0327
3501, -67.0433
3502, -68.0327
3503, -63.022
3504, -65.0327
3505, -66.0327
3506, -72.0433
3507, -63.022
3508, -67.0433
3509, -65.0327
3510, -63.022
3511, -65.0327
3512, -65.0327
3513, -65.0327
3514, -65.0327
3515, -61.0114
3516, -65.0327
3517, -65.0327
3518, -67.0433
3519, -67.0433
3520, -65.0327
3521, -61.0114
3522, -63.022
3523, -66.0327
3524, -66.0327
3525, -71.0433
3526, -61.0114
3527, -65.0327
3528, -63.022
3529, -66.022
3530, -63.022
3531, -73.0753
3532, -65.0327
3533, -67.0433
3534, -63.022
3535, -65.0327
3536, -63.022
3537, -59.0007
3538, -64.022
3539, -65.0327
3540, -65.0327
3541, -63.022
3542, -67.0433
3543, -63.022
3544, -65.0327
3545, -65.0327
3546, -63.022
3547, -65.0327
3548, -63.022
3549, -63.022
3550, -66.022
3551, -63.022
3552, -63.022
3553, -67.0327
3554, -63.022
3555, -64.022
3556, -63.022
3557, -68.0433
3558, -65.0327
3559, -65.0327
3560, -63.022
3561, -63.022
3562, -63.022
3563, -56.9901
3564, -63.022
3565, -65.0327
3566, -69.054
3567, -65.0327
3568, -64.022
3569, -65.0327
3570, -61.0114
3571, -63.022
3572, -65.0327
3573, -65.0327
3574, -63.022
3575, -63.022
3576, -65.0327
3577, -63.022
3578, -66.0327
3579, -65.0327
3580, -63.022
3581, -65.0327
3582, -65.0327
3583, -65.0327
3584, -63.022
3585, -68.0433
3586, -65.0327
3587, -65.0327
3588, -63.022
3589, -67.0433
3590, -64.0114
3591, -67.0433
3592, -65.0327
3593, -63.022
3594, -66.0327
3595, -65.0327
3596, -65.0327
3597, -65.0327
3598, -67.0433
3599, -67.0327
3600, -63.022
3601, -63.022
3602, -63.022
3603, -65.0327
3604, -65.0327
3605, -63.022
3606, -65.0327
3607, -65.0327
3608, -63.022
3609, -65.0327
3610, -65.0327
3611, -67.0433
3612, -65.0327
3613, -68.0327
3614, -63.022
3615, -65.0327
3616, -65.0327
3617, -65.0327
3618, -67.0433
3619, -66.0327
3620, -65.0327
3621, -66.0327
3622, -66.0327
3623, -65.0327
3624, -68.0327
3625, -69.054
3626, -63.022
3627, -67.0433
3628, -65.0327
3629, -67.0433
3630, -65.0327
3631, -68.0327
3632, -63.022
3633, -65.0327
3634, -67.0433
3635, -69.054
3636, -65.0327
3637, -67.0433
3638, -67.0433
3639, -71.0646
3640, -67.0433
3641, -65.022
3642, -63.022
3643, -63.022
3644, -73.0753
3645, -65.0327
3646, -68.022
3647, -71.0646
3648, -63.022
3649, -65.0327
3650, -73.054
3651, -63.022
3652, -65.0327
3653, -67.0433
3654, -65.0327
3655, -71.0646
3656, -67.0433
3657, -67.0433
3658, -65.0327
3659, -69.054
3660, -65.0327
3661, -65.0327
3662, -67.0433
3663, -66.0327
3664, -65.0327
3665, -74.054
3666, -65.0327
3667, -67.0433
3668, -63.022
3669, -67.0433
3670, -65.0327
3671, -65.0327
3672, -65.0327
3673, -65.0327
3674, -65.0327
3675, -68.0433
3676, -65.0327
3677, -71.0646
3678, -56.9901
3679, -65.0327
3680, -63.022
3681, -71.0646
3682, -65.0327
3683, -65.0327
3684, -73.0753
3685, -65.0327
3686, -65.0327
3687, -65.0327
3688, -61.0114
3689, -67.0433
3690, -63.022
3691, -70.0327
3692, -66.0327
3693, -65.0327
3694, -68.022
3695, -63.022
3696, -67.0433
3697, -65.0327
3698, -66.0327
3699, -68.022
3700, -65.0327
3701, -65.0327
3702, -65.0327
3703, -57.9901
3704, -65.022
3705, -66.0327
3706, -63.022
3707, -65.0327
3708, -63.022
3709, -63.022
3710, -69.054
3711, -63.022
3712, -65.0327
3713, -65.0327
3714, -65.0327
3715, -71.0646
3716, -65.0327
3717, -67.0327
3718, -63.022
3719, -68.0433
3720, -63.022
3721, -63.022
3722, -63.022
3723, -65.0327
3724, -63.022
3725, -65.0327
3726, -69.054
3727, -66.0327
3728, -64.022
3729, -65.0327
3730, -65.0327
3731, -65.0327
3732, -65.0327
3733, -63.022
3734, -63.022
3735, -65.0327
3736, -66.0327
3737, -69.054
3738, -65.0327
3739, -65.0327
3740, -66.0327
3741, -65.0327
3742, -66.0327
3743, -63.022
3744, -63.022
3745, -56.9901
3746, -65.0327
3747, -63.022
3748, -70.0433
3749, -66.022
3750, -69.054
3751, -65.0327
3752, -65.0327
3753, -65.0327
3754, -72.0433
3755, -65.0327
3756, -63.022
3757, -65.0327
3758, -66.0327
3759, -59.0007
3760, -65.0327
3761, -65.0327
3762, -63.022
3763, -71.0646
3764, -67.0327
3765, -65.0327
3766, -69.0433
3767, -63.022
3768, -65.0327
3769, -67.0433
3770, -65.0327
3771, -73.0753
3772, -65.0327
3773, -65.0327
3774, -66.0327
3775, -71.0646
3776, -67.0433
3777, -65.0327
3778, -65.0327
3779, -69.054
3780, -63.022
3781, -65.0327
3782, -71.0327
3783, -64.022
3784, -65.0327
3785, -64.022
3786, -70.0327
3787, -65.0327
3788, -61.0114
3789, -65.0327
3790, -63.022
3791, -68.0327
3792, -65.0327
3793, -67.0433
3794, -65.0327
3795, -64.022
3796, -67.0433
3797, -65.0327
3798, -64.022
3799, -63.022
3800, -65.0327
3801, -65.0327
3802, -56.9901
3803, -61.0114
3804, -65.0327
3805, -66.0327
3806, -66.022
3807, -67.0433
3808, -67.0433
3809, -68.0433
3810, -59.0007
3811, -63.022
3812, -63.022
3813, -63.022
3814, -63.022
3815, -68.0433
3816, -63.022
3817, -66.0327
3818, -65.0327
3819, -63.022
3820, -59.0007
3821, -65.0327
3822, -63.022
3823, -71.0646
3824, -65.022
3825, -65.0327
3826, -68.0327
3827, -71.0646
3828, -65.0327
3829, -67.0433
3830, -56.9901
3831, -63.022
3832, -64.022
3833, -67.0327
3834, -59.0007
3835, -63.022
3836, -65.0327
3837, -63.0114
3838, -56.9901
3839, -67.0433
3840, -65.0327
3841, -67.0433
3842, -62.0114
3843, -65.0327
3844, -67.0433
3845, -63.022
3846, -67.0433
3847, -67.0433
3848, -63.022
3849, -65.0327
3850, -65.0327
3851, -65.0327
3852, -59.0007
3853, -65.0327
3854, -65.0327
3855, -61.0114
3856, -65.0327
3857, -63.022
3858, -67.0433
3859, -64.022
3860, -65.0327
3861, -65.0327
3862, -68.022
3863, -65.0327
3864, -65.0327
3865, -68.0433
3866, -71.054
3867, -67.0433
3868, -65.0327
3869, -66.022
3870, -71.0646
3871, -67.0433
3872, -63.022
3873, -67.0433
3874, -67.0433
3875, -67.0433
3876, -69.0327
3877, -67.0433
3878, -61.0114
3879, -65.0327
3880, -67.0433
3881, -65.0327
3882, -65.0327
3883, -67.022
3884, -65.0327
3885, -59.0007
3886, -65.0327
3887, -65.0327
3888, -67.0433
3889, -65.0327
3890, -65.0327
3891, -66.0327
3892, -65.0327
3893, -63.022
3894, -65.0327
3895, -65.022
3896, -67.0433
3897, -65.0327
3898, -70.0327
3899, -65.0327
3900, -66.0327
3901, -63.022
3902, -71.0433
3903, -65.0327
3904, -65.0327
3905, -68.0433
3906, -63.022
3907, -63.022
3908, -68.0433
3909, -65.0327
3910, -56.9901
3911, -67.0433
3912, -65.0327
3913, -65.0327
3914, -63.022
3915, -65.0327
3916, -63.022
3917, -69.054
3918, -66.0327
3919, -65.0327
3920, -70.0327
3921, -69.054
3922, -69.054
3923, -63.022
3924, -73.0753
3925, -65.0327
3926, -69.054
3927, -59.0007
3928, -65.0327
3929, -65.0327
3930, -63.022
3931, -63.022
3932, -65.0327
3933, -70.0327
3934, -65.0327
3935, -65.0327
3936, -67.0327
3937, -63.022
3938, -61.0114
3939, -65.0327
3940, -65.0327
3941, -63.022
3942, -65.0327
3943, -63.022
3944, -70.0433
3945, -63.022
3946, -65.0327
3947, -65.0327
3948, -65.0327
3949, -65.0327
3950, -63.022
3951, -65.0327
3952, -61.0007
3953, -61.0114
3954, -65.0327
3955, -69.054
3956, -67.0433
3957, -65.0327
3958, -68.0327
3959, -59.0007
3960, -65.0327
3961, -65.0327
3962, -71.0646
3963, -71.0646
3964, -63.022
3965, -65.0327
3966, -61.0114
3967, -65.0327
3968, -64.022
3969, -73.0753
3970, -67.0433
3971, -66.0327
3972, -69.0327
3973, -67.0433
3974, -63.022
3975, -63.022
3976, -73.0753
3977, -63.022
3978, -61.0114
3979, -63.022
3980, -65.0327
3981, -67.0433
3982, -65.0327
3983, -56.9901
3984, -67.0433
3985, -65.0327
3986, -59.0007
3987, -63.022
3988, -65.0327
3989, -63.022
3990, -65.0327
3991, -65.0327
3992, -63.022
3993, -63.022
3994, -63.022
3995, -65.0327
3996, -65.0327
3997, -61.0114
3998, -67.0433
3999, -65.0327
4000, -68.0433
4001, -65.0327
4002, -63.022
4003, -67.0433
4004, -67.022
4005, -65.0327
4006, -65.0327
4007, -61.0114
4008, -71.0433
4009, -67.0327
4010, -63.022
4011, -56.9901
4012, -63.022
4013, -67.0433
4014, -68.0433
4015, -63.022
4016, -65.0327
4017, -65.0327
4018, -73.0753
4019, -67.0433
4020, -65.0327
4021, -70.054
4022, -67.0433
4023, -63.022
4024, -70.0433
4025, -65.0327
4026, -67.0433
4027, -66.0114
4028, -63.022
4029, -63.022
4030, -65.0327
4031, -67.0433
4032, -67.0433
4033, -63.022
4034, -66.022
4035, -61.0114
4036, -65.0327
4037, -65.0327
4038, -67.0327
4039, -61.0114
4040, -63.022
4041, -65.0327
4042, -63.022
4043, -65.0327
4044, -63.022
4045, -63.022
4046, -65.0327
4047, -69.054
4048, -65.0327
4049, -69.054
4050, -65.0327
4051, -65.0327
4052, -63.022
4053, -65.0327
4054, -65.0327
4055, -69.054
4056, -67.022
4057, -69.054
4058, -65.0327
4059, -63.022
4060, -65.0327
4061, -64.022
4062, -61.0114
4063, -65.0327
4064, -65.0327
4065, -63.022
4066, -64.022
4067, -63.022
4068, -60.0007
4069, -67.0433
4070, -67.0433
4071, -64.022
4072, -63.022
4073, -70.0327
4074, -59.0007
4075, -65.0327
4076, -65.0327
4077, -67.0433
4078, -67.0433
4079, -65.0327
4080, -63.022
4081, -65.0327
4082, -65.0327
4083, -65.0327
4084, -65.0327
4085, -61.0114
4086, -67.0433
4087, -63.022
4088, -68.0327
4089, -67.0433
4090, -67.0433
4091, -65.0327
4092, -69.0433
4093, -63.022
4094, -65.0327
4095, -63.022
