0, -84.1826
1, -82.1647
2, -84.1826
3, -84.1826
4, -84.1826
5, -83.1647
6, -82.1647
7, -84.1826
8, -84.1826
9, -81.1467
10, -76.1108
11, -78.1288
12, -78.1288
13, -74.0928
14, -80.1288
15, -70.0569
16, -71.0569
17, -70.0569
18, -68.039
19, -68.039
20, -65.0031
21, -64.0031
22, -61.9851
23, -68.021
24, -59.9672
25, -53.9133
26, -51.8954
27, -53.9133
28, -51.8954
29, -45.8415
30, -49.8774
31, -45.8415
32, -49.8415
33, -39.7876
34, -39.7876
35, -39.7876
36, -41.8056
37, -33.7338
38, -35.7517
39, -31.7158
40, -27.6799
41, -29.6979
42, -25.662
43, -25.662
44, -24.644
45, -21.626
46, -23.644
47, -21.626
48, -19.6081
49, -19.6081
50, -19.6081
51, -17.5901
52, -17.5901
53, -19.5901
54, -15.5722
55, -13.5542
56, -13.5542
57, -15.5722
58, -9.51832
59, -7.50037
60, -7.50037
61, -5.48241
62, -5.48241
63, -5.46446
64, -3.46446
65, -1.4465
66, -5.48241
67, -1.4465
68, 0.57145
69, 0.57145
70, 2.5894
71, 2.5894
72, 6.62531
73, 6.62531
74, 6.62531
75, 6.62531
76, 8.64327
77, 8.64327
78, 12.6792
79, 12.6792
80, 10.6612
81, 10.6612
82, 12.6792
83, 16.7151
84, 14.6971
85, 16.7151
86, 14.6971
87, 18.733
88, 18.733
89, 20.751
90, 20.751
91, 20.751
92, 22.7689
93, 30.8408
94, 22.7689
95, 26.8049
96, 26.8049
97, 22.7689
98, 34.8767
99, 28.8228
100, 28.8228
101, 32.8587
102, 34.8767
103, 36.8946
104, 34.8767
105, 36.8946
106, 36.8946
107, 36.8946
108, 38.9126
109, 37.9126
110, 44.9664
111, 40.9305
112, 42.9485
113, 32.8587
114, 44.9664
115, 37.9305
116, 46.9844
117, 49.0023
118, 48.0023
119, 49.0023
120, 50.0203
121, 51.0203
122, 51.0203
123, 53.0383
124, 53.0383
125, 55.0562
126, 53.0383
127, 55.0562
128, 57.0742
129, 54.0562
130, 59.0921
131, 61.1101
132, 63.128
133, 61.1101
134, 61.128
135, 65.146
136, 65.146
137, 69.1819
138, 71.1998
139, 71.1998
140, 71.1998
141, 71.1998
142, 73.2178
143, 75.2357
144, 75.2357
145, 77.2537
146, 75.2357
147, 83.3076
148, 81.2896
149, 81.2896
150, 81.2896
151, 83.3076
152, 83.3076
153, 86.3435
154, 83.3076
155, 87.3435
156, 83.3076
157, 89.3614
158, 89.3614
159, 89.3614
160, 97.4332
161, 93.3973
162, 95.4153
163, 95.4153
164, 97.4332
165, 99.4512
166, 103.487
167, 100.469
168, 101.469
169, 97.4332
170, 103.487
171, 105.505
172, 105.505
173, 109.541
174, 112.577
175, 105.505
176, 111.559
177, 111.559
178, 111.559
179, 113.595
180, 115.595
181, 115.595
182, 115.595
183, 117.613
184, 117.613
185, 117.631
186, 121.649
187, 121.649
188, 122.667
189, 118.631
190, 125.685
191, 126.703
192, 127.703
193, 129.721
194, 127.721
195, 129.721
196, 132.756
197, 131.738
198, 131.738
199, 135.774
200, 137.792
201, 137.792
202, 137.792
203, 139.81
204, 139.81
205, 139.81
206, 140.828
207, 140.828
208, 143.846
209, 143.846
210, 143.846
211, 147.9
212, 145.864
213, 147.882
214, 153.936
215, 149.9
216, 149.9
217, 151.918
218, 155.954
219, 153.936
220, 151.918
221, 155.954
222, 155.954
223, 157.972
224, 155.954
225, 159.99
226, 162.008
227, 162.008
228, 166.044
229, 161.026
230, 164.026
231, 166.044
232, 170.08
233, 166.044
234, 170.08
235, 168.062
236, 172.098
237, 170.08
238, 171.098
239, 174.115
240, 174.115
241, 176.133
242, 176.133
243, 176.133
244, 178.151
245, 180.169
246, 178.151
247, 180.169
248, 182.187
249, 182.187
250, 180.169
251, 184.205
252, 184.205
253, 186.241
254, 188.241
255, 188.241
256, 190.259
257, 188.241
258, 192.277
259, 194.295
260, 192.277
261, 190.259
262, 198.331
263, 198.331
264, 198.331
265, 200.349
266, 200.349
267, 192.277
268, 204.385
269, 201.385
270, 206.403
271, 206.403
272, 206.403
273, 204.385
274, 208.421
275, 208.421
276, 210.439
277, 212.457
278, 212.457
279, 212.475
280, 213.475
281, 216.493
282, 214.475
283, 218.51
284, 216.493
285, 218.51
286, 226.582
287, 222.546
288, 222.546
289, 219.528
290, 220.528
291, 227.6
292, 226.582
293, 236.672
294, 228.6
295, 232.636
296, 232.636
297, 234.654
298, 234.654
299, 236.672
300, 236.672
301, 238.69
302, 240.708
303, 238.69
304, 241.726
305, 242.726
306, 240.708
307, 244.744
308, 244.744
309, 242.726
310, 246.762
311, 246.762
312, 250.798
313, 252.816
314, 246.798
315, 250.798
316, 251.816
317, 254.834
318, 256.852
319, 260.888
320, 258.87
321, 258.87
322, 260.888
323, 260.888
324, 257.888
325, 264.923
326, 262.905
327, 266.941
328, 264.941
329, 266.941
330, 266.941
331, 268.959
332, 268.959
333, 270.977
334, 270.977
335, 270.977
336, 275.013
337, 272.995
338, 272.995
339, 277.031
340, 277.031
341, 279.049
342, 279.049
343, 275.013
344, 279.049
345, 281.067
346, 281.067
347, 283.085
348, 287.121
349, 285.103
350, 284.103
351, 283.085
352, 288.139
353, 289.139
354, 287.121
355, 289.139
356, 291.157
357, 292.175
358, 297.211
359, 294.193
360, 297.211
361, 297.211
362, 299.229
363, 299.229
364, 303.265
365, 301.247
366, 303.265
367, 297.211
368, 300.247
369, 305.282
370, 305.282
371, 307.3
372, 307.3
373, 305.318
374, 311.336
375, 309.318
376, 309.318
377, 307.3
378, 311.336
379, 313.354
380, 319.408
381, 315.372
382, 315.372
383, 315.372
384, 319.408
385, 323.444
386, 319.408
387, 321.426
388, 323.444
389, 329.498
390, 326.48
391, 327.48
392, 333.534
393, 329.498
394, 331.516
395, 331.516
396, 331.516
397, 330.516
398, 333.534
399, 327.48
400, 335.552
401, 337.57
402, 337.57
403, 339.588
404, 339.588
405, 341.606
406, 343.624
407, 345.642
408, 343.624
409, 343.624
410, 342.642
411, 347.66
412, 349.677
413, 349.677
414, 345.642
415, 351.695
416, 353.713
417, 355.731
418, 355.731
419, 357.749
420, 357.749
421, 351.695
422, 359.767
423, 361.785
424, 363.803
425, 359.767
426, 363.803
427, 367.839
428, 365.821
429, 365.821
430, 370.875
431, 367.839
432, 369.857
433, 368.875
434, 369.857
435, 371.875
436, 373.893
437, 377.929
438, 375.911
439, 381.983
440, 379.947
441, 388.019
442, 381.965
443, 383.983
444, 381.965
445, 383.983
446, 388.019
447, 386.001
448, 388.019
449, 389.037
450, 390.037
451, 390.037
452, 392.055
453, 390.037
454, 394.072
455, 394.072
456, 396.09
457, 396.09
458, 398.108
459, 396.108
460, 398.108
461, 402.144
462, 400.126
463, 402.144
464, 404.162
465, 406.18
466, 404.162
467, 406.18
468, 408.198
469, 414.252
470, 408.198
471, 410.216
472, 410.216
473, 410.216
474, 408.198
475, 412.234
476, 413.252
477, 416.27
478, 416.27
479, 418.288
480, 418.288
481, 422.324
482, 420.306
483, 420.306
484, 424.342
485, 430.396
486, 424.342
487, 424.342
488, 426.36
489, 424.342
490, 430.396
491, 428.378
492, 430.396
493, 429.396
494, 434.432
495, 432.414
496, 430.432
497, 438.467
498, 436.45
499, 436.45
500, 436.45
501, 434.432
502, 438.467
503, 442.503
504, 438.467
505, 445.539
506, 442.503
507, 442.503
508, 448.557
509, 444.521
510, 446.539
511, 446.539
512, 448.557
513, 449.575
514, 450.575
515, 454.611
516, 452.593
517, 454.611
518, 456.629
519, 454.611
520, 458.647
521, 458.647
522, 462.683
523, 460.665
524, 464.701
525, 464.701
526, 464.701
527, 466.719
528, 468.737
529, 466.719
530, 470.755
531, 470.755
532, 470.755
533, 472.773
534, 472.773
535, 474.791
536, 474.791
537, 474.791
538, 480.844
539, 478.827
540, 480.844
541, 475.809
542, 480.844
543, 484.88
544, 484.88
545, 484.88
546, 488.916
547, 490.934
548, 490.934
549, 487.934
550, 492.952
551, 494.97
552, 494.97
553, 494.97
554, 499.006
555, 499.006
556, 499.006
557, 501.024
558, 503.042
559, 502.06
560, 503.042
561, 505.06
562, 505.06
563, 513.132
564, 509.096
565, 505.06
566, 501.024
567, 511.114
568, 515.15
569, 515.15
570, 515.15
571, 515.15
572, 515.15
573, 517.168
574, 519.186
575, 515.15
576, 523.222
577, 523.222
578, 521.204
579, 523.222
580, 525.239
581, 523.222
582, 527.257
583, 527.257
584, 524.257
585, 533.311
586, 529.275
587, 531.293
588, 531.293
589, 531.293
590, 532.311
591, 535.329
592, 537.347
593, 537.347
594, 540.383
595, 535.365
596, 539.365
597, 541.383
598, 541.383
599, 535.329
600, 545.419
601, 543.401
602, 547.437
603, 545.419
604, 549.455
605, 549.455
606, 549.455
607, 551.473
608, 548.473
609, 553.491
610, 553.491
611, 555.509
612, 556.527
613, 559.545
614, 557.527
615, 559.545
616, 559.545
617, 555.527
618, 561.563
619, 561.563
620, 565.599
621, 563.581
622, 565.599
623, 558.581
624, 567.617
625, 567.617
626, 569.634
627, 569.634
628, 569.634
629, 573.67
630, 571.652
631, 571.652
632, 573.67
633, 573.67
634, 577.706
635, 575.688
636, 577.706
637, 579.724
638, 585.778
639, 581.742
640, 583.76
641, 579.724
642, 585.778
643, 585.778
644, 585.778
645, 587.796
646, 589.814
647, 590.832
648, 591.832
649, 591.832
650, 593.85
651, 593.85
652, 595.868
653, 597.886
654, 597.886
655, 597.886
656, 602.94
657, 597.904
658, 603.94
659, 603.94
660, 601.922
661, 605.958
662, 605.958
663, 607.976
664, 601.922
665, 609.994
666, 609.994
667, 607.976
668, 609.994
669, 618.065
670, 616.047
671, 616.047
672, 618.065
673, 618.065
674, 614.047
675, 624.119
676, 620.083
677, 622.101
678, 624.119
679, 624.119
680, 626.137
681, 628.155
682, 630.173
683, 634.209
684, 630.173
685, 632.191
686, 632.191
687, 628.155
688, 634.227
689, 636.227
690, 636.227
691, 638.245
692, 638.245
693, 644.299
694, 638.245
695, 644.299
696, 644.299
697, 646.317
698, 644.299
699, 648.335
700, 646.317
701, 650.353
702, 644.299
703, 652.371
704, 652.371
705, 654.389
706, 656.406
707, 652.389
708, 656.406
709, 656.406
710, 658.424
711, 662.46
712, 662.46
713, 661.46
714, 664.478
715, 662.46
716, 666.496
717, 664.478
718, 662.478
719, 670.532
720, 668.514
721, 668.514
722, 670.532
723, 670.532
724, 674.568
725, 672.55
726, 674.568
727, 674.568
728, 678.604
729, 672.586
730, 674.568
731, 678.604
732, 680.622
733, 680.622
734, 680.622
735, 678.604
736, 684.658
737, 684.658
738, 686.694
739, 686.676
740, 686.676
741, 688.694
742, 690.712
743, 688.694
744, 692.73
745, 690.712
746, 692.73
747, 694.748
748, 694.748
749, 696.766
750, 696.766
751, 694.748
752, 698.784
753, 698.784
754, 700.801
755, 700.801
756, 700.801
757, 701.819
758, 704.837
759, 704.837
760, 704.837
761, 706.855
762, 705.855
763, 708.873
764, 710.891
765, 703.855
766, 712.909
767, 716.945
768, 716.945
769, 714.927
770, 712.909
771, 716.945
772, 716.945
773, 718.963
774, 718.963
775, 718.963
776, 720.981
777, 725.017
778, 725.017
779, 722.999
780, 727.035
781, 729.053
782, 727.035
783, 722.999
784, 731.071
785, 731.071
786, 734.107
787, 735.107
788, 735.107
789, 733.089
790, 735.107
791, 737.125
792, 743.179
793, 741.161
794, 741.161
795, 743.179
796, 753.268
797, 745.214
798, 747.214
799, 749.232
800, 749.232
801, 749.232
802, 746.214
803, 751.25
804, 753.268
805, 755.286
806, 755.286
807, 754.286
808, 755.286
809, 757.304
810, 759.322
811, 763.358
812, 761.34
813, 761.34
814, 763.358
815, 765.376
816, 759.322
817, 767.394
818, 767.394
819, 773.466
820, 771.43
821, 771.43
822, 769.448
823, 777.484
824, 775.466
825, 775.466
826, 773.448
827, 779.502
828, 773.448
829, 779.502
830, 781.52
831, 783.538
832, 781.52
833, 787.573
834, 783.538
835, 785.556
836, 789.591
837, 781.52
838, 785.556
839, 791.609
840, 791.609
841, 791.609
842, 795.645
843, 793.627
844, 791.609
845, 795.645
846, 797.663
847, 797.663
848, 797.663
849, 799.681
850, 797.663
851, 800.699
852, 801.699
853, 798.681
854, 805.735
855, 805.735
856, 805.735
857, 809.771
858, 807.753
859, 809.771
860, 811.789
861, 805.735
862, 812.807
863, 813.807
864, 815.825
865, 815.825
866, 815.843
867, 817.843
868, 817.843
869, 819.861
870, 821.879
871, 821.879
872, 821.879
873, 822.897
874, 823.897
875, 825.915
876, 825.915
877, 825.915
878, 825.915
879, 825.915
880, 829.951
881, 827.933
882, 829.951
883, 833.986
884, 833.986
885, 833.986
886, 836.004
887, 836.004
888, 836.004
889, 836.004
890, 838.022
891, 844.076
892, 841.058
893, 844.076
894, 840.04
895, 846.094
896, 846.094
897, 850.13
898, 846.094
899, 848.112
900, 850.13
901, 852.148
902, 852.148
903, 854.166
904, 853.166
905, 856.184
906, 858.202
907, 858.202
908, 858.202
909, 860.22
910, 860.22
911, 860.22
912, 858.238
913, 862.238
914, 864.256
915, 864.256
916, 870.31
917, 868.292
918, 862.238
919, 870.31
920, 872.328
921, 870.31
922, 874.346
923, 874.346
924, 876.363
925, 876.363
926, 878.381
927, 878.381
928, 872.328
929, 880.399
930, 878.381
931, 884.435
932, 883.435
933, 884.435
934, 882.453
935, 888.471
936, 888.471
937, 886.453
938, 890.489
939, 892.507
940, 892.507
941, 892.507
942, 894.525
943, 896.543
944, 896.543
945, 896.543
946, 900.579
947, 900.579
948, 902.597
949, 902.597
950, 906.633
951, 903.615
952, 906.633
953, 904.615
954, 908.651
955, 908.651
956, 910.669
957, 910.669
958, 912.687
959, 908.651
960, 914.705
961, 914.705
962, 916.723
963, 916.723
964, 918.74
965, 916.723
966, 920.758
967, 920.758
968, 920.758
969, 922.776
970, 922.776
971, 924.794
972, 924.794
973, 926.812
974, 926.812
975, 927.83
976, 928.83
977, 930.848
978, 924.794
979, 932.866
980, 932.866
981, 934.884
982, 936.902
983, 936.902
984, 934.884
985, 942.956
986, 938.92
987, 940.938
988, 934.902
989, 942.956
990, 941.956
991, 942.956
992, 938.92
993, 946.992
994, 940.956
995, 949.01
996, 949.01
997, 953.046
998, 951.028
999, 951.028
1000, 953.046
1001, 955.064
1002, 955.064
1003, 955.064
1004, 955.064
1005, 957.082
1006, 959.1
1007, 959.1
1008, 953.046
1009, 961.118
1010, 961.118
1011, 963.135
1012, 961.118
1013, 963.135
1014, 965.153
1015, 967.171
1016, 967.171
1017, 969.189
1018, 969.189
1019, 973.225
1020, 971.207
1021, 973.225
1022, 973.225
1023, 973.225
1024, 973.225
1025, 977.261
1026, 977.261
1027, 979.279
1028, 981.297
1029, 983.315
1030, 981.297
1031, 983.315
1032, 985.333
1033, 983.315
1034, 985.333
1035, 983.315
1036, 989.369
1037, 993.405
1038, 989.369
1039, 997.441
1040, 991.387
1041, 993.405
1042, 995.423
1043, 995.423
1044, 997.441
1045, 996.459
1046, 1001.48
1047, 997.441
1048, 1003.49
1049, 1009.55
1050, 1005.51
1051, 1005.51
1052, 1009.55
1053, 1009.55
1054, 1011.57
1055, 1011.57
1056, 1009.55
1057, 1015.6
1058, 1013.58
1059, 1009.55
1060, 1013.58
1061, 1013.58
1062, 1021.66
1063, 1019.64
1064, 1023.67
1065, 1021.66
1066, 1022.67
1067, 1023.67
1068, 1025.69
1069, 1027.71
1070, 1025.69
1071, 1029.73
1072, 1029.73
1073, 1028.73
1074, 1031.75
1075, 1031.75
1076, 1037.8
1077, 1035.78
1078, 1035.78
1079, 1034.78
1080, 1039.82
1081, 1042.85
1082, 1039.82
1083, 1041.84
1084, 1041.84
1085, 1043.85
1086, 1045.87
1087, 1043.85
1088, 1047.89
1089, 1045.87
1090, 1048.91
1091, 1049.91
1092, 1049.91
1093, 1050.93
1094, 1051.93
1095, 1049.93
1096, 1051.93
1097, 1057.98
1098, 1053.94
1099, 1060
1100, 1057.98
1101, 1055.96
1102, 1057.98
1103, 1060
1104, 1062.02
1105, 1064.03
1106, 1064.03
1107, 1066.05
1108, 1066.05
1109, 1068.07
1110, 1068.07
1111, 1070.09
1112, 1070.09
1113, 1078.16
1114, 1072.1
1115, 1072.1
1116, 1070.09
1117, 1072.1
1118, 1074.12
1119, 1076.14
1120, 1078.16
1121, 1078.16
1122, 1076.14
1123, 1080.18
1124, 1082.19
1125, 1080.18
1126, 1078.16
1127, 1084.21
1128, 1084.21
1129, 1094.3
1130, 1084.21
1131, 1086.23
1132, 1086.23
1133, 1088.25
1134, 1090.27
1135, 1092.28
1136, 1092.28
1137, 1094.3
1138, 1096.32
1139, 1094.3
1140, 1096.32
1141, 1096.32
1142, 1098.34
1143, 1099.36
1144, 1104.39
1145, 1102.37
1146, 1100.37
1147, 1103.39
1148, 1106.41
1149, 1104.39
1150, 1106.41
1151, 1108.43
1152, 1116.5
1153, 1110.45
1154, 1110.45
1155, 1112.46
1156, 1112.46
1157, 1114.48
1158, 1113.48
1159, 1116.5
1160, 1110.45
1161, 1115.5
1162, 1120.54
1163, 1120.54
1164, 1120.54
1165, 1128.61
1166, 1123.57
1167, 1122.55
1168, 1130.63
1169, 1126.59
1170, 1122.55
1171, 1128.61
1172, 1128.61
1173, 1130.63
1174, 1132.64
1175, 1130.63
1176, 1134.66
1177, 1136.68
1178, 1138.7
1179, 1136.68
1180, 1138.72
1181, 1142.73
1182, 1140.72
1183, 1141.73
1184, 1140.72
1185, 1142.73
1186, 1144.75
1187, 1146.77
1188, 1146.77
1189, 1148.79
1190, 1148.79
1191, 1150.81
1192, 1149.81
1193, 1152.82
1194, 1152.82
1195, 1154.84
1196, 1154.84
1197, 1156.86
1198, 1157.89
1199, 1156.86
1200, 1160.89
1201, 1160.89
1202, 1162.91
1203, 1158.88
1204, 1162.91
1205, 1164.93
1206, 1175.02
1207, 1168.97
1208, 1168.97
1209, 1168.97
1210, 1170.98
1211, 1170
1212, 1173
1213, 1179.06
1214, 1177.04
1215, 1170.98
1216, 1179.06
1217, 1177.04
1218, 1179.06
1219, 1181.07
1220, 1181.07
1221, 1183.09
1222, 1183.09
1223, 1183.09
1224, 1183.11
1225, 1188.15
1226, 1185.11
1227, 1187.13
1228, 1193.18
1229, 1189.15
1230, 1188.16
1231, 1191.16
1232, 1193.18
1233, 1197.22
1234, 1191.16
1235, 1194.2
1236, 1197.22
1237, 1199.24
1238, 1201.25
1239, 1201.25
1240, 1201.25
1241, 1205.29
1242, 1203.27
1243, 1205.29
1244, 1197.22
1245, 1205.29
1246, 1207.31
1247, 1205.29
1248, 1209.33
1249, 1215.38
1250, 1209.33
1251, 1211.36
1252, 1211.34
1253, 1213.36
1254, 1213.36
1255, 1213.36
1256, 1217.4
1257, 1215.38
1258, 1219.42
1259, 1217.4
1260, 1219.42
1261, 1226.49
1262, 1221.43
1263, 1223.45
1264, 1221.43
1265, 1225.47
1266, 1231.52
1267, 1225.47
1268, 1227.49
1269, 1227.49
1270, 1229.51
1271, 1233.54
1272, 1230.52
1273, 1233.54
1274, 1235.56
1275, 1233.54
1276, 1235.56
1277, 1237.58
1278, 1237.58
1279, 1240.61
1280, 1239.6
1281, 1239.6
1282, 1241.61
1283, 1240.61
1284, 1240.63
1285, 1245.65
1286, 1243.63
1287, 1244.65
1288, 1245.65
1289, 1239.6
1290, 1249.68
1291, 1253.72
1292, 1250.7
1293, 1247.67
1294, 1255.74
1295, 1249.68
1296, 1255.74
1297, 1257.76
1298, 1256.76
1299, 1259.77
1300, 1261.79
1301, 1261.79
1302, 1263.81
1303, 1261.79
1304, 1265.83
1305, 1267.85
1306, 1267.85
1307, 1263.81
1308, 1273.9
1309, 1269.86
1310, 1269.86
1311, 1271.88
1312, 1273.9
1313, 1271.88
1314, 1275.92
1315, 1269.86
1316, 1275.92
1317, 1276.94
1318, 1277.95
1319, 1277.94
1320, 1279.95
1321, 1279.95
1322, 1283.99
1323, 1283.99
1324, 1286.01
1325, 1286.01
1326, 1288.03
1327, 1290.04
1328, 1292.06
1329, 1292.06
1330, 1294.08
1331, 1294.08
1332, 1292.06
1333, 1296.1
1334, 1298.12
1335, 1298.12
1336, 1298.12
1337, 1302.15
1338, 1300.13
1339, 1302.15
1340, 1302.15
1341, 1304.17
1342, 1304.17
1343, 1308.21
1344, 1308.21
1345, 1308.21
1346, 1310.22
1347, 1310.22
1348, 1310.24
1349, 1312.24
1350, 1312.24
1351, 1312.24
1352, 1311.26
1353, 1314.26
1354, 1320.31
1355, 1318.3
1356, 1318.3
1357, 1316.28
1358, 1318.3
1359, 1320.31
1360, 1322.33
1361, 1322.33
1362, 1324.35
1363, 1324.35
1364, 1326.37
1365, 1328.39
1366, 1328.39
1367, 1330.4
1368, 1334.44
1369, 1332.42
1370, 1332.42
1371, 1336.46
1372, 1334.44
1373, 1336.46
1374, 1336.46
1375, 1336.46
1376, 1336.46
1377, 1338.47
1378, 1340.49
1379, 1342.51
1380, 1346.55
1381, 1338.47
1382, 1344.53
1383, 1342.51
1384, 1344.53
1385, 1346.55
1386, 1348.56
1387, 1350.58
1388, 1347.58
1389, 1348.56
1390, 1350.58
1391, 1352.6
1392, 1354.62
1393, 1356.64
1394, 1352.6
1395, 1358.65
1396, 1356.64
1397, 1360.67
1398, 1358.65
1399, 1362.69
1400, 1360.67
1401, 1360.67
1402, 1362.69
1403, 1364.71
1404, 1364.71
1405, 1366.73
1406, 1360.67
1407, 1366.73
1408, 1366.73
1409, 1368.74
1410, 1370.76
1411, 1366.73
1412, 1370.76
1413, 1368.78
1414, 1374.8
1415, 1376.83
1416, 1374.82
1417, 1376.82
1418, 1378.83
1419, 1378.83
1420, 1376.83
1421, 1382.87
1422, 1382.87
1423, 1384.89
1424, 1384.89
1425, 1386.91
1426, 1394.98
1427, 1388.92
1428, 1388.92
1429, 1394.98
1430, 1392.96
1431, 1392.96
1432, 1394.98
1433, 1401.03
1434, 1397
1435, 1403.05
1436, 1398.01
1437, 1399.01
1438, 1397.01
1439, 1405.07
1440, 1403.05
1441, 1405.07
1442, 1404.07
1443, 1405.07
1444, 1407.09
1445, 1407.09
1446, 1413.14
1447, 1409.1
1448, 1411.12
1449, 1411.12
1450, 1413.14
1451, 1415.16
1452, 1417.18
1453, 1415.16
1454, 1413.14
1455, 1419.19
1456, 1419.19
1457, 1419.19
1458, 1421.21
1459, 1423.23
1460, 1423.23
1461, 1425.25
1462, 1425.25
1463, 1431.3
1464, 1426.28
1465, 1429.28
1466, 1431.3
1467, 1431.3
1468, 1432.32
1469, 1433.32
1470, 1433.32
1471, 1437.35
1472, 1439.37
1473, 1436.35
1474, 1437.35
1475, 1441.39
1476, 1439.37
1477, 1443.41
1478, 1441.39
1479, 1441.39
1480, 1443.41
1481, 1447.44
1482, 1446.44
1483, 1447.44
1484, 1447.44
1485, 1449.46
1486, 1449.46
1487, 1457.53
1488, 1452.5
1489, 1457.53
1490, 1455.52
1491, 1455.52
1492, 1457.53
1493, 1451.52
1494, 1458.57
1495, 1463.59
1496, 1461.57
1497, 1461.57
1498, 1461.57
1499, 1461.57
1500, 1463.59
1501, 1467.62
1502, 1467.62
1503, 1467.62
1504, 1467.62
1505, 1463.59
1506, 1471.66
1507, 1469.64
1508, 1471.66
1509, 1475.7
1510, 1475.7
1511, 1473.68
1512, 1475.7
1513, 1477.71
1514, 1483.77
1515, 1470.66
1516, 1477.71
1517, 1477.73
1518, 1479.73
1519, 1483.79
1520, 1483.77
1521, 1491.84
1522, 1485.79
1523, 1487.8
1524, 1493.86
1525, 1489.82
1526, 1482.79
1527, 1491.84
1528, 1489.82
1529, 1493.86
1530, 1495.88
1531, 1491.86
1532, 1495.88
1533, 1499.91
1534, 1497.89
1535, 1501.93
1536, 1499.91
1537, 1499.91
1538, 1498.91
1539, 1505.97
1540, 1503.95
1541, 1505.97
1542, 1505.97
1543, 1503.95
1544, 1499.95
1545, 1507.98
1546, 1510
1547, 1514.04
1548, 1512.02
1549, 1512.02
1550, 1514.04
1551, 1516.05
1552, 1518.07
1553, 1518.07
1554, 1520.09
1555, 1520.09
1556, 1522.11
1557, 1524.13
1558, 1526.14
1559, 1526.14
1560, 1526.14
1561, 1528.16
1562, 1528.16
1563, 1523.14
1564, 1532.2
1565, 1532.2
1566, 1530.2
1567, 1534.22
1568, 1534.22
1569, 1532.2
1570, 1532.2
1571, 1536.25
1572, 1538.25
1573, 1540.27
1574, 1540.29
1575, 1536.23
1576, 1541.29
1577, 1544.31
1578, 1546.32
1579, 1546.32
1580, 1548.34
1581, 1548.34
1582, 1550.36
1583, 1550.36
1584, 1552.38
1585, 1548.34
1586, 1554.4
1587, 1553.41
1588, 1554.4
1589, 1558.43
1590, 1557.43
1591, 1550.36
1592, 1560.45
1593, 1560.45
1594, 1560.45
1595, 1564.49
1596, 1564.49
1597, 1566.5
1598, 1566.5
1599, 1568.52
1600, 1568.52
1601, 1568.52
1602, 1568.52
1603, 1570.56
1604, 1572.56
1605, 1574.58
1606, 1574.58
1607, 1574.58
1608, 1584.67
1609, 1574.58
1610, 1580.63
1611, 1577.61
1612, 1578.61
1613, 1580.63
1614, 1582.65
1615, 1584.67
1616, 1583.67
1617, 1584.67
1618, 1580.63
1619, 1590.72
1620, 1584.67
1621, 1588.7
1622, 1590.72
1623, 1590.72
1624, 1592.74
1625, 1592.74
1626, 1594.76
1627, 1594.76
1628, 1594.76
1629, 1596.77
1630, 1602.83
1631, 1598.79
1632, 1598.79
1633, 1600.81
1634, 1601.83
1635, 1600.81
1636, 1604.84
1637, 1604.84
1638, 1604.84
1639, 1604.84
1640, 1612.92
1641, 1608.88
1642, 1604.84
1643, 1610.9
1644, 1610.9
1645, 1612.92
1646, 1610.9
1647, 1608.88
1648, 1610.92
1649, 1616.95
1650, 1614.93
1651, 1618.97
1652, 1618.97
1653, 1618.97
1654, 1618.97
1655, 1620.99
1656, 1625.02
1657, 1623.01
1658, 1625.02
1659, 1625.02
1660, 1627.04
1661, 1629.06
1662, 1634.11
1663, 1631.08
1664, 1629.08
1665, 1631.08
1666, 1633.1
1667, 1633.1
1668, 1635.11
1669, 1639.15
1670, 1637.13
1671, 1639.15
1672, 1637.13
1673, 1636.15
1674, 1637.13
1675, 1643.19
1676, 1641.17
1677, 1647.22
1678, 1649.24
1679, 1643.2
1680, 1647.22
1681, 1653.28
1682, 1650.26
1683, 1647.22
1684, 1654.29
1685, 1653.28
1686, 1653.28
1687, 1655.29
1688, 1660.35
1689, 1659.33
1690, 1657.31
1691, 1657.33
1692, 1661.35
1693, 1661.35
1694, 1661.35
1695, 1663.37
1696, 1665.38
1697, 1665.38
1698, 1667.4
1699, 1667.4
1700, 1669.42
1701, 1669.42
1702, 1671.44
1703, 1671.44
1704, 1673.46
1705, 1673.46
1706, 1675.47
1707, 1677.49
1708, 1677.49
1709, 1679.51
1710, 1679.51
1711, 1683.55
1712, 1685.56
1713, 1683.55
1714, 1683.55
1715, 1683.55
1716, 1681.56
1717, 1689.6
1718, 1687.58
1719, 1689.6
1720, 1689.6
1721, 1687.58
1722, 1691.62
1723, 1691.62
1724, 1695.65
1725, 1695.65
1726, 1697.67
1727, 1697.67
1728, 1695.65
1729, 1701.71
1730, 1701.71
1731, 1707.76
1732, 1699.69
1733, 1701.71
1734, 1707.76
1735, 1703.72
1736, 1705.74
1737, 1705.74
1738, 1707.76
1739, 1708.78
1740, 1709.78
1741, 1711.8
1742, 1711.8
1743, 1719.87
1744, 1709.81
1745, 1713.81
1746, 1715.83
1747, 1717.85
1748, 1723.92
1749, 1719.87
1750, 1719.87
1751, 1721.89
1752, 1721.89
1753, 1716.87
1754, 1723.9
1755, 1725.92
1756, 1725.92
1757, 1724.92
1758, 1726.94
1759, 1725.92
1760, 1729.96
1761, 1731.98
1762, 1733.99
1763, 1733.99
1764, 1736.01
1765, 1736.01
1766, 1736.01
1767, 1738.03
1768, 1736.01
1769, 1738.03
1770, 1735.01
1771, 1742.07
1772, 1742.07
1773, 1742.07
1774, 1744.08
1775, 1742.07
1776, 1748.12
1777, 1746.1
1778, 1746.1
1779, 1748.12
1780, 1748.12
1781, 1750.14
1782, 1749.14
1783, 1750.14
1784, 1752.16
1785, 1754.17
1786, 1754.17
1787, 1756.19
1788, 1756.19
1789, 1758.21
1790, 1758.21
1791, 1760.23
1792, 1760.23
1793, 1760.23
1794, 1762.25
1795, 1764.26
1796, 1766.28
1797, 1766.28
1798, 1764.26
1799, 1767.3
1800, 1768.3
1801, 1768.3
1802, 1764.26
1803, 1770.32
1804, 1771.35
1805, 1782.42
1806, 1774.35
1807, 1776.37
1808, 1776.37
1809, 1778.39
1810, 1777.41
1811, 1782.42
1812, 1782.42
1813, 1784.44
1814, 1784.44
1815, 1786.46
1816, 1785.46
1817, 1786.46
1818, 1786.46
1819, 1790.5
1820, 1798.57
1821, 1792.51
1822, 1792.51
1823, 1794.53
1824, 1800.59
1825, 1794.53
1826, 1796.55
1827, 1792.51
1828, 1798.57
1829, 1800.59
1830, 1802.6
1831, 1802.6
1832, 1802.6
1833, 1804.62
1834, 1808.66
1835, 1806.64
1836, 1802.6
1837, 1810.68
1838, 1808.66
1839, 1810.68
1840, 1810.68
1841, 1813.71
1842, 1813.71
1843, 1816.73
1844, 1816.73
1845, 1814.71
1846, 1818.75
1847, 1818.75
1848, 1822.78
1849, 1820.77
1850, 1817.78
1851, 1824.8
1852, 1824.8
1853, 1826.82
1854, 1826.82
1855, 1828.84
1856, 1830.86
1857, 1830.86
1858, 1830.86
1859, 1828.84
1860, 1832.87
1861, 1834.89
1862, 1832.87
1863, 1836.91
1864, 1838.93
1865, 1830.86
1866, 1838.93
1867, 1838.93
1868, 1840.95
1869, 1842.96
1870, 1836.93
1871, 1844.98
1872, 1843.98
1873, 1847
1874, 1847
1875, 1851.04
1876, 1849.02
1877, 1849.02
1878, 1851.04
1879, 1853.05
1880, 1853.05
1881, 1855.07
1882, 1855.07
1883, 1855.07
1884, 1855.09
1885, 1856.09
1886, 1859.11
1887, 1866.18
1888, 1863.14
1889, 1863.14
1890, 1863.14
1891, 1856.09
1892, 1863.14
1893, 1863.14
1894, 1865.16
1895, 1867.18
1896, 1865.2
1897, 1869.2
1898, 1869.2
1899, 1870.21
1900, 1871.21
1901, 1875.25
1902, 1877.27
1903, 1875.25
1904, 1875.25
1905, 1879.29
1906, 1875.25
1907, 1879.29
1908, 1879.29
1909, 1881.3
1910, 1881.3
1911, 1881.32
1912, 1883.32
1913, 1882.32
1914, 1887.36
1915, 1885.34
1916, 1887.36
1917, 1889.38
1918, 1889.38
1919, 1889.38
1920, 1891.39
1921, 1889.38
1922, 1895.43
1923, 1895.43
1924, 1895.43
1925, 1897.45
1926, 1893.41
1927, 1897.45
1928, 1897.45
1929, 1899.47
1930, 1903.5
1931, 1901.48
1932, 1903.5
1933, 1905.52
1934, 1905.52
1935, 1909.56
1936, 1906.56
1937, 1903.5
1938, 1909.56
1939, 1911.57
1940, 1911.57
1941, 1911.57
1942, 1909.56
1943, 1915.61
1944, 1915.61
1945, 1917.63
1946, 1921.66
1947, 1915.61
1948, 1919.65
1949, 1915.61
1950, 1917.66
1951, 1923.68
1952, 1925.7
1953, 1925.7
1954, 1927.72
1955, 1924.72
1956, 1927.72
1957, 1929.74
1958, 1931.75
1959, 1931.75
1960, 1935.79
1961, 1935.79
1962, 1927.72
1963, 1937.81
1964, 1939.83
1965, 1939.83
1966, 1939.83
1967, 1941.84
1968, 1943.86
1969, 1935.79
1970, 1945.88
1971, 1945.88
1972, 1947.9
1973, 1947.9
1974, 1947.9
1975, 1943.9
1976, 1949.91
1977, 1949.91
1978, 1951.93
1979, 1953.95
1980, 1955.97
1981, 1951.93
1982, 1955.97
1983, 1955.97
1984, 1957.99
1985, 1962.02
1986, 1957.99
1987, 1962.02
1988, 1962.02
1989, 1962.02
1990, 1968.08
1991, 1964.04
1992, 1966.06
1993, 1965.08
1994, 1968.08
1995, 1974.13
1996, 1971.11
1997, 1972.11
1998, 1972.11
1999, 1972.11
2000, 1971.13
2001, 1976.15
2002, 1974.13
2003, 1976.15
2004, 1982.2
2005, 1980.18
2006, 1982.2
2007, 1982.2
2008, 1980.18
2009, 1984.22
2010, 1984.22
2011, 1986.24
2012, 1986.24
2013, 1991.29
2014, 1988.26
2015, 1986.24
2016, 1988.26
2017, 1992.29
2018, 1988.26
2019, 1992.29
2020, 1994.31
2021, 1994.31
2022, 1992.29
2023, 1998.35
2024, 1998.35
2025, 1998.35
2026, 2000.36
2027, 1990.31
2028, 2002.38
2029, 2004.4
2030, 2004.4
2031, 2006.42
2032, 2003.42
2033, 2006.42
2034, 2008.44
2035, 2008.44
2036, 2012.47
2037, 2014.49
2038, 2010.45
2039, 2006.44
2040, 2014.49
2041, 2013.51
2042, 2018.53
2043, 2018.53
2044, 2016.51
2045, 2024.58
2046, 2018.53
2047, 2020.54
2048, 2020.54
2049, 2022.56
2050, 2018.53
2051, 2024.58
2052, 2025.6
2053, 2028.62
2054, 2028.62
2055, 2027.63
2056, 2034.67
2057, 2031.65
2058, 2034.67
2059, 2032.67
2060, 2038.7
2061, 2036.69
2062, 2040.72
2063, 2041.74
2064, 2040.72
2065, 2042.74
2066, 2041.74
2067, 2044.76
2068, 2044.76
2069, 2046.78
2070, 2038.7
2071, 2048.79
2072, 2048.79
2073, 2050.81
2074, 2050.81
2075, 2052.83
2076, 2044.78
2077, 2054.85
2078, 2054.85
2079, 2056.87
2080, 2054.85
2081, 2058.88
2082, 2058.88
2083, 2060.9
2084, 2062.92
2085, 2065.96
2086, 2062.92
2087, 2064.94
2088, 2064.94
2089, 2066.96
2090, 2064.94
2091, 2068.97
2092, 2068.97
2093, 2068.99
2094, 2073.01
2095, 2073.01
2096, 2075.03
2097, 2075.03
2098, 2073.05
2099, 2077.05
2100, 2079.06
2101, 2079.06
2102, 2081.08
2103, 2081.08
2104, 2083.1
2105, 2083.1
2106, 2083.1
2107, 2087.14
2108, 2087.14
2109, 2087.14
2110, 2089.15
2111, 2089.15
2112, 2091.17
2113, 2091.17
2114, 2093.19
2115, 2093.19
2116, 2093.19
2117, 2097.23
2118, 2097.23
2119, 2101.26
2120, 2099.24
2121, 2100.26
2122, 2101.26
2123, 2103.28
2124, 2101.26
2125, 2101.26
2126, 2109.33
2127, 2107.32
2128, 2109.33
2129, 2105.32
2130, 2109.33
2131, 2111.35
2132, 2111.35
2133, 2113.37
2134, 2111.35
2135, 2109.33
2136, 2114.39
2137, 2115.39
2138, 2113.37
2139, 2117.41
2140, 2119.42
2141, 2119.42
2142, 2121.44
2143, 2120.46
2144, 2123.46
2145, 2123.46
2146, 2121.46
2147, 2123.46
2148, 2120.48
2149, 2125.48
2150, 2129.51
2151, 2129.51
2152, 2127.49
2153, 2131.53
2154, 2135.57
2155, 2133.55
2156, 2133.55
2157, 2137.58
2158, 2143.64
2159, 2137.58
2160, 2135.57
2161, 2139.6
2162, 2140.62
2163, 2139.6
2164, 2141.62
2165, 2143.64
2166, 2143.64
2167, 2145.66
2168, 2147.67
2169, 2145.66
2170, 2147.67
2171, 2148.71
2172, 2148.69
2173, 2151.71
2174, 2151.71
2175, 2150.71
2176, 2153.73
2177, 2153.73
2178, 2159.78
2179, 2157.76
2180, 2157.76
2181, 2159.78
2182, 2161.8
2183, 2159.78
2184, 2160.8
2185, 2163.82
2186, 2165.84
2187, 2165.84
2188, 2167.85
2189, 2169.87
2190, 2169.87
2191, 2169.87
2192, 2171.89
2193, 2171.89
2194, 2173.91
2195, 2173.93
2196, 2171.89
2197, 2175.93
2198, 2177.94
2199, 2186.02
2200, 2177.94
2201, 2173.94
2202, 2181.98
2203, 2177.94
2204, 2181
2205, 2179.96
2206, 2188.03
2207, 2184
2208, 2187.03
2209, 2188.03
2210, 2190.05
2211, 2192.07
2212, 2189.05
2213, 2192.09
2214, 2194.09
2215, 2196.11
2216, 2198.12
2217, 2200.14
2218, 2200.14
2219, 2200.14
2220, 2202.16
2221, 2204.18
2222, 2202.16
2223, 2204.18
2224, 2203.18
2225, 2206.2
2226, 2202.16
2227, 2208.21
2228, 2210.23
2229, 2210.23
2230, 2210.23
2231, 2212.25
2232, 2208.21
2233, 2214.27
2234, 2216.28
2235, 2218.3
2236, 2216.28
2237, 2221.34
2238, 2220.32
2239, 2222.34
2240, 2223.36
2241, 2222.34
2242, 2224.36
2243, 2224.36
2244, 2226.37
2245, 2226.37
2246, 2230.41
2247, 2232.43
2248, 2230.41
2249, 2231.43
2250, 2228.39
2251, 2232.43
2252, 2234.45
2253, 2234.45
2254, 2232.43
2255, 2239.52
2256, 2238.48
2257, 2238.48
2258, 2240.5
2259, 2234.45
2260, 2242.52
2261, 2242.52
2262, 2242.52
2263, 2244.54
2264, 2240.5
2265, 2246.55
2266, 2246.55
2267, 2246.55
2268, 2252.61
2269, 2246.55
2270, 2250.59
2271, 2252.61
2272, 2254.63
2273, 2253.63
2274, 2256.64
2275, 2254.63
2276, 2253.64
2277, 2260.68
2278, 2258.66
2279, 2258.66
2280, 2259.68
2281, 2266.73
2282, 2262.7
2283, 2264.72
2284, 2260.68
2285, 2266.73
2286, 2258.68
2287, 2268.75
2288, 2268.75
2289, 2267.75
2290, 2268.75
2291, 2272.79
2292, 2270.77
2293, 2272.79
2294, 2274.81
2295, 2274.81
2296, 2269.79
2297, 2275.82
2298, 2276.82
2299, 2278.84
2300, 2276.82
2301, 2278.84
2302, 2280.86
2303, 2280.86
2304, 2282.88
2305, 2281.88
2306, 2284.9
2307, 2281.88
2308, 2291.97
2309, 2288.93
2310, 2292.97
2311, 2290.95
2312, 2292.97
2313, 2292.97
2314, 2294.99
2315, 2294.99
2316, 2297
2317, 2299.02
2318, 2299.02
2319, 2299.02
2320, 2299.02
2321, 2301.04
2322, 2292.99
2323, 2305.07
2324, 2305.07
2325, 2305.07
2326, 2307.09
2327, 2309.11
2328, 2313.15
2329, 2313.15
2330, 2311.13
2331, 2313.15
2332, 2321.22
2333, 2312.16
2334, 2315.16
2335, 2314.16
2336, 2317.18
2337, 2316.18
2338, 2319.2
2339, 2320.22
2340, 2323.24
2341, 2323.24
2342, 2323.24
2343, 2323.24
2344, 2327.27
2345, 2323.24
2346, 2329.29
2347, 2329.29
2348, 2331.31
2349, 2333.33
2350, 2333.33
2351, 2333.33
2352, 2335.34
2353, 2335.34
2354, 2339.38
2355, 2339.38
2356, 2337.36
2357, 2339.38
2358, 2341.4
2359, 2341.4
2360, 2343.42
2361, 2341.42
2362, 2345.43
2363, 2351.49
2364, 2349.47
2365, 2349.47
2366, 2349.47
2367, 2345.43
2368, 2351.49
2369, 2352.51
2370, 2353.51
2371, 2355.52
2372, 2363.6
2373, 2355.52
2374, 2357.54
2375, 2356.54
2376, 2361.58
2377, 2361.58
2378, 2361.58
2379, 2363.6
2380, 2363.6
2381, 2357.54
2382, 2365.61
2383, 2365.61
2384, 2367.63
2385, 2369.65
2386, 2369.65
2387, 2371.67
2388, 2369.65
2389, 2371.67
2390, 2373.69
2391, 2371.67
2392, 2375.7
2393, 2375.7
2394, 2377.72
2395, 2377.72
2396, 2376.72
2397, 2379.74
2398, 2381.76
2399, 2383.78
2400, 2381.76
2401, 2383.78
2402, 2380.78
2403, 2383.78
2404, 2389.83
2405, 2387.81
2406, 2387.81
2407, 2389.83
2408, 2389.83
2409, 2395.88
2410, 2399.92
2411, 2393.86
2412, 2393.86
2413, 2395.88
2414, 2393.86
2415, 2399.92
2416, 2397.9
2417, 2399.92
2418, 2403.99
2419, 2399.92
2420, 2401.94
2421, 2403.95
2422, 2399.92
2423, 2399.92
2424, 2405.97
2425, 2405.97
2426, 2407.99
2427, 2407.99
2428, 2409.01
2429, 2412.03
2430, 2409.01
2431, 2412.03
2432, 2414.04
2433, 2416.06
2434, 2416.06
2435, 2420.1
2436, 2418.08
2437, 2418.08
2438, 2420.1
2439, 2420.1
2440, 2422.12
2441, 2422.12
2442, 2424.13
2443, 2426.15
2444, 2428.17
2445, 2428.17
2446, 2428.17
2447, 2428.17
2448, 2430.19
2449, 2430.19
2450, 2434.22
2451, 2436.24
2452, 2436.24
2453, 2436.24
2454, 2438.26
2455, 2440.28
2456, 2440.28
2457, 2442.3
2458, 2442.3
2459, 2442.3
2460, 2442.3
2461, 2445.33
2462, 2442.3
2463, 2443.33
2464, 2446.33
2465, 2448.35
2466, 2450.37
2467, 2446.37
2468, 2452.39
2469, 2454.4
2470, 2456.42
2471, 2464.49
2472, 2456.42
2473, 2454.4
2474, 2454.44
2475, 2466.51
2476, 2460.46
2477, 2462.48
2478, 2463.49
2479, 2470.55
2480, 2462.49
2481, 2466.51
2482, 2462.48
2483, 2464.49
2484, 2467.55
2485, 2470.55
2486, 2472.57
2487, 2474.58
2488, 2468.53
2489, 2472.57
2490, 2472.57
2491, 2478.62
2492, 2476.6
2493, 2480.64
2494, 2478.62
2495, 2482.65
2496, 2480.64
2497, 2490.73
2498, 2482.65
2499, 2484.67
2500, 2483.69
2501, 2486.69
2502, 2484.67
2503, 2488.71
2504, 2491.76
2505, 2490.73
2506, 2492.74
2507, 2490.73
2508, 2496.78
2509, 2492.74
2510, 2494.76
2511, 2496.78
2512, 2496.78
2513, 2498.8
2514, 2498.8
2515, 2498.8
2516, 2498.8
2517, 2502.83
2518, 2502.83
2519, 2502.83
2520, 2500.82
2521, 2502.83
2522, 2504.85
2523, 2506.87
2524, 2508.89
2525, 2508.89
2526, 2508.92
2527, 2510.91
2528, 2510.91
2529, 2511.92
2530, 2512.92
2531, 2502.83
2532, 2516.96
2533, 2516.96
2534, 2521
2535, 2526.05
2536, 2523.01
2537, 2523.01
2538, 2523.01
2539, 2525.03
2540, 2529.07
2541, 2525.03
2542, 2527.05
2543, 2529.07
2544, 2531.09
2545, 2535.12
2546, 2531.09
2547, 2529.07
2548, 2531.09
2549, 2539.16
2550, 2533.1
2551, 2537.14
2552, 2535.12
2553, 2535.12
2554, 2539.16
2555, 2539.16
2556, 2537.16
2557, 2541.18
2558, 2541.18
2559, 2542.19
2560, 2545.21
2561, 2545.21
2562, 2544.21
2563, 2541.18
2564, 2547.23
2565, 2549.25
2566, 2551.27
2567, 2553.28
2568, 2553.28
2569, 2549.25
2570, 2553.28
2571, 2555.3
2572, 2558.36
2573, 2557.32
2574, 2559.34
2575, 2561.36
2576, 2561.36
2577, 2563.37
2578, 2561.36
2579, 2563.37
2580, 2566.44
2581, 2565.39
2582, 2567.41
2583, 2569.43
2584, 2565.39
2585, 2573.46
2586, 2571.44
2587, 2571.44
2588, 2572.46
2589, 2569.43
2590, 2574.48
2591, 2577.5
2592, 2576.5
2593, 2575.48
2594, 2581.53
2595, 2581.53
2596, 2583.55
2597, 2583.55
2598, 2585.57
2599, 2587.59
2600, 2587.59
2601, 2585.57
2602, 2585.57
2603, 2589.61
2604, 2591.62
2605, 2585.57
2606, 2593.64
2607, 2595.66
2608, 2593.66
2609, 2597.68
2610, 2598.7
2611, 2597.68
2612, 2599.7
2613, 2601.71
2614, 2603.73
2615, 2601.71
2616, 2605.75
2617, 2605.75
2618, 2605.75
2619, 2607.77
2620, 2611.8
2621, 2607.77
2622, 2605.75
2623, 2609.79
2624, 2611.8
2625, 2613.82
2626, 2613.82
2627, 2615.84
2628, 2615.84
2629, 2617.86
2630, 2617.86
2631, 2619.88
2632, 2619.88
2633, 2621.89
2634, 2620.91
2635, 2623.91
2636, 2623.91
2637, 2623.91
2638, 2625.93
2639, 2629.97
2640, 2625.93
2641, 2627.95
2642, 2629.97
2643, 2629.97
2644, 2634
2645, 2631.98
2646, 2633
2647, 2636.02
2648, 2633
2649, 2636.02
2650, 2634
2651, 2638.04
2652, 2640.06
2653, 2638.06
2654, 2642.07
2655, 2642.07
2656, 2644.09
2657, 2648.13
2658, 2646.11
2659, 2645.11
2660, 2648.13
2661, 2650.14
2662, 2650.14
2663, 2650.14
2664, 2652.16
2665, 2652.16
2666, 2660.23
2667, 2656.2
2668, 2656.2
2669, 2656.2
2670, 2664.27
2671, 2658.22
2672, 2660.23
2673, 2661.25
2674, 2662.25
2675, 2662.25
2676, 2662.25
2677, 2664.27
2678, 2666.29
2679, 2666.29
2680, 2668.31
2681, 2668.31
2682, 2667.31
2683, 2673.36
2684, 2670.32
2685, 2672.34
2686, 2672.34
2687, 2676.38
2688, 2674.36
2689, 2676.38
2690, 2678.4
2691, 2672.34
2692, 2680.41
2693, 2684.45
2694, 2681.43
2695, 2682.43
2696, 2684.45
2697, 2684.45
2698, 2686.47
2699, 2686.49
2700, 2688.49
2701, 2688.49
2702, 2686.47
2703, 2692.52
2704, 2692.52
2705, 2694.54
2706, 2694.54
2707, 2702.61
2708, 2693.56
2709, 2696.56
2710, 2700.61
2711, 2698.58
2712, 2698.58
2713, 2702.61
2714, 2702.61
2715, 2704.63
2716, 2704.63
2717, 2706.65
2718, 2708.67
2719, 2706.65
2720, 2710.68
2721, 2712.7
2722, 2712.7
2723, 2716.74
2724, 2712.7
2725, 2714.72
2726, 2716.74
2727, 2714.72
2728, 2716.74
2729, 2718.76
2730, 2720.77
2731, 2722.79
2732, 2722.79
2733, 2724.81
2734, 2724.81
2735, 2726.83
2736, 2722.79
2737, 2728.85
2738, 2728.85
2739, 2728.86
2740, 2728.85
2741, 2732.88
2742, 2734.9
2743, 2734.9
2744, 2736.92
2745, 2736.92
2746, 2738.93
2747, 2736.92
2748, 2738.93
2749, 2740.95
2750, 2732.92
2751, 2744.99
2752, 2742.97
2753, 2744.99
2754, 2753.06
2755, 2747.01
2756, 2747.01
2757, 2746.02
2758, 2755.08
2759, 2753.06
2760, 2753.06
2761, 2753.06
2762, 2751.04
2763, 2752.08
2764, 2755.08
2765, 2755.08
2766, 2759.11
2767, 2761.13
2768, 2761.13
2769, 2761.13
2770, 2756.1
2771, 2763.15
2772, 2760.17
2773, 2763.15
2774, 2763.15
2775, 2765.17
2776, 2767.19
2777, 2769.2
2778, 2769.2
2779, 2767.2
2780, 2771.22
2781, 2774.28
2782, 2773.24
2783, 2775.26
2784, 2775.26
2785, 2777.28
2786, 2777.28
2787, 2779.29
2788, 2777.28
2789, 2781.31
2790, 2782.35
2791, 2781.31
2792, 2777.28
2793, 2785.35
2794, 2789.38
2795, 2787.37
2796, 2787.37
2797, 2797.46
2798, 2789.38
2799, 2787.38
2800, 2791.4
2801, 2793.42
2802, 2793.42
2803, 2793.42
2804, 2795.44
2805, 2795.44
2806, 2795.44
2807, 2797.46
2808, 2799.47
2809, 2799.47
2810, 2799.47
2811, 2801.49
2812, 2801.49
2813, 2802.51
2814, 2805.53
2815, 2805.53
2816, 2807.55
2817, 2807.55
2818, 2802.53
2819, 2809.56
2820, 2813.6
2821, 2811.6
2822, 2815.62
2823, 2813.6
2824, 2815.62
2825, 2811.58
2826, 2817.64
2827, 2819.65
2828, 2817.64
2829, 2819.65
2830, 2821.67
2831, 2822.69
2832, 2825.71
2833, 2825.71
2834, 2826.72
2835, 2824.72
2836, 2827.72
2837, 2829.74
2838, 2829.74
2839, 2831.76
2840, 2826.74
2841, 2833.78
2842, 2835.8
2843, 2835.8
2844, 2837.81
2845, 2845.89
2846, 2837.81
2847, 2841.85
2848, 2843.87
2849, 2840.85
2850, 2841.87
2851, 2845.89
2852, 2843.87
2853, 2845.89
2854, 2849.92
2855, 2847.9
2856, 2849.92
2857, 2851.94
2858, 2851.94
2859, 2852.96
2860, 2853.96
2861, 2853.96
2862, 2853.96
2863, 2857.99
2864, 2856.99
2865, 2857.99
2866, 2857.99
2867, 2862.03
2868, 2862.03
2869, 2864.05
2870, 2864.05
2871, 2866.07
2872, 2866.07
2873, 2864.05
2874, 2868.08
2875, 2869.1
2876, 2878.17
2877, 2872.12
2878, 2872.12
2879, 2874.14
2880, 2876.16
2881, 2880.23
2882, 2878.17
2883, 2878.17
2884, 2878.17
2885, 2882.21
2886, 2882.21
2887, 2880.19
2888, 2886.25
2889, 2883.23
2890, 2884.23
2891, 2882.23
2892, 2886.25
2893, 2886.25
2894, 2888.26
2895, 2888.26
2896, 2888.26
2897, 2892.3
2898, 2892.3
2899, 2889.32
2900, 2894.32
2901, 2894.32
2902, 2894.32
2903, 2892.3
2904, 2896.34
2905, 2898.35
2906, 2900.37
2907, 2908.44
2908, 2900.37
2909, 2904.41
2910, 2906.43
2911, 2904.41
2912, 2903.43
2913, 2906.43
2914, 2908.44
2915, 2908.44
2916, 2912.48
2917, 2910.46
2918, 2912.48
2919, 2910.46
2920, 2912.48
2921, 2914.5
2922, 2913.51
2923, 2916.51
2924, 2918.53
2925, 2916.51
2926, 2913.51
2927, 2920.57
2928, 2920.55
2929, 2922.57
2930, 2922.57
2931, 2926.6
2932, 2924.59
2933, 2926.6
2934, 2926.6
2935, 2926.6
2936, 2929.64
2937, 2926.6
2938, 2930.64
2939, 2930.64
2940, 2937.71
2941, 2932.66
2942, 2934.68
2943, 2932.68
2944, 2936.69
2945, 2932.66
2946, 2938.71
2947, 2940.73
2948, 2940.73
2949, 2942.75
2950, 2940.73
2951, 2944.77
2952, 2944.77
2953, 2946.78
2954, 2946.78
2955, 2944.77
2956, 2946.78
2957, 2952.84
2958, 2952.84
2959, 2952.84
2960, 2952.84
2961, 2952.84
2962, 2956.87
2963, 2956.87
2964, 2956.87
2965, 2956.87
2966, 2958.89
2967, 2957.89
2968, 2962.93
2969, 2960.91
2970, 2962.93
2971, 2962.93
2972, 2964.96
2973, 2966.96
2974, 2968.98
2975, 2966.96
2976, 2963.98
2977, 2970
2978, 2973.02
2979, 2973.02
2980, 2980.09
2981, 2975.04
2982, 2975.04
2983, 2979.07
2984, 2977.05
2985, 2981.09
2986, 2981.09
2987, 2979.07
2988, 2983.11
2989, 2983.11
2990, 2979.07
2991, 2987.14
2992, 2985.13
2993, 2987.14
2994, 2989.16
2995, 2989.16
2996, 2993.2
2997, 2991.18
2998, 2993.2
2999, 2995.22
3000, 2995.22
3001, 2997.23
3002, 2999.25
3003, 2991.18
3004, 3001.27
3005, 3001.27
3006, 3001.27
3007, 3003.29
3008, 2999.25
3009, 3003.29
3010, 3007.32
3011, 3011.36
3012, 3005.3
3013, 3015.39
3014, 3009.34
3015, 3013.38
3016, 3010.36
3017, 3011.36
3018, 3015.39
3019, 3021.45
3020, 3017.41
3021, 3023.47
3022, 3019.43
3023, 3017.41
3024, 3021.45
3025, 3021.45
3026, 3013.38
3027, 3021.45
3028, 3021.45
3029, 3027.5
3030, 3025.48
3031, 3021.45
3032, 3027.5
3033, 3029.52
3034, 3029.52
3035, 3029.52
3036, 3031.54
3037, 3033.56
3038, 3033.56
3039, 3035.57
3040, 3037.59
3041, 3035.57
3042, 3039.61
3043, 3039.61
3044, 3039.61
3045, 3038.61
3046, 3041.63
3047, 3043.65
3048, 3041.63
3049, 3045.66
3050, 3043.65
3051, 3049.7
3052, 3047.68
3053, 3047.68
3054, 3049.7
3055, 3051.72
3056, 3053.74
3057, 3051.72
3058, 3053.74
3059, 3053.74
3060, 3055.75
3061, 3055.75
3062, 3057.77
3063, 3052.75
3064, 3061.81
3065, 3059.79
3066, 3059.79
3067, 3061.81
3068, 3063.83
3069, 3063.83
3070, 3063.83
3071, 3067.86
3072, 3067.86
3073, 3067.86
3074, 3065.84
3075, 3071.9
3076, 3072.92
3077, 3073.92
3078, 3080.99
3079, 3075.93
3080, 3073.92
3081, 3077.95
3082, 3079.97
3083, 3079.97
3084, 3081.99
3085, 3081.99
3086, 3083.01
3087, 3084.01
3088, 3086.02
3089, 3086.02
3090, 3087.04
3091, 3088.04
3092, 3090.06
3093, 3092.08
3094, 3092.08
3095, 3086.02
3096, 3094.09
3097, 3096.11
3098, 3096.11
3099, 3096.11
3100, 3098.13
3101, 3098.13
3102, 3100.15
3103, 3102.17
3104, 3098.17
3105, 3102.17
3106, 3108.22
3107, 3106.2
3108, 3106.2
3109, 3108.22
3110, 3108.22
3111, 3110.24
3112, 3110.24
3113, 3110.24
3114, 3114.27
3115, 3114.27
3116, 3116.29
3117, 3113.31
3118, 3118.31
3119, 3120.33
3120, 3120.33
3121, 3120.33
3122, 3120.33
3123, 3122.35
3124, 3126.38
3125, 3122.35
3126, 3124.36
3127, 3126.38
3128, 3130.42
3129, 3128.4
3130, 3134.45
3131, 3131.44
3132, 3132.44
3133, 3134.45
3134, 3132.44
3135, 3136.47
3136, 3136.47
3137, 3138.49
3138, 3136.49
3139, 3140.51
3140, 3142.53
3141, 3138.51
3142, 3147.58
3143, 3142.53
3144, 3146.56
3145, 3147.58
3146, 3148.58
3147, 3146.56
3148, 3148.58
3149, 3143.54
3150, 3148.58
3151, 3150.6
3152, 3152.62
3153, 3154.63
3154, 3156.65
3155, 3148.58
3156, 3156.65
3157, 3156.65
3158, 3156.65
3159, 3158.67
3160, 3160.69
3161, 3158.67
3162, 3162.71
3163, 3162.71
3164, 3166.74
3165, 3172.8
3166, 3164.72
3167, 3170.78
3168, 3168.76
3169, 3170.78
3170, 3168.76
3171, 3168.78
3172, 3170.78
3173, 3172.8
3174, 3170.78
3175, 3174.81
3176, 3176.83
3177, 3176.83
3178, 3178.85
3179, 3180.87
3180, 3174.81
3181, 3180.87
3182, 3180.87
3183, 3182.88
3184, 3176.83
3185, 3180.88
3186, 3186.92
3187, 3186.92
3188, 3186.92
3189, 3188.94
3190, 3190.96
3191, 3188.94
3192, 3188.94
3193, 3190.96
3194, 3192.97
3195, 3186.92
3196, 3192.97
3197, 3197.01
3198, 3199.03
3199, 3199.03
3200, 3201.05
3201, 3203.06
3202, 3203.06
3203, 3205.08
3204, 3194.99
3205, 3205.08
3206, 3213.17
3207, 3207.1
3208, 3215.17
3209, 3208.12
3210, 3211.14
3211, 3215.17
3212, 3213.15
3213, 3213.15
3214, 3215.17
3215, 3215.17
3216, 3223.24
3217, 3219.21
3218, 3219.21
3219, 3219.21
3220, 3221.23
3221, 3221.23
3222, 3222.24
3223, 3225.26
3224, 3225.26
3225, 3227.28
3226, 3227.28
3227, 3229.3
3228, 3233.33
3229, 3227.28
3230, 3231.32
3231, 3235.35
3232, 3235.35
3233, 3235.35
3234, 3229.3
3235, 3239.39
3236, 3239.39
3237, 3241.41
3238, 3235.35
3239, 3241.41
3240, 3243.42
3241, 3243.42
3242, 3244.44
3243, 3244.44
3244, 3247.46
3245, 3247.46
3246, 3249.48
3247, 3248.5
3248, 3251.5
3249, 3251.5
3250, 3253.51
3251, 3253.51
3252, 3255.53
3253, 3257.55
3254, 3256.57
3255, 3255.53
3256, 3261.59
3257, 3257.55
3258, 3263.6
3259, 3263.6
3260, 3265.62
3261, 3265.62
3262, 3265.64
3263, 3269.66
3264, 3271.67
3265, 3265.62
3266, 3267.64
3267, 3271.67
3268, 3273.69
3269, 3275.71
3270, 3269.66
3271, 3275.71
3272, 3277.73
3273, 3279.75
3274, 3277.73
3275, 3278.76
3276, 3281.76
3277, 3281.76
3278, 3283.78
3279, 3283.78
3280, 3283.78
3281, 3283.78
3282, 3287.82
3283, 3287.82
3284, 3287.82
3285, 3286.84
3286, 3289.84
3287, 3291.85
3288, 3293.87
3289, 3293.87
3290, 3293.87
3291, 3293.87
3292, 3291.85
3293, 3301.94
3294, 3297.91
3295, 3297.91
3296, 3304
3297, 3301.94
3298, 3301.94
3299, 3303.96
3300, 3299.93
3301, 3303.96
3302, 3303.96
3303, 3308
3304, 3308
3305, 3310.02
3306, 3310.02
3307, 3310.02
3308, 3314.05
3309, 3312.03
3310, 3308.02
3311, 3314.05
3312, 3314.05
3313, 3316.07
3314, 3314.05
3315, 3318.09
3316, 3318.09
3317, 3320.11
3318, 3321.12
3319, 3322.12
3320, 3326.16
3321, 3320.11
3322, 3322.12
3323, 3324.14
3324, 3330.2
3325, 3332.21
3326, 3328.18
3327, 3330.2
3328, 3332.21
3329, 3332.23
3330, 3330.2
3331, 3335.25
3332, 3336.25
3333, 3336.25
3334, 3344.32
3335, 3337.27
3336, 3340.29
3337, 3338.27
3338, 3342.3
3339, 3338.27
3340, 3340.29
3341, 3344.32
3342, 3346.34
3343, 3342.34
3344, 3346.34
3345, 3350.37
3346, 3348.36
3347, 3340.32
3348, 3352.39
3349, 3352.39
3350, 3356.43
3351, 3352.39
3352, 3356.43
3353, 3354.41
3354, 3358.45
3355, 3358.45
3356, 3362.48
3357, 3362.48
3358, 3364.5
3359, 3362.48
3360, 3366.52
3361, 3364.5
3362, 3368.54
3363, 3368.54
3364, 3370.55
3365, 3370.55
3366, 3372.57
3367, 3372.57
3368, 3372.57
3369, 3374.59
3370, 3378.63
3371, 3376.61
3372, 3378.63
3373, 3381.66
3374, 3380.64
3375, 3380.64
3376, 3382.66
3377, 3378.64
3378, 3384.68
3379, 3386.7
3380, 3386.7
3381, 3386.7
3382, 3388.72
3383, 3388.72
3384, 3394.77
3385, 3392.75
3386, 3392.75
3387, 3393.77
3388, 3394.77
3389, 3396.79
3390, 3396.79
3391, 3398.81
3392, 3400.82
3393, 3400.82
3394, 3400.82
3395, 3400.82
3396, 3403.88
3397, 3401.86
3398, 3404.86
3399, 3406.88
3400, 3406.88
3401, 3406.88
3402, 3408.9
3403, 3404.86
3404, 3410.91
3405, 3416.97
3406, 3412.93
3407, 3412.93
3408, 3414.95
3409, 3414.95
3410, 3416.97
3411, 3416.97
3412, 3418.99
3413, 3416.97
3414, 3420
3415, 3421
3416, 3422.02
3417, 3425.04
3418, 3425.04
3419, 3420.04
3420, 3429.08
3421, 3427.06
3422, 3429.08
3423, 3431.09
3424, 3429.08
3425, 3431.09
3426, 3431.09
3427, 3433.11
3428, 3433.11
3429, 3433.11
3430, 3437.15
3431, 3439.16
3432, 3437.15
3433, 3436.15
3434, 3439.16
3435, 3441.18
3436, 3441.18
3437, 3440.18
3438, 3445.22
3439, 3443.2
3440, 3445.22
3441, 3443.2
3442, 3447.24
3443, 3447.24
3444, 3449.25
3445, 3444.22
3446, 3449.25
3447, 3445.22
3448, 3457.33
3449, 3455.31
3450, 3449.25
3451, 3453.29
3452, 3455.31
3453, 3459.34
3454, 3459.34
3455, 3467.42
3456, 3461.36
3457, 3463.38
3458, 3463.38
3459, 3459.34
3460, 3465.4
3461, 3467.42
3462, 3467.42
3463, 3467.42
3464, 3469.43
3465, 3473.47
3466, 3471.45
3467, 3463.38
3468, 3475.49
3469, 3473.47
3470, 3475.49
3471, 3477.51
3472, 3477.51
3473, 3477.51
3474, 3479.52
3475, 3477.51
3476, 3481.54
3477, 3483.56
3478, 3484.58
3479, 3485.58
3480, 3483.56
3481, 3479.52
3482, 3489.61
3483, 3491.63
3484, 3491.63
3485, 3495.67
3486, 3493.65
3487, 3493.65
3488, 3495.67
3489, 3495.67
3490, 3495.67
3491, 3499.7
3492, 3499.7
3493, 3499.7
3494, 3497.69
3495, 3497.69
3496, 3503.74
3497, 3505.76
3498, 3505.76
3499, 3503.74
3500, 3507.78
3501, 3507.78
3502, 3505.76
3503, 3507.78
3504, 3511.81
3505, 3513.83
3506, 3513.83
3507, 3513.83
3508, 3517.87
3509, 3515.85
3510, 3517.87
3511, 3517.87
3512, 3515.85
3513, 3517.87
3514, 3521.9
3515, 3523.92
3516, 3523.92
3517, 3524.95
3518, 3527.95
3519, 3534.01
3520, 3527.95
3521, 3529.97
3522, 3531.99
3523, 3536.03
3524, 3531.99
3525, 3532.03
3526, 3536.03
3527, 3527.95
3528, 3536.03
3529, 3538.04
3530, 3536.03
3531, 3538.04
3532, 3540.06
3533, 3544.1
3534, 3541.1
3535, 3544.1
3536, 3545.13
3537, 3546.12
3538, 3546.12
3539, 3546.12
3540, 3543.13
3541, 3548.13
3542, 3549.15
3543, 3548.13
3544, 3554.19
3545, 3554.19
3546, 3554.19
3547, 3554.19
3548, 3552.21
3549, 3558.22
3550, 3564.28
3551, 3558.22
3552, 3560.24
3553, 3562.26
3554, 3560.24
3555, 3564.28
3556, 3560.24
3557, 3566.3
3558, 3564.28
3559, 3568.31
3560, 3568.31
3561, 3567.33
3562, 3570.33
3563, 3572.35
3564, 3572.35
3565, 3572.35
3566, 3572.35
3567, 3578.4
3568, 3576.39
3569, 3578.4
3570, 3578.4
3571, 3582.44
3572, 3580.42
3573, 3580.42
3574, 3578.4
3575, 3584.46
3576, 3584.46
3577, 3584.46
3578, 3584.46
3579, 3586.48
3580, 3586.48
3581, 3590.51
3582, 3590.51
3583, 3592.53
3584, 3594.55
3585, 3591.55
3586, 3595.57
3587, 3596.57
3588, 3596.57
3589, 3596.58
3590, 3598.6
3591, 3600.6
3592, 3602.62
3593, 3602.62
3594, 3602.62
3595, 3601.64
3596, 3604.64
3597, 3604.64
3598, 3600.6
3599, 3610.69
3600, 3608.67
3601, 3610.69
3602, 3608.67
3603, 3614.73
3604, 3610.69
3605, 3614.73
3606, 3618.76
3607, 3615.76
3608, 3618.76
3609, 3620.78
3610, 3620.78
3611, 3624.82
3612, 3624.82
3613, 3628.85
3614, 3622.8
3615, 3626.83
3616, 3626.83
3617, 3630.91
3618, 3628.85
3619, 3630.87
3620, 3629.87
3621, 3636.92
3622, 3632.89
3623, 3634.91
3624, 3636.92
3625, 3628.85
3626, 3638.94
3627, 3638.94
3628, 3640.96
3629, 3640.96
3630, 3640.96
3631, 3645
3632, 3642.98
3633, 3645
3634, 3649.03
3635, 3650.07
3636, 3647.03
3637, 3655.09
3638, 3651.05
3639, 3649.03
3640, 3655.09
3641, 3651.05
3642, 3657.1
3643, 3658.12
3644, 3659.12
3645, 3659.12
3646, 3661.14
3647, 3661.14
3648, 3661.14
3649, 3661.14
3650, 3663.16
3651, 3665.18
3652, 3665.18
3653, 3657.1
3654, 3666.19
3655, 3667.21
3656, 3669.21
3657, 3671.23
3658, 3675.27
3659, 3671.23
3660, 3671.23
3661, 3667.19
3662, 3675.27
3663, 3675.27
3664, 3675.27
3665, 3673.28
3666, 3683.34
3667, 3679.3
3668, 3681.32
3669, 3681.32
3670, 3683.34
3671, 3689.39
3672, 3685.36
3673, 3691.41
3674, 3687.37
3675, 3689.39
3676, 3691.41
3677, 3691.41
3678, 3691.41
3679, 3691.43
3680, 3693.43
3681, 3695.45
3682, 3693.43
3683, 3699.5
3684, 3697.46
3685, 3697.46
3686, 3696.46
3687, 3695.45
3688, 3699.48
3689, 3705.53
3690, 3701.5
3691, 3703.52
3692, 3703.52
3693, 3704.53
3694, 3705.53
3695, 3705.53
3696, 3707.55
3697, 3703.52
3698, 3709.57
3699, 3711.59
3700, 3711.61
3701, 3711.59
3702, 3710.59
3703, 3715.62
3704, 3711.59
3705, 3715.62
3706, 3719.66
3707, 3713.61
3708, 3719.66
3709, 3715.66
3710, 3721.68
3711, 3721.68
3712, 3723.7
3713, 3723.7
3714, 3723.73
3715, 3727.73
3716, 3725.71
3717, 3727.73
3718, 3729.75
3719, 3729.75
3720, 3731.77
3721, 3731.79
3722, 3733.79
3723, 3733.79
3724, 3735.8
3725, 3737.82
3726, 3739.84
3727, 3737.82
3728, 3741.86
3729, 3737.82
3730, 3741.86
3731, 3743.88
3732, 3745.89
3733, 3745.89
3734, 3747.91
3735, 3747.91
3736, 3749.93
3737, 3751.95
3738, 3751.95
3739, 3753.97
3740, 3753.97
3741, 3753.97
3742, 3748.93
3743, 3758
3744, 3760.02
3745, 3760.02
3746, 3760.02
3747, 3762.04
3748, 3762.04
3749, 3762.04
3750, 3760.02
3751, 3764.06
3752, 3770.11
3753, 3768.09
3754, 3768.11
3755, 3768.09
3756, 3770.11
3757, 3772.13
3758, 3768.09
3759, 3774.15
3760, 3776.16
3761, 3774.15
3762, 3778.18
3763, 3778.18
3764, 3780.2
3765, 3780.2
3766, 3782.22
3767, 3784.24
3768, 3782.22
3769, 3781.24
3770, 3786.25
3771, 3786.25
3772, 3788.27
3773, 3788.27
3774, 3789.29
3775, 3790.29
3776, 3792.31
3777, 3792.31
3778, 3792.31
3779, 3796.34
3780, 3798.36
3781, 3792.31
3782, 3798.36
3783, 3800.38
3784, 3800.38
3785, 3798.36
3786, 3802.4
3787, 3806.43
3788, 3804.41
3789, 3804.41
3790, 3804.41
3791, 3798.36
3792, 3806.43
3793, 3810.47
3794, 3808.45
3795, 3807.47
3796, 3812.49
3797, 3804.41
3798, 3810.47
3799, 3814.5
3800, 3816.52
3801, 3807.45
3802, 3818.54
3803, 3818.54
3804, 3818.54
3805, 3816.56
3806, 3820.56
3807, 3822.58
3808, 3824.59
3809, 3822.59
3810, 3824.59
3811, 3824.59
3812, 3826.61
3813, 3828.63
3814, 3831.67
3815, 3832.67
3816, 3830.65
3817, 3830.65
3818, 3834.68
3819, 3830.65
3820, 3833.68
3821, 3836.7
3822, 3836.7
3823, 3836.7
3824, 3836.7
3825, 3838.72
3826, 3834.68
3827, 3840.74
3828, 3842.76
3829, 3839.76
3830, 3842.76
3831, 3843.77
3832, 3846.79
3833, 3850.83
3834, 3850.83
3835, 3849.85
3836, 3850.83
3837, 3850.83
3838, 3852.85
3839, 3852.85
3840, 3854.86
3841, 3854.86
3842, 3854.86
3843, 3856.88
3844, 3858.9
3845, 3858.9
3846, 3858.9
3847, 3860.92
3848, 3864.95
3849, 3861.94
3850, 3864.95
3851, 3864.95
3852, 3865.97
3853, 3864.95
3854, 3868.99
3855, 3871.01
3856, 3871.01
3857, 3870.01
3858, 3871.01
3859, 3873.03
3860, 3877.06
3861, 3877.06
3862, 3876.06
3863, 3879.08
3864, 3873.03
3865, 3881.1
3866, 3879.08
3867, 3883.11
3868, 3883.11
3869, 3881.13
3870, 3887.15
3871, 3885.13
3872, 3887.15
3873, 3889.17
3874, 3893.2
3875, 3889.19
3876, 3891.19
3877, 3889.2
3878, 3891.19
3879, 3897.24
3880, 3893.2
3881, 3897.24
3882, 3897.24
3883, 3899.26
3884, 3903.29
3885, 3901.28
3886, 3903.29
3887, 3903.29
3888, 3899.26
3889, 3905.31
3890, 3903.29
3891, 3909.35
3892, 3909.35
3893, 3909.35
3894, 3909.35
3895, 3911.37
3896, 3912.38
3897, 3909.35
3898, 3915.4
3899, 3915.4
3900, 3916.42
3901, 3919.44
3902, 3917.42
3903, 3919.44
3904, 3915.4
3905, 3921.46
3906, 3923.47
3907, 3921.46
3908, 3924.49
3909, 3927.51
3910, 3927.51
3911, 3927.51
3912, 3925.49
3913, 3925.49
3914, 3929.53
3915, 3933.56
3916, 3931.55
3917, 3933.56
3918, 3933.56
3919, 3935.58
3920, 3937.6
3921, 3937.6
3922, 3939.62
3923, 3939.62
3924, 3943.65
3925, 3941.64
3926, 3939.62
3927, 3947.69
3928, 3947.69
3929, 3945.67
3930, 3945.67
3931, 3948.71
3932, 3947.69
3933, 3945.67
3934, 3949.71
3935, 3949.71
3936, 3953.74
3937, 3955.76
3938, 3953.74
3939, 3953.74
3940, 3952.74
3941, 3955.76
3942, 3957.78
3943, 3949.71
3944, 3957.78
3945, 3961.82
3946, 3961.82
3947, 3961.82
3948, 3963.83
3949, 3963.83
3950, 3961.83
3951, 3957.78
3952, 3965.85
3953, 3967.87
3954, 3969.89
3955, 3969.89
3956, 3965.85
3957, 3971.9
3958, 3971.9
3959, 3969.89
3960, 3969.89
3961, 3973.92
3962, 3977.96
3963, 3977.96
3964, 3979.98
3965, 3979.98
3966, 3981.99
3967, 3983.01
3968, 3984.01
3969, 3984.01
3970, 3984.01
3971, 3979.98
3972, 3986.03
3973, 3988.05
3974, 3990.07
3975, 3990.07
3976, 3990.07
3977, 3994.1
3978, 3992.08
3979, 3994.1
3980, 3996.12
3981, 3996.12
3982, 3998.14
3983, 3998.14
3984, 4000.16
3985, 4000.16
3986, 4000.16
3987, 4002.17
3988, 4002.17
3989, 4004.19
3990, 4008.23
3991, 4008.23
3992, 4010.25
3993, 4010.25
3994, 4010.25
3995, 4010.25
3996, 4008.23
3997, 4008.23
3998, 4014.28
3999, 4014.28
4000, 4016.3
4001, 4018.32
4002, 4016.34
4003, 4014.28
4004, 4020.34
4005, 4016.3
4006, 4020.34
4007, 4026.39
4008, 4026.39
4009, 4024.37
4010, 4026.39
4011, 4023.41
4012, 4030.43
4013, 4032.44
4014, 4024.37
4015, 4030.43
4016, 4018.32
4017, 4034.46
4018, 4029.46
4019, 4032.44
4020, 4036.48
4021, 4040.52
4022, 4040.52
4023, 4031.44
4024, 4042.53
4025, 4042.53
4026, 4042.53
4027, 4044.55
4028, 4046.57
4029, 4042.55
4030, 4048.59
4031, 4048.59
4032, 4050.61
4033, 4050.61
4034, 4052.62
4035, 4054.64
4036, 4054.64
4037, 4056.66
4038, 4056.66
4039, 4056.66
4040, 4058.68
4041, 4056.66
4042, 4060.69
4043, 4060.69
4044, 4060.69
4045, 4060.69
4046, 4062.71
4047, 4064.73
4048, 4064.73
4049, 4066.75
4050, 4068.77
4051, 4068.77
4052, 4068.77
4053, 4070.78
4054, 4072.8
4055, 4072.8
4056, 4072.8
4057, 4074.82
4058, 4076.84
4059, 4076.84
4060, 4078.86
4061, 4080.87
4062, 4078.86
4063, 4080.87
4064, 4082.89
4065, 4080.87
4066, 4084.91
4067, 4082.89
4068, 4080.87
4069, 4082.89
4070, 4084.91
4071, 4084.91
4072, 4082.89
4073, 4084.91
4074, 4080.87
4075, 4084.91
4076, 4082.89
4077, 4084.91
4078, 4084.91
4079, 4084.91
4080, 4082.89
4081, 4082.89
4082, 4078.86
4083, 4083.91
4084, 4086.93
4085, 4084.91
4086, 4082.89
4087, 4084.91
4088, 4084.91
4089, 4084.91
4090, 4085.93
4091, 4082.89
4092, 4085.93
4093, 4086.93
4094, 4084.91
4095, 4079.87
