0
10
20
31
41
51
62
72
82
92
103
113
123
133
143
153
163
173
183
193
203
213
223
233
243
253
263
273
283
293
303
313
323
333
343
353
363
373
383
393
403
413
423
433
443
453
463
473
483
493
503
513
523
533
543
553
563
573
583
593
603
613
623
633
643
653
663
673
683
693
703
713
723
733
743
753
763
773
783
793
803
813
823
833
843
853
863
873
883
893
903
913
923
933
943
953
963
973
983
993
1003
1013
1023
1033
1043
1053
1063
1073
1083
1093
1103
1113
1123
1133
1143
1153
1163
1173
1183
1193
1203
1213
1223
1233
1243
1253
1263
1273
1283
1293
1303
1313
1323
1333
1343
1353
1363
1373
1383
1393
1403
1413
1423
1433
1443
1453
1463
1473
1483
1493
1503
1513
1523
1533
1543
1553
1563
1573
1583
1593
1603
1613
1623
1633
1643
1653
1663
1673
1683
1693
1703
1713
1723
1733
1743
1753
1763
1773
1783
1793
1803
1813
1823
1833
1843
1853
1863
1873
1883
1893
1903
1913
1923
1933
1943
1953
1963
1973
1983
1993
2003
2013
2023
2033
2043
2053
2063
2073
2083
2093
2103
2113
2123
2133
2143
2153
2163
2173
2183
2193
2203
2213
2223
2233
2243
2253
2263
2273
2283
2293
2303
2313
2323
2333
2343
2353
2363
2373
2383
2393
2403
2413
2423
2433
2443
2453
2463
2473
2483
2493
2503
2513
2523
2533
2543
2553
2563
2573
2583
2593
2603
2613
2623
2633
2643
2653
2663
2673
2683
2693
2703
2713
2723
2733
2743
2753
2763
2773
2783
2793
2803
2813
2823
2833
2843
2853
2863
2873
2883
2893
2903
2913
2923
2933
2943
2953
2963
2973
2983
2993
3003
3013
3023
3033
3043
3053
3063
3073
3083
3093
3103
3113
3123
3133
3143
3153
3163
3173
3183
3193
3203
3213
3223
3233
3243
3253
3263
3273
3283
3293
3303
3313
3323
3333
3343
3353
3363
3373
3383
3393
3403
3413
3423
3433
3443
3453
3463
3473
3483
3493
3503
3513
3523
3533
3543
3553
3563
3574
3585
3596
3607
3617
3627
3637
3647
3657
3667
3677
3687
3697
3707
3717
3727
3737
3747
3757
3767
3777
3787
3797
3807
3817
3827
3837
3847
3857
3867
3877
3887
3897
3907
3917
3927
3937
3947
3957
3967
3977
3987
3997
4007
4017
4027
4037
4047
4057
4067
4077
4087
4097
4107
4117
4127
4137
4147
4157
4167
4177
4187
4197
4207
4217
4227
4237
4247
4257
4267
4277
4287
4297
4307
4317
4327
4337
4347
4357
4367
4377
4387
4397
4407
4417
4427
4437
4447
4457
4467
4477
4487
4497
4507
4517
4527
4537
4547
4557
4567
4577
4587
4597
4607
4617
4627
4637
4647
4657
4667
4677
4687
4697
4707
4717
4727
4737
4747
4757
4767
4777
4787
4797
4807
4817
4827
4837
4847
4857
4867
4877
4887
4897
4907
4917
4927
4937
4947
4957
4967
4977
4987
4997
5007
5017
5027
5037
5047
5057
5067
5077
5087
5097
5107
5117
5127
5137
5147
5157
5167
5177
5187
5197
5207
5217
5227
5237
5247
5257
5267
5277
5287
5297
5307
5317
5327
5337
5347
5357
5367
5377
5387
5397
5407
5417
5427
5437
5447
5457
5467
5477
5487
5497
5507
5517
5527
5537
5547
5557
5567
5577
5587
5597
5607
5617
5627
5637
5647
5657
5667
5677
5687
5697
5707
5717
5727
5737
5748
5758
5768
5778
5788
5798
5808
5818
5828
5838
5848
5858
5868
5878
5888
5898
5908
5918
5928
5938
5948
5958
5968
5978
5988
5998
6008
6018
6028
6038
6048
6058
6068
6078
6088
6098
6108
6118
6128
6138
6148
6158
6168
6178
6188
6198
6208
6218
6228
6238
6248
6258
6268
6278
6288
6298
6308
6318
6328
6338
6348
6358
6368
6378
6388
6398
6408
6418
6428
6438
6448
6458
6468
6478
6488
6498
6508
6518
6528
6538
6548
6558
6568
6578
6588
6598
6608
6618
6628
6638
6648
6658
6668
6678
6688
6698
6708
6718
6728
6738
6748
6758
6768
6778
6788
6798
6808
6818
6828
6838
6848
6858
6868
6878
6888
6898
6908
6918
6928
6938
6948
6958
6968
6978
6988
6998
7008
7018
7028
7038
7048
7058
7068
7078
7088
7098
7108
7118
7128
7138
7148
7158
7168
7178
7188
7198
7208
7218
7228
7238
7248
7258
7268
7278
7288
7298
7308
7318
7328
7338
7348
7358
7368
7378
7388
7398
7408
7418
7428
7438
7448
7458
7468
7478
7488
7498
7508
7518
7528
7538
7548
7558
7568
7578
7588
7598
7608
7618
7628
7638
7648
7658
7668
7678
7688
7698
7708
7718
7728
7738
7748
7758
7768
7778
7788
7798
7808
7818
7828
7838
7848
7858
7868
7878
7888
7898
7908
7918
7928
7938
7948
7958
7968
7978
7988
7998
8008
8018
8028
8038
8048
8058
8068
8078
8088
8098
8108
8118
8128
8138
8148
8158
8168
8178
8188
8198
8208
8218
8228
8238
8248
8258
8268
8278
8288
8298
8308
8318
8328
8338
8348
8358
8368
8378
8388
8398
8408
8418
8429
8439
8449
8459
8469
8479
8489
8499
8509
8519
8529
8539
8549
8559
8569
8579
8589
8599
8609
8619
8629
8639
8649
8659
8669
8679
8689
8699
8709
8719
8729
8739
8749
8759
8769
8779
8789
8799
8809
8819
8829
8839
8849
8859
8869
8879
8889
8899
8909
8919
8929
8939
8949
8959
8969
8979
8989
8999
9009
9019
9029
9039
9049
9059
9069
9079
9089
9099
9109
9119
9129
9139
9149
9159
9169
9179
9189
9199
9209
9219
9229
9239
9249
9259
9269
9279
9289
9299
9309
9319
9329
9339
9349
9359
9369
9379
9389
9399
9409
9419
9429
9439
9449
9459
9469
9479
9489
9499
9509
9519
9529
9539
9549
9559
9569
9579
9589
9599
9609
9619
9629
9639
9649
9659
9669
9680
9690
9700
9710
9720
9730
9740
9750
9760
9770
9780
9790
9800
9810
9820
9830
9840
9850
9860
9870
9880
9890
9900
9910
9920
9930
9940
9950
9960
9970
9980
9990
10000
10010
10020
10030
10040
10050
10060
10070
10080
10090
10100
10110
10120
10130
10140
10150
10160
10170
10180
10190
10200
10210
10220
10230
10240
10250
10260
10270
10280
10290
10300
10310
10320
10330
10340
10350
10360
10370
10380
10390
10400
10410
10420
10430
10440
10450
10460
10470
10480
10490
10500
10510
10520
10530
10540
10550
10560
10570
10580
10590
10600
10610
10620
10630
10640
10650
10660
10670
10680
10690
10700
10710
10720
10730
10740
10750
10760
10770
10780
10790
10800
10810
10820
10830
10840
10850
10860
10870
10880
10890
10900
10910
10920
10930
10940
10950
10960
10970
10980
10990
11000
11010
11020
11030
11040
11050
11060
11070
11080
11090
11100
11110
11120
11130
11140
11150
11160
11170
11180
11190
11200
11210
11220
11230
11240
11250
11260
11270
11280
11290
11300
11310
11320
11330
11340
11350
11360
11370
11380
11390
11400
11410
11420
11430
11440
11450
11460
11470
11480
11490
11500
11510
11520
11530
11540
11550
11560
11570
11580
11590
11600
11610
11620
11630
11640
11650
11660
11670
11680
11690
11700
11710
11720
11730
11740
11750
11760
11770
11780
11790
11800
11810
11820
11830
11840
11850
11860
11870
11880
11890
11900
11910
11920
11930
11940
11950
11960
11970
11980
11990
12000
12010
12020
12030
12040
12050
12060
12070
12080
12090
12100
12110
12120
12130
12140
12150
12160
12170
12180
12190
12200
12210
12220
12230
12240
12250
12260
12270
12280
12290
12300
12310
12320
12330
12340
12350
12360
12370
12380
12390
12400
12410
12420
12430
12440
12450
12460
12470
12480
12490
12500
12510
12520
12530
12540
12550
12560
12570
12580
12590
12600
12610
12620
12630
12640
12651
12661
12671
12681
12691
12701
12711
12721
12731
12741
12751
12761
12771
12781
12791
12801
12811
12821
12831
12841
12851
12861
12871
12881
12891
12901
12911
12921
12931
12941
12951
12961
12971
12981
12991
13001
13011
13021
13031
13041
13051
13061
13071
13081
13091
13101
13111
13121
13131
13141
13151
13161
13171
13181
13191
13201
13211
13221
13231
13241
13251
13261
13271
13281
13291
13301
13311
13321
13331
13341
13351
13361
13371
13381
13391
13401
13411
13421
13431
13441
13451
13461
13471
13481
13491
13501
13511
13521
13531
13541
13551
13561
13571
13581
13591
13601
13611
13621
13631
13641
13651
13661
13671
13681
13691
13701
13711
13721
13731
13741
13751
13761
13771
13781
13791
13801
13811
13821
13831
13841
13851
13861
13871
13881
13891
13901
13911
13921
13931
13941
13951
13961
13971
13981
13991
14001
14011
14021
14031
14041
14051
14061
14071
14081
14091
14101
14111
14121
14131
14141
14151
14161
14171
14181
14191
14201
14211
14221
14231
14241
14251
14261
14271
14281
14291
14301
14311
14321
14331
14341
14351
14361
14371
14381
14391
14401
14411
14421
14431
14441
14451
14461
14471
14481
14491
14501
14511
14521
14531
14541
14551
14561
14571
14581
14591
14601
14611
14621
14631
14641
14651
14661
14671
14681
14691
14701
14711
14721
14731
14741
14751
14761
14771
14781
14791
14801
14811
14821
14831
14841
14851
14861
14871
14881
14891
14901
14911
14921
14931
14941
14951
14961
14971
14981
14991
15001
15011
15021
15031
15041
15051
15061
15071
15081
15091
15101
15111
15121
15131
15141
15151
15161
15171
15181
15191
15201
15211
15221
15231
15241
15251
15261
15271
15281
15291
15301
15311
15321
15331
15341
15351
15361
15371
15381
15391
15401
15411
15421
15431
15441
15451
15461
15471
15481
15491
15501
15511
15521
15531
15541
15551
15561
15571
15581
15591
15601
15611
15621
15631
15641
15651
15661
15671
15681
15691
15701
15711
15721
15731
15741
15751
15761
15771
15781
15791
15801
15811
15821
15831
15841
15851
15861
15871
15881
15891
15901
15911
15921
15931
15941
15951
15961
15971
15981
15991
16001
16011
16021
16031
16041
16051
16061
16071
16081
16091
16101
16111
16121
16131
16141
16151
16161
16171
16181
16191
16201
16211
16221
16231
16241
16251
16261
16271
16281
16291
16301
16311
16321
16331
16341
16351
16361
16371
16381
16391
16401
16411
16421
16431
16441
16451
16461
16471
16481
16491
16501
16511
16521
16531
16541
16551
16561
16571
16581
16591
16601
16611
16621
16631
16641
16651
16661
16671
16681
16691
16701
16711
16721
16731
16741
16751
16761
16771
16781
16791
16801
16811
16821
16831
16841
16851
16861
16871
16881
16891
16901
16911
16921
16931
16941
16951
16961
16971
16981
16991
17001
17011
17021
17031
17041
17051
17061
17071
17081
17091
17101
17111
17121
17131
17141
17151
17161
17171
17181
17191
17201
17211
17221
17231
17241
17251
17261
17271
17281
17291
17301
17311
17321
17331
17341
17351
17361
17371
17381
17391
17401
17411
17421
17431
17441
17451
17461
17471
17481
17491
17501
17511
17521
17531
17541
17551
17561
17571
17581
17591
17601
17611
17621
17631
17641
17651
17661
17671
17681
17691
17701
17711
17721
17731
17741
17751
17761
17771
17781
17791
17801
17811
17821
17831
17841
17851
17861
17871
17881
17891
17901
17911
17921
17931
17941
17951
17961
17971
17981
17991
18001
18011
18021
18031
18041
18051
18061
18071
18081
18091
18101
18111
18121
18131
18141
18151
18161
18171
18181
18191
18201
18211
18221
18231
18241
18251
18261
18271
18281
18291
18301
18311
18321
18331
18341
18351
18361
18371
18381
18391
18401
18411
18421
18431
18441
18451
18461
18471
18481
18491
18501
18511
18521
18531
18541
18551
18561
18571
18581
18591
18601
18611
18621
18631
18641
18651
18661
18671
18681
18691
18701
18711
18721
18731
18741
18751
18761
18771
18781
18791
18801
18811
18821
18831
18841
18851
18861
18871
18881
18891
18901
18911
18921
18931
18941
18951
18961
18971
18981
18991
19001
19011
19021
19031
19041
19051
19061
19071
19081
19091
19101
19111
19121
19131
19141
19151
19161
19171
19181
19191
19201
19211
19221
19231
19241
19251
19261
19271
19281
19291
19301
19311
19321
19331
19341
19351
19361
19371
19381
19391
19401
19411
19421
19431
19441
19451
19461
19471
19481
19491
19501
19511
19521
19531
19541
19551
19561
19571
19581
19591
19601
19611
19621
19631
19641
19651
19661
19671
19681
19691
19701
19711
19721
19731
19741
19751
19761
19771
19781
19791
19801
19811
19821
19831
19841
19851
19861
19871
19881
19891
19901
19911
19921
19931
19941
19951
19961
19971
19981
19991
20001
20011
20021
20031
20041
20051
20061
20071
20081
20091
20101
20111
20121
20131
20141
20151
20161
20171
20181
20191
20201
20211
20221
20231
20241
20251
20261
20271
20281
20291
20301
20311
20321
20331
20341
20351
20361
20371
20381
20391
20401
20411
20421
20431
20441
20451
20461
20471
20481
20491
20501
20511
20521
20531
20541
20551
20561
20571
20581
20591
20601
20611
20621
20631
20641
20651
20661
20671
20681
20691
20701
20711
20721
20731
20741
20751
20761
20771
20781
20791
20802
20813
20823
20833
20843
20853
20863
20873
20883
20893
20903
20913
20923
20933
20943
20953
20963
20973
20983
20993
21003
21013
21023
21033
21043
21053
21063
21073
21083
21093
21103
21113
21123
21133
21143
21153
21163
21173
21183
21193
21203
21213
21223
21233
21243
21253
21263
21273
21283
21293
21303
21313
21323
21333
21343
21353
21363
21373
21383
21393
21403
21413
21423
21433
21443
21453
21463
21473
21483
21493
21503
21513
21523
21533
21543
21553
21563
21573
21583
21593
21603
21613
21623
21633
21643
21653
21663
21673
21683
21693
21703
21713
21723
21733
21743
21753
21763
21773
21783
21793
21803
21813
21823
21833
21843
21853
21863
21873
21883
21893
21903
21913
21923
21933
21943
21953
21963
21973
21983
21993
22003
22013
22023
22033
22043
22053
22063
22073
22083
22093
22103
22113
22123
22133
22143
22153
22163
22173
22183
22193
22203
22213
22223
22233
22243
22253
22263
22273
22283
22293
22303
22313
22323
22333
22343
22353
22363
22373
22383
22393
22403
22413
22423
22433
22443
22453
22463
22473
22483
22493
22503
22513
22523
22533
22543
22553
22563
22573
22583
22593
22603
22613
22623
22633
22643
22653
22663
22673
22683
22693
22703
22713
22723
22733
22743
22753
22763
22773
22783
22793
22803
22813
22823
22833
22843
22853
22863
22873
22883
22893
22903
22913
22923
22933
22943
22953
22963
22973
22983
22993
23003
23013
23023
23033
23043
23053
23063
23073
23083
23093
23103
23113
23123
23133
23143
23153
23163
23173
23183
23193
23203
23213
23223
23233
23243
23253
23263
23273
23283
23293
23303
23313
23323
23333
23343
23353
23363
23373
23383
23393
23403
23413
23423
23433
23443
23453
23463
23473
23483
23493
23503
23513
23523
23533
23543
23553
23563
23573
23583
23593
23603
23613
23623
23633
23643
23653
23663
23673
23683
23693
23703
23713
23723
23733
23743
23753
23763
23773
23783
23793
23803
23813
23823
23833
23843
23853
23863
23873
23883
23893
23903
23913
23923
23933
23943
23953
23963
23973
23983
23993
24003
24013
24023
24033
24043
24053
24063
24073
24083
24093
24103
24113
24123
24133
24143
24153
24163
24173
24183
24193
24203
24213
24223
24233
24243
24253
24263
24273
24283
24293
24303
24313
24323
24333
24343
24353
24363
24373
24383
24393
24403
24413
24423
24433
24443
24453
24463
24473
24483
24493
24503
24513
24523
24533
24543
24553
24563
24573
24583
24593
24603
24613
24623
24633
24643
24653
24663
24673
24683
24693
24703
24713
24723
24733
24743
24753
24763
24773
24783
24793
24803
24813
24823
24833
24843
24853
24863
24873
24883
24893
24903
24913
24923
24933
24943
24953
24963
24973
24983
24993
25003
25013
25023
25033
25043
25053
25063
25073
25083
25093
25103
25113
25123
25133
25143
25153
25163
25173
25183
25193
25203
25213
25223
25233
25243
25253
25263
25273
25283
25293
25303
25313
25323
25333
25343
25353
25363
25373
25383
25393
25403
25413
25423
25433
25443
25453
25463
25473
25483
25493
25503
25513
25523
25533
25543
25553
25563
25573
25583
25593
25603
25613
25623
25633
25643
25653
25663
25673
25683
25693
25703
25713
25723
25733
25743
25753
25763
25773
25783
25793
25803
25813
25823
25833
25843
25853
25863
25873
25883
25893
25903
25913
25923
25933
25943
25953
25963
25973
25983
25993
26003
26013
26023
26033
26043
26053
26063
26073
26083
26093
26103
26113
26123
26133
26143
26153
26163
26173
26183
26193
26203
26213
26223
26233
26243
26253
26263
26273
26283
26293
26303
26313
26323
26333
26343
26353
26363
26373
26383
26393
26403
26413
26423
26433
26443
26453
26463
26473
26483
26493
26503
26513
26523
26533
26543
26553
26563
26573
26583
26593
26603
26613
26623
26633
26643
26653
26663
26673
26683
26693
26703
26713
26723
26733
26743
26753
26763
26773
26783
26793
26803
26813
26823
26833
26843
26853
26863
26873
26883
26893
26903
26913
26923
26933
26943
26953
26963
26973
26983
26993
27003
27013
27023
27033
27043
27053
27063
27073
27083
27093
27103
27113
27123
27133
27143
27153
27163
27173
27183
27193
27203
27213
27223
27233
27243
27253
27263
27273
27283
27293
27303
27313
27323
27333
27343
27353
27363
27373
27383
27393
27403
27413
27423
27433
27443
27453
27463
27473
27483
27493
27503
27513
27523
27533
27543
27553
27563
27573
27583
27593
27603
27613
27623
27633
27643
27653
27663
27673
27683
27693
27703
27713
27723
27733
27743
27753
27763
27773
27783
27793
27803
27813
27823
27833
27843
27853
27863
27873
27883
27893
27903
27913
27923
27933
27943
27953
27963
27974
27984
27994
28004
28014
28024
28034
28044
28054
28064
28074
28084
28094
28104
28114
28124
28134
28144
28154
28164
28174
28184
28194
28204
28214
28224
28234
28244
28254
28264
28274
28284
28294
28304
28314
28324
28334
28344
28354
28364
28374
28384
28394
28404
28414
28424
28434
28444
28454
28464
28474
28484
28494
28504
28514
28524
28534
28544
28554
28564
28574
28584
28594
28604
28614
28624
28634
28644
28654
28664
28674
28684
28694
28704
28714
28724
28734
28744
28754
28764
28774
28784
28794
28804
28814
28824
28834
28844
28854
28864
28874
28884
28894
28904
28914
28924
28934
28944
28954
28964
28974
28984
28994
29004
29014
29024
29034
29044
29054
29064
29074
29084
29094
29104
29114
29124
29134
29144
29154
29164
29174
29184
29194
29204
29214
29224
29234
29244
29254
29264
29274
29284
29294
29304
29314
29324
29334
29344
29354
29364
29374
29384
29394
29404
29414
29424
29434
29444
29454
29464
29474
29484
29494
29504
29514
29524
29534
29544
29554
29564
29574
29584
29594
29604
29614
29624
29634
29644
29654
29664
29674
29684
29694
29704
29714
29724
29734
29744
29754
29764
29774
29784
29794
29804
29814
29824
29834
29844
29854
29864
29874
29884
29894
29904
29914
29924
29934
29944
29954
29964
29974
29984
29994
30004
30014
30024
30034
30044
30054
30064
30074
30084
30094
30104
30114
30124
30134
30144
30154
30164
30174
30184
30194
30204
30214
30224
30234
30244
30254
30264
30274
30284
30294
30304
30314
30324
30334
30344
30354
30364
30374
30384
30394
30404
30414
30424
30434
30444
30454
30464
30474
30484
30494
30504
30514
30524
30534
30544
30554
30564
30574
30584
30594
30604
30614
30624
30634
30644
30654
30664
30674
30684
30694
30704
30714
30724
30734
30744
30754
30764
30774
30784
30794
30804
30814
30824
30834
30844
30854
30864
30874
30884
30894
30904
30914
30924
30934
30944
30954
30964
30974
30984
30994
31004
31014
31024
31034
31044
31054
31064
31074
31084
31094
31104
31114
31124
31134
31144
31154
31164
31174
