0.00157328
0.00315152
0.0047347
0.0063228
0.00791582
0.00951373
0.0111165
0.0127242
0.0143366
0.015954
0.0175761
0.019203
0.0208346
0.022471
0.0241122
0.025758
0.0274085
0.0290637
0.0307236
0.032388
0.0340571
0.0357308
0.037409
0.0390917
0.040779
0.0424707
0.0441669
0.0458676
0.0475726
0.0492821
0.0509959
0.0527141
0.0544366
0.0561633
0.0578944
0.0596296
0.0613691
0.0631128
0.0648606
0.0666125
0.0683685
0.0701286
0.0718928
0.0736609
0.075433
0.0772091
0.078989
0.0807729
0.0825606
0.0843521
0.0861475
0.0879465
0.0897493
0.0915558
0.0933659
0.0951796
0.0969969
0.0988178
0.100642
0.10247
0.104301
0.106136
0.107974
0.109815
0.11166
0.113508
0.115359
0.117213
0.119071
0.120931
0.122795
0.124661
0.126531
0.128403
0.130278
0.132157
0.134038
0.135921
0.137808
0.139697
0.141588
0.143482
0.145379
0.147278
0.14918
0.151084
0.15299
0.154899
0.15681
0.158723
0.160638
0.162555
0.164474
0.166395
0.168318
0.170243
0.17217
0.174099
0.176029
0.177961
0.179895
0.18183
0.183766
0.185705
0.187644
0.189585
0.191527
0.19347
0.195414
0.19736
0.199306
0.201254
0.203202
0.205151
0.207101
0.209052
0.211003
0.212955
0.214908
0.216861
0.218814
0.220768
0.222722
0.224676
0.226631
0.228585
0.230539
0.232494
0.234448
0.236402
0.238356
0.240309
0.242262
0.244215
0.246167
0.248118
0.250069
0.252019
0.253968
0.255916
0.257863
0.25981
0.261755
0.263698
0.265641
0.267582
0.269522
0.27146
0.273396
0.275331
0.277264
0.279196
0.281125
0.283052
0.284978
0.286901
0.288822
0.29074
0.292656
0.29457
0.296481
0.298389
0.300295
0.302198
0.304097
0.305994
0.307888
0.309779
0.311666
0.31355
0.31543
0.317307
0.319181
0.32105
0.322916
0.324778
0.326636
0.32849
0.330339
0.332185
0.334026
0.335862
0.337694
0.339522
0.341344
0.343162
0.344975
0.346783
0.348585
0.350383
0.352175
0.353962
0.355743
0.357518
0.359288
0.361052
0.36281
0.364563
0.366309
0.368048
0.369782
0.371509
0.373229
0.374943
0.37665
0.37835
0.380044
0.38173
0.383409
0.385081
0.386746
0.388403
0.390052
0.391694
0.393328
0.394954
0.396572
0.398182
0.399784
0.401377
0.402962
0.404539
0.406107
0.407666
0.409216
0.410757
0.412289
0.413812
0.415325
0.416829
0.418324
0.419809
0.421284
0.422749
0.424205
0.42565
0.427085
0.428509
0.429924
0.431327
0.43272
0.434102
0.435474
0.436834
0.438183
0.439521
0.440848
0.442163
0.443466
0.444758
0.446038
0.447306
0.448562
0.449806
0.451037
0.452256
0.453463
0.454657
0.455838
0.457006
0.458162
0.459304
0.460433
0.461549
0.462651
0.46374
0.464815
0.465877
0.466924
0.467957
0.468977
0.469982
0.470972
0.471948
0.47291
0.473857
0.474789
0.475706
0.476608
0.477494
0.478366
0.479222
0.480062
0.480887
0.481696
0.482489
0.483267
0.484028
0.484773
0.485501
0.486214
0.486909
0.487588
0.48825
0.488895
0.489524
0.490135
0.490729
0.491305
0.491864
0.492406
0.49293
0.493436
0.493924
0.494394
0.494846
0.49528
0.495695
0.496092
0.496471
0.496831
0.497172
0.497494
0.497797
0.498081
0.498346
0.498592
0.498818
0.499025
0.499213
0.49938
0.499528
0.499656
0.499764
0.499851
0.499919
0.499966
0.499993
0.5
0.499985
0.499951
0.499895
0.499819
0.499721
0.499603
0.499463
0.499302
0.49912
0.498917
0.498692
0.498445
0.498177
0.497887
0.497575
0.497241
0.496885
0.496507
0.496107
0.495685
0.49524
0.494773
0.494283
0.493771
0.493236
0.492679
0.492098
0.491495
0.490869
0.49022
0.489548
0.488852
0.488134
0.487392
0.486627
0.485838
0.485026
0.484191
0.483332
0.482449
0.481543
0.480613
0.479659
0.478681
0.477679
0.476653
0.475604
0.47453
0.473432
0.47231
0.471164
0.469993
0.468798
0.467579
0.466336
0.465068
0.463776
0.462459
0.461118
0.459752
0.458361
0.456947
0.455507
0.454043
0.452554
0.451041
0.449502
0.447939
0.446352
0.444739
0.443102
0.44144
0.439754
0.438042
0.436306
0.434545
0.432759
0.430948
0.429112
0.427252
0.425367
0.423457
0.421522
0.419563
0.417579
0.41557
0.413536
0.411478
0.409395
0.407287
0.405154
0.402997
0.400816
0.398609
0.396379
0.394123
0.391844
0.38954
0.387211
0.384858
0.382481
0.38008
0.377654
0.375204
0.37273
0.370232
0.36771
0.365164
0.362595
0.360001
0.357384
0.354742
0.352078
0.34939
0.346678
0.343943
0.341185
0.338403
0.335598
0.33277
0.32992
0.327046
0.32415
0.32123
0.318289
0.315324
0.312338
0.309329
0.306298
0.303244
0.300169
0.297072
0.293953
0.290813
0.287651
0.284468
0.281263
0.278037
0.274791
0.271523
0.268235
0.264926
0.261597
0.258247
0.254877
0.251487
0.248078
0.244648
0.241199
0.237731
0.234243
0.230737
0.227211
0.223667
0.220104
0.216523
0.212923
0.209306
0.20567
0.202017
0.198347
0.194659
0.190954
0.187232
0.183493
0.179738
0.175966
0.172179
0.168375
0.164556
0.160721
0.156871
0.153005
0.149125
0.145231
0.141322
0.137398
0.133461
0.12951
0.125545
0.121567
0.117577
0.113573
0.109557
0.105528
0.101488
0.0974355
0.0933716
0.0892964
0.0852102
0.0811132
0.0770057
0.0728879
0.0687601
0.0646227
0.0604758
0.0563197
0.0521547
0.0479811
0.0437992
0.0396093
0.0354115
0.0312063
0.026994
0.0227747
0.0185488
0.0143166
0.0100785
0.0058346
0.00158534
-0.00266901
-0.00692814
-0.0111917
-0.0154595
-0.0197311
-0.0240062
-0.0282846
-0.0325658
-0.0368496
-0.0411356
-0.0454236
-0.0497131
-0.0540039
-0.0582956
-0.0625878
-0.0668804
-0.0711728
-0.0754648
-0.0797561
-0.0840462
-0.0883349
-0.0926217
-0.0969064
-0.101189
-0.105468
-0.109744
-0.114017
-0.118285
-0.122549
-0.126809
-0.131064
-0.135313
-0.139557
-0.143794
-0.148025
-0.152249
-0.156466
-0.160675
-0.164876
-0.169069
-0.173254
-0.177429
-0.181594
-0.18575
-0.189896
-0.194031
-0.198155
-0.202268
-0.206368
-0.210457
-0.214533
-0.218596
-0.222646
-0.226683
-0.230705
-0.234712
-0.238705
-0.242682
-0.246644
-0.25059
-0.254519
-0.258432
-0.262327
-0.266205
-0.270064
-0.273905
-0.277728
-0.281531
-0.285314
-0.289078
-0.292821
-0.296543
-0.300244
-0.303923
-0.307581
-0.311216
-0.314828
-0.318417
-0.321983
-0.325524
-0.329041
-0.332534
-0.336001
-0.339443
-0.342858
-0.346248
-0.34961
-0.352946
-0.356253
-0.359533
-0.362785
-0.366008
-0.369202
-0.372367
-0.375501
-0.378605
-0.381679
-0.384722
-0.387733
-0.390713
-0.39366
-0.396575
-0.399457
-0.402306
-0.405121
-0.407902
-0.410649
-0.413361
-0.416037
-0.418679
-0.421284
-0.423853
-0.426386
-0.428882
-0.43134
-0.433761
-0.436144
-0.438488
-0.440794
-0.443061
-0.445288
-0.447476
-0.449624
-0.451731
-0.453798
-0.455823
-0.457808
-0.45975
-0.461651
-0.463509
-0.465325
-0.467097
-0.468827
-0.470513
-0.472155
-0.473753
-0.475307
-0.476815
-0.478279
-0.479698
-0.48107
-0.482397
-0.483678
-0.484913
-0.486101
-0.487242
-0.488335
-0.489382
-0.49038
-0.491331
-0.492234
-0.493088
-0.493893
-0.49465
-0.495357
-0.496016
-0.496624
-0.497183
-0.497692
-0.498151
-0.49856
-0.498917
-0.499225
-0.499481
-0.499686
-0.49984
-0.499943
-0.499994
-0.499993
-0.499941
-0.499836
-0.499679
-0.49947
-0.499208
-0.498894
-0.498527
-0.498107
-0.497635
-0.497109
-0.49653
-0.495899
-0.495213
-0.494475
-0.493683
-0.492837
-0.491938
-0.490985
-0.489979
-0.488919
-0.487805
-0.486637
-0.485416
-0.48414
-0.482811
-0.481428
-0.479991
-0.4785
-0.476956
-0.475357
-0.473705
-0.471999
-0.47024
-0.468426
-0.466559
-0.464639
-0.462665
-0.460637
-0.458557
-0.456423
-0.454236
-0.451996
-0.449702
-0.447357
-0.444958
-0.442507
-0.440003
-0.437447
-0.434839
-0.432179
-0.429467
-0.426704
-0.423889
-0.421023
-0.418105
-0.415137
-0.412118
-0.409049
-0.405929
-0.40276
-0.39954
-0.396271
-0.392953
-0.389586
-0.38617
-0.382706
-0.379193
-0.375633
-0.372025
-0.368369
-0.364667
-0.360918
-0.357123
-0.353281
-0.349394
-0.345462
-0.341485
-0.337463
-0.333397
-0.329287
-0.325134
-0.320937
-0.316698
-0.312417
-0.308094
-0.30373
-0.299324
-0.294878
-0.290392
-0.285866
-0.281301
-0.276698
-0.272056
-0.267376
-0.262659
-0.257906
-0.253116
-0.24829
-0.243429
-0.238534
-0.233604
-0.22864
-0.223644
-0.218615
-0.213554
-0.208461
-0.203338
-0.198184
-0.193001
-0.187788
-0.182547
-0.177278
-0.171982
-0.166659
-0.161311
-0.155936
-0.150537
-0.145114
-0.139668
-0.134198
-0.128706
-0.123193
-0.117659
-0.112105
-0.106532
-0.100939
-0.0953289
-0.089701
-0.0840566
-0.0783961
-0.0727205
-0.0670303
-0.0613263
-0.0556092
-0.0498799
-0.0441389
-0.0383871
-0.0326253
-0.0268541
-0.0210744
-0.0152869
-0.0094923
-0.0036915
0.00211477
0.00792573
0.0137406
0.0195586
0.0253789
0.0312007
0.0370232
0.0428456
0.0486672
0.054487
0.0603043
0.0661183
0.0719281
0.0777329
0.0835319
0.0893243
0.0951092
0.100886
0.106653
0.112411
0.118157
0.123892
0.129615
0.135324
0.141019
0.146699
0.152363
0.15801
0.163639
0.16925
0.174842
0.180414
0.185965
0.191493
0.196999
0.202482
0.20794
0.213372
0.218779
0.224159
0.22951
0.234833
0.240127
0.24539
0.250621
0.255821
0.260987
0.26612
0.271218
0.276281
0.281307
0.286296
0.291248
0.29616
0.301032
0.305865
0.310655
0.315404
0.32011
0.324771
0.329389
0.333961
0.338486
0.342965
0.347396
0.351778
0.356111
0.360394
0.364626
0.368806
0.372933
0.377008
0.381028
0.384994
0.388904
0.392758
0.396555
0.400294
0.403975
0.407597
0.411159
0.41466
0.418101
0.421479
0.424795
0.428047
0.431236
0.43436
0.437418
0.440411
0.443338
0.446197
0.448988
0.451712
0.454366
0.456951
0.459465
0.461909
0.464282
0.466583
0.468812
0.470968
0.47305
0.475059
0.476993
0.478853
0.480637
0.482345
0.483977
0.485532
0.48701
0.488411
0.489733
0.490977
0.492143
0.493229
0.494236
0.495163
0.496009
0.496775
0.497461
0.498065
0.498588
0.499029
0.499388
0.499664
0.499859
0.49997
0.499999
0.499945
0.499807
0.499586
0.499281
0.498893
0.49842
0.497864
0.497224
0.496499
0.49569
0.494797
0.49382
0.492758
0.491612
0.490381
0.489066
0.487667
0.486183
0.484616
0.482964
0.481228
0.479408
0.477504
0.475517
0.473446
0.471292
0.469055
0.466734
0.464331
0.461846
0.459278
0.456628
0.453897
0.451084
0.44819
0.445215
0.44216
0.439025
0.43581
0.432516
0.429143
0.425692
0.422162
0.418555
0.414871
0.411111
0.407274
0.403361
0.399374
0.395312
0.391177
0.386967
0.382686
0.378332
0.373907
0.36941
0.364844
0.360208
0.355504
0.350731
0.345891
0.340984
0.336012
0.330974
0.325872
0.320707
0.315479
0.310189
0.304838
0.299427
0.293957
0.288429
0.282842
0.2772
0.271502
0.265749
0.259942
0.254083
0.248171
0.24221
0.236198
0.230138
0.22403
0.217875
0.211675
0.205431
0.199143
0.192813
0.186442
0.18003
0.17358
0.167093
0.160568
0.154009
0.147415
0.140788
0.134129
0.12744
0.120722
0.113975
0.107202
0.100403
0.0935799
0.0867337
0.0798658
0.0729775
0.0660701
0.0591449
0.0522032
0.0452463
0.0382757
0.0312926
0.0242984
0.0172945
0.0102821
0.00326283
-0.0037621
-0.0107913
-0.0178233
-0.0248567
-0.0318902
-0.0389223
-0.0459516
-0.0529767
-0.0599962
-0.0670086
-0.0740126
-0.0810067
-0.0879894
-0.0949593
-0.101915
-0.108855
-0.115778
-0.122682
-0.129567
-0.13643
-0.14327
-0.150085
-0.156875
-0.163638
-0.170372
-0.177076
-0.183748
-0.190387
-0.196992
-0.203561
-0.210093
-0.216585
-0.223038
-0.229449
-0.235817
-0.24214
-0.248418
-0.254648
-0.26083
-0.266961
-0.273041
-0.279068
-0.285041
-0.290959
-0.296819
-0.302621
-0.308363
-0.314044
-0.319663
-0.325219
-0.330709
-0.336133
-0.341489
-0.346776
-0.351994
-0.35714
-0.362213
-0.367212
-0.372136
-0.376984
-0.381754
-0.386446
-0.391057
-0.395588
-0.400036
-0.404401
-0.408681
-0.412876
-0.416984
-0.421005
-0.424937
-0.428778
-0.432529
-0.436188
-0.439754
-0.443227
-0.446604
-0.449886
-0.453071
-0.456159
-0.459148
-0.462038
-0.464828
-0.467517
-0.470104
-0.472588
-0.474969
-0.477246
-0.479419
-0.481486
-0.483447
-0.485301
-0.487047
-0.488686
-0.490216
-0.491637
-0.492948
-0.494148
-0.495239
-0.496218
-0.497085
-0.49784
-0.498483
-0.499013
-0.49943
-0.499733
-0.499923
-0.499999
-0.49996
-0.499807
-0.499539
-0.499156
-0.498658
-0.498045
-0.497317
-0.496474
-0.495515
-0.494442
-0.493252
-0.491948
-0.490529
-0.488994
-0.487345
-0.485581
-0.483702
-0.481709
-0.479602
-0.477381
-0.475047
-0.4726
-0.470039
-0.467367
-0.464582
-0.461686
-0.458678
-0.45556
-0.452332
-0.448995
-0.445549
-0.441994
-0.438331
-0.434562
-0.430686
-0.426705
-0.422619
-0.418429
-0.414136
-0.40974
-0.405243
-0.400645
-0.395948
-0.391152
-0.386258
-0.381267
-0.37618
-0.370999
-0.365724
-0.360357
-0.354899
-0.34935
-0.343712
-0.337987
-0.332175
-0.326278
-0.320297
-0.314233
-0.308088
-0.301863
-0.295559
-0.289179
-0.282723
-0.276192
-0.269589
-0.262915
-0.256171
-0.249358
-0.24248
-0.235536
-0.228529
-0.221461
-0.214332
-0.207145
-0.199902
-0.192603
-0.185252
-0.177849
-0.170397
-0.162897
-0.15535
-0.14776
-0.140128
-0.132455
-0.124743
-0.116995
-0.109212
-0.101397
-0.0935504
-0.0856752
-0.0777731
-0.0698462
-0.0618963
-0.0539256
-0.0459361
-0.0379297
-0.0299086
-0.0218748
-0.0138303
-0.00577733
0.00228216
0.010346
0.0184122
0.0264785
0.0345428
0.0426031
0.0506573
0.0587031
0.0667384
0.0747612
0.0827692
0.0907603
0.0987324
0.106683
0.114611
0.122513
0.130388
0.138232
0.146045
0.153824
0.161566
0.169271
0.176934
0.184556
0.192132
0.199662
0.207142
0.214572
0.221948
0.229269
0.236533
0.243737
0.25088
0.25796
0.264973
0.27192
0.278796
0.285601
0.292332
0.298988
0.305567
0.312065
0.318483
0.324817
0.331066
0.337228
0.3433
0.349283
0.355172
0.360967
0.366666
0.372267
0.377769
0.383169
0.388466
0.393658
0.398744
0.403722
0.40859
0.413347
0.417992
0.422523
0.426938
0.431236
0.435415
0.439474
0.443413
0.447229
0.45092
0.454487
0.457928
0.46124
0.464424
0.467479
0.470402
0.473193
0.475851
0.478376
0.480765
0.483018
0.485134
0.487113
0.488953
0.490654
0.492215
0.493635
0.494913
0.49605
0.497045
0.497896
0.498603
0.499167
0.499586
0.49986
0.499989
0.499973
0.49981
0.499502
0.499048
0.498448
0.497701
0.496808
0.495769
0.494583
0.493251
0.491773
0.49015
0.48838
0.486466
0.484406
0.482202
0.479853
0.477361
0.474725
0.471946
0.469025
0.465963
0.46276
0.459416
0.455933
0.452312
0.448552
0.444656
0.440624
0.436457
0.432156
0.427722
0.423156
0.41846
0.413635
0.408681
0.4036
0.398394
0.393064
0.387611
0.382037
0.376343
0.370531
0.364602
0.358558
0.352401
0.346132
0.339754
0.333267
0.326674
0.319976
0.313176
0.306275
0.299275
0.292179
0.284988
0.277705
0.270331
0.262869
0.255321
0.247689
0.239976
0.232183
0.224313
0.216368
0.208352
0.200265
0.19211
0.183891
0.175609
0.167267
0.158868
0.150414
0.141907
0.133351
0.124747
0.1161
0.10741
0.0986816
0.0899168
0.0811184
0.0722892
0.063432
0.0545496
0.0456448
0.0367203
0.0277792
0.0188241
0.00985802
0.000883792
-0.0080957
-0.0170775
-0.0260588
-0.0350367
-0.0440081
-0.0529703
-0.0619202
-0.0708549
-0.0797715
-0.088667
-0.0975386
-0.106383
-0.115198
-0.12398
-0.132726
-0.141433
-0.150099
-0.15872
-0.167294
-0.175817
-0.184287
-0.192701
-0.201056
-0.209349
-0.217577
-0.225737
-0.233827
-0.241844
-0.249785
-0.257647
-0.265427
-0.273123
-0.280732
-0.288252
-0.295679
-0.30301
-0.310245
-0.317379
-0.32441
-0.331335
-0.338153
-0.344861
-0.351456
-0.357935
-0.364297
-0.370539
-0.376659
-0.382654
-0.388522
-0.394261
-0.39987
-0.405344
-0.410684
-0.415886
-0.420948
-0.425869
-0.430647
-0.43528
-0.439765
-0.444102
-0.448288
-0.452322
-0.456202
-0.459927
-0.463495
-0.466904
-0.470153
-0.473241
-0.476166
-0.478927
-0.481523
-0.483953
-0.486215
-0.488309
-0.490233
-0.491987
-0.493569
-0.494979
-0.496217
-0.49728
-0.498169
-0.498884
-0.499423
-0.499786
-0.499973
-0.499983
-0.499816
-0.499472
-0.49895
-0.498252
-0.497375
-0.496322
-0.495091
-0.493683
-0.492098
-0.490336
-0.488398
-0.486284
-0.483995
-0.48153
-0.478892
-0.47608
-0.473095
-0.469938
-0.46661
-0.463112
-0.459445
-0.455609
-0.451607
-0.447438
-0.443105
-0.438609
-0.433951
-0.429132
-0.424155
-0.41902
-0.41373
-0.408285
-0.402688
-0.396941
-0.391045
-0.385003
-0.378816
-0.372486
-0.366016
-0.359408
-0.352663
-0.345785
-0.338775
-0.331637
-0.324371
-0.316982
-0.309471
-0.301841
-0.294095
-0.286236
-0.278265
-0.270187
-0.262004
-0.253718
-0.245333
-0.236852
-0.228278
-0.219613
-0.210862
-0.202026
-0.19311
-0.184117
-0.175049
-0.165911
-0.156705
-0.147436
-0.138105
-0.128718
-0.119276
-0.109785
-0.100247
-0.0906659
-0.0810453
-0.0713889
-0.0617003
-0.0519832
-0.0422413
-0.0324782
-0.0226976
-0.0129034
-0.00309927
0.00671104
0.0165237
0.026335
0.0361411
0.0459382
0.0557225
0.0654902
0.0752374
0.0849603
0.0946552
0.104318
0.113945
0.123533
0.133077
0.142575
0.152021
0.161412
0.170745
0.180016
0.189221
0.198356
0.207418
0.216403
0.225307
0.234126
0.242858
0.251498
0.260043
0.268489
0.276833
0.285072
0.293201
0.301218
0.309119
0.316901
0.32456
0.332094
0.339498
0.346771
0.353909
0.360908
0.367766
0.37448
0.381046
0.387463
0.393727
0.399835
0.405785
0.411574
0.417199
0.422659
0.42795
0.43307
0.438017
0.442788
0.447382
0.451796
0.456027
0.460075
0.463938
0.467612
0.471097
0.474391
0.477492
0.480399
0.483109
0.485623
0.487938
0.490053
0.491967
0.493679
0.495188
0.496493
0.497593
0.498487
0.499175
0.499657
0.49993
0.499997
0.499854
0.499504
0.498945
0.498177
0.497201
0.496017
0.494624
0.493023
0.491214
0.489198
0.486976
0.484548
0.481914
0.479076
0.476034
0.47279
0.469344
0.465698
0.461853
0.45781
0.453571
0.449137
0.44451
0.439691
0.434683
0.429487
0.424105
0.418539
0.412792
0.406865
0.40076
0.394481
0.38803
0.381408
0.37462
0.367666
0.360551
0.353277
0.345847
0.338264
0.330531
0.322651
0.314627
0.306463
0.298162
0.289727
0.281162
0.272471
0.263656
0.254723
0.245674
0.236513
0.227244
0.217871
0.208399
0.19883
0.189169
0.179421
0.169589
0.159678
0.149691
0.139634
0.12951
0.119324
0.109081
0.0987839
0.0884386
0.0780491
0.06762
0.0571559
0.0466614
0.0361412
0.0256
0.0150423
0.0044729
-0.00610344
-0.016682
-0.0272581
-0.0378269
-0.0483837
-0.0589237
-0.0694422
-0.0799343
-0.0903953
-0.10082
-0.111205
-0.121544
-0.131833
-0.142067
-0.152241
-0.162351
-0.172393
-0.18236
-0.192249
-0.202055
-0.211774
-0.221401
-0.230931
-0.240359
-0.249683
-0.258896
-0.267995
-0.276975
-0.285832
-0.294562
-0.303161
-0.311624
-0.319947
-0.328126
-0.336158
-0.344038
-0.351762
-0.359327
-0.36673
-0.373965
-0.38103
-0.387922
-0.394636
-0.401169
-0.407518
-0.413681
-0.419653
-0.425431
-0.431014
-0.436397
-0.441578
-0.446554
-0.451323
-0.455882
-0.460229
-0.464361
-0.468276
-0.471972
-0.475447
-0.478699
-0.481725
-0.484526
-0.487098
-0.48944
-0.491551
-0.493429
-0.495074
-0.496484
-0.497657
-0.498594
-0.499294
-0.499755
-0.499978
-0.499961
-0.499705
-0.499209
-0.498474
-0.497498
-0.496283
-0.494829
-0.493136
-0.491204
-0.489034
-0.486627
-0.483984
-0.481106
-0.477993
-0.474647
-0.471069
-0.467261
-0.463224
-0.458961
-0.454471
-0.449758
-0.444824
-0.43967
-0.434299
-0.428714
-0.422916
-0.416908
-0.410693
-0.404273
-0.397652
-0.390833
-0.383818
-0.376611
-0.369215
-0.361633
-0.35387
-0.345928
-0.337811
-0.329524
-0.321069
-0.312451
-0.303674
-0.294743
-0.285661
-0.276432
-0.267062
-0.257554
-0.247914
-0.238145
-0.228253
-0.218242
-0.208117
-0.197884
-0.187546
-0.17711
-0.16658
-0.155962
-0.14526
-0.134481
-0.123628
-0.112709
-0.101728
-0.09069
-0.0796015
-0.0684679
-0.0572946
-0.0460872
-0.0348515
-0.0235931
-0.0123177
-0.00103111
0.010261
0.0215529
0.0328387
0.0441127
0.055369
0.066602
0.0778057
0.0889745
0.100102
0.111184
0.122213
0.133184
0.144091
0.154928
0.165691
0.176372
0.186967
0.19747
0.207875
0.218177
0.22837
0.238448
0.248408
0.258242
0.267946
0.277515
0.286943
0.296225
0.305357
0.314333
0.323148
0.331797
0.340277
0.348581
0.356706
0.364647
0.372399
0.379959
0.387322
0.394483
0.401439
0.408186
0.41472
0.421037
0.427134
0.433007
0.438653
0.444068
0.449249
0.454193
0.458898
0.463359
0.467576
0.471545
0.475263
0.478728
0.481939
0.484893
0.487588
0.490022
0.492195
0.494103
0.495746
0.497123
0.498233
0.499074
0.499646
0.499948
0.49998
0.499741
0.499232
0.498451
0.497399
0.496077
0.494484
0.492622
0.49049
0.48809
0.485423
0.48249
0.479291
0.475829
0.472105
0.468121
0.463878
0.459379
0.454626
0.449621
0.444366
0.438864
0.433118
0.427131
0.420905
0.414444
0.407751
0.40083
0.393683
0.386315
0.37873
0.370931
0.362923
0.354709
0.346294
0.337683
0.32888
0.319889
0.310716
0.301366
0.291843
0.282152
0.272299
0.262289
0.252128
0.241821
0.231373
0.220791
0.21008
0.199246
0.188295
0.177233
0.166066
0.154801
0.143443
0.131999
0.120475
0.108879
0.0972154
0.0854919
0.0737148
0.0618908
0.0500266
0.038129
0.0262046
0.0142603
0.00230281
-0.00966094
-0.0216241
-0.0335799
-0.0455213
-0.0574416
-0.0693338
-0.081191
-0.0930064
-0.104773
-0.116484
-0.128133
-0.139713
-0.151216
-0.162637
-0.173968
-0.185204
-0.196336
-0.207359
-0.218266
-0.229051
-0.239707
-0.250227
-0.260606
-0.270838
-0.280915
-0.290832
-0.300584
-0.310163
-0.319565
-0.328783
-0.337812
-0.346646
-0.35528
-0.363709
-0.371927
-0.379929
-0.387711
-0.395267
-0.402592
-0.409682
-0.416533
-0.423141
-0.4295
-0.435607
-0.441458
-0.447049
-0.452376
-0.457437
-0.462227
-0.466743
-0.470984
-0.474944
-0.478623
-0.482016
-0.485123
-0.487941
-0.490467
-0.4927
-0.494638
-0.496279
-0.497623
-0.498668
-0.499413
-0.499857
-0.5
-0.499841
-0.49938
-0.498616
-0.497551
-0.496184
-0.494515
-0.492546
-0.490276
-0.487708
-0.484843
-0.48168
-0.478224
-0.474474
-0.470433
-0.466104
-0.461488
-0.456587
-0.451405
-0.445945
-0.440209
-0.4342
-0.427923
-0.42138
-0.414575
-0.407512
-0.400196
-0.392629
-0.384818
-0.376765
-0.368477
-0.359957
-0.351211
-0.342244
-0.333061
-0.323668
-0.31407
-0.304273
-0.294283
-0.284105
-0.273747
-0.263214
-0.252512
-0.241648
-0.230629
-0.219462
-0.208152
-0.196708
-0.185136
-0.173443
-0.161636
-0.149723
-0.137712
-0.125609
-0.113421
-0.101158
-0.0888259
-0.0764328
-0.0639865
-0.0514948
-0.0389656
-0.0264067
-0.0138261
-0.00123181
0.0113683
0.0239661
0.0365536
0.0491229
0.0616658
0.0741743
0.0866404
0.0990562
0.111413
0.123704
0.135921
0.148055
0.1601
0.172046
0.183886
0.195613
0.207219
0.218696
0.230036
0.241233
0.252279
0.263166
0.273887
0.284436
0.294804
0.304986
0.314973
0.324761
0.334342
0.343709
0.352856
0.361777
0.370466
0.378918
0.387125
0.395083
0.402786
0.410228
0.417406
0.424312
0.430944
0.437295
0.443362
0.44914
0.454625
0.459813
0.464701
0.469284
0.47356
0.477525
0.481176
0.484511
0.487526
0.49022
0.49259
0.494635
0.496352
0.497741
0.498799
0.499526
0.499921
0.499984
0.499713
0.499108
0.498171
0.4969
0.495296
0.493361
0.491094
0.488498
0.485572
0.48232
0.478743
0.474843
0.470622
0.466082
0.461226
0.456058
0.45058
0.444796
0.438709
0.432323
0.425642
0.41867
0.411412
0.403872
0.396055
0.387965
0.379609
0.370992
0.362118
0.352995
0.343627
0.334021
0.324184
0.314121
0.303839
0.293345
0.282647
0.27175
0.260663
0.249393
0.237948
0.226334
0.21456
0.202634
0.190563
0.178357
0.166023
0.153569
0.141005
0.128338
0.115578
0.102733
0.0898117
0.0768232
0.0637764
0.0506804
0.0375443
0.024377
0.0111878
-0.00201421
-0.0152198
-0.0284197
-0.0416047
-0.0547656
-0.0678931
-0.080978
-0.094011
-0.106983
-0.119885
-0.132707
-0.145441
-0.158078
-0.170608
-0.183022
-0.195312
-0.207469
-0.219484
-0.231348
-0.243054
-0.254591
-0.265953
-0.27713
-0.288115
-0.2989
-0.309476
-0.319836
-0.329973
-0.339878
-0.349546
-0.358967
-0.368136
-0.377045
-0.385689
-0.394059
-0.402151
-0.409958
-0.417474
-0.424693
-0.431611
-0.43822
-0.444518
-0.450497
-0.456155
-0.461486
-0.466487
-0.471153
-0.47548
-0.479465
-0.483106
-0.486398
-0.489338
-0.491926
-0.494157
-0.496031
-0.497546
-0.498699
-0.49949
-0.499917
-0.499981
-0.49968
-0.499014
-0.497984
-0.49659
-0.494832
-0.492712
-0.49023
-0.487387
-0.484187
-0.48063
-0.476718
-0.472455
-0.467843
-0.462885
-0.457584
-0.451944
-0.445968
-0.439662
-0.433028
-0.426071
-0.418797
-0.41121
-0.403316
-0.395119
-0.386627
-0.377845
-0.368778
-0.359434
-0.349819
-0.339941
-0.329805
-0.319419
-0.308792
-0.29793
-0.286841
-0.275534
-0.264017
-0.252297
-0.240384
-0.228287
-0.216014
-0.203574
-0.190977
-0.178231
-0.165347
-0.152333
-0.1392
-0.125957
-0.112614
-0.0991809
-0.0856682
-0.0720859
-0.058444
-0.0447529
-0.031023
-0.0172645
-0.003488
0.0102961
0.0240774
0.0378454
0.0515895
0.0652992
0.078964
0.0925735
0.106117
0.119585
0.132966
0.146249
0.159426
0.172485
0.185417
0.198211
0.210857
0.223346
0.235667
0.247811
0.259769
0.271531
0.283087
0.29443
0.305548
0.316435
0.32708
0.337476
0.347615
0.357487
0.367086
0.376403
0.385431
0.394162
0.40259
0.410707
0.418507
0.425984
0.433131
0.439942
0.446412
0.452535
0.458306
0.46372
0.468773
0.47346
0.477777
0.48172
0.485286
0.488472
0.491274
0.493691
0.495719
0.497357
0.498603
0.499456
0.499914
0.499977
0.499644
0.498916
0.497791
0.496272
0.494358
0.492051
0.489351
0.486262
0.482785
0.478921
0.474675
0.470048
0.465045
0.459668
0.453922
0.447811
0.44134
0.434512
0.427334
0.41981
0.411947
0.40375
0.395226
0.386381
0.377222
0.367755
0.357989
0.347931
0.337588
0.326969
0.316082
0.304936
0.293538
0.281899
0.270028
0.257933
0.245624
0.233112
0.220406
0.207516
0.194453
0.181226
0.167848
0.154328
0.140677
0.126906
0.113027
0.0990508
0.0849885
0.0708517
0.0566519
0.0424008
0.0281098
0.0137908
-0.000544442
-0.0148843
-0.0292168
-0.0435302
-0.0578127
-0.0720525
-0.0862377
-0.100357
-0.114397
-0.128349
-0.142198
-0.155935
-0.169547
-0.183023
-0.196352
-0.209523
-0.222524
-0.235344
-0.247973
-0.260399
-0.272613
-0.284604
-0.296361
-0.307875
-0.319136
-0.330133
-0.340858
-0.351302
-0.361454
-0.371307
-0.380851
-0.390079
-0.398983
-0.407554
-0.415785
-0.423668
-0.431197
-0.438366
-0.445166
-0.451594
-0.457641
-0.463304
-0.468577
-0.473455
-0.477934
-0.482008
-0.485675
-0.488931
-0.491773
-0.494198
-0.496203
-0.497786
-0.498946
-0.499681
-0.499989
-0.499871
-0.499326
-0.498354
-0.496955
-0.495131
-0.492882
-0.490209
-0.487115
-0.483602
-0.479672
-0.475329
-0.470575
-0.465415
-0.459852
-0.453891
-0.447537
-0.440794
-0.433668
-0.426165
-0.418291
-0.410053
-0.401456
-0.392509
-0.383218
-0.373592
-0.363638
-0.353365
-0.342781
-0.331895
-0.320717
-0.309255
-0.29752
-0.285522
-0.27327
-0.260775
-0.248049
-0.235101
-0.221942
-0.208585
-0.195041
-0.181321
-0.167438
-0.153402
-0.139227
-0.124925
-0.110508
-0.0959893
-0.0813809
-0.0666958
-0.0519469
-0.0371472
-0.0223098
-0.00744764
0.00742607
0.0222982
0.0371555
0.0519848
0.066773
0.0815068
0.0961732
0.110759
0.125251
0.139636
0.153902
0.168036
0.182024
0.195855
0.209515
0.222992
0.236275
0.24935
0.262207
0.274833
0.287217
0.299347
0.311212
0.322802
0.334105
0.345112
0.355811
0.366194
0.37625
0.38597
0.395345
0.404365
0.413024
0.421311
0.42922
0.436743
0.443873
0.450602
0.456925
0.462835
0.468327
0.473394
0.478033
0.482238
0.486004
0.48933
0.492209
0.494641
0.496621
0.498149
0.499221
0.499836
0.499995
0.499694
0.498936
0.49772
0.496046
0.493915
0.49133
0.488293
0.484804
0.480868
0.476487
0.471665
0.466407
0.460716
0.454597
0.448055
0.441097
0.433729
0.425955
0.417785
0.409224
0.40028
0.390961
0.381276
0.371233
0.360841
0.35011
0.339049
0.327668
0.315977
0.303988
0.29171
0.279156
0.266337
0.253263
0.239949
0.226405
0.212644
0.198679
0.184523
0.170189
0.15569
0.14104
0.126252
0.111341
0.0963195
0.0812024
0.0660038
0.0507378
0.035419
0.0200617
0.00468038
-0.0107103
-0.0260958
-0.0414615
-0.0567928
-0.0720751
-0.0872939
-0.102435
-0.117483
-0.132424
-0.147243
-0.161927
-0.176461
-0.190832
-0.205025
-0.219026
-0.232822
-0.2464
-0.259747
-0.272848
-0.285692
-0.298266
-0.310558
-0.322555
-0.334246
-0.345619
-0.356663
-0.367367
-0.377721
-0.387713
-0.397334
-0.406575
-0.415425
-0.423877
-0.431921
-0.439549
-0.446754
-0.453529
-0.459865
-0.465757
-0.471198
-0.476183
-0.480707
-0.484764
-0.48835
-0.491462
-0.494095
-0.496247
-0.497915
-0.499098
-0.499792
-0.499998
-0.499715
-0.498942
-0.49768
-0.495929
-0.493692
-0.490968
-0.487762
-0.484074
-0.47991
-0.475271
-0.470163
-0.46459
-0.458557
-0.452069
-0.445133
-0.437754
-0.429941
-0.4217
-0.413038
-0.403965
-0.394488
-0.384617
-0.374361
-0.36373
-0.352734
-0.341384
-0.32969
-0.317665
-0.305319
-0.292665
-0.279715
-0.266482
-0.252978
-0.239218
-0.225213
-0.210979
-0.196529
-0.181878
-0.16704
-0.152029
-0.136861
-0.121551
-0.106114
-0.0905656
-0.074921
-0.0591959
-0.0434063
-0.027568
-0.0116969
0.00419094
0.0200795
0.0359528
0.0517947
0.0675891
0.08332
0.0989714
0.114527
0.129972
0.145289
0.160464
0.17548
0.190322
0.204976
0.219425
0.233655
0.247651
0.261399
0.274884
0.288093
0.301011
0.313625
0.325922
0.337889
0.349514
0.360784
0.371687
0.382212
0.392348
0.402083
0.411408
0.420312
0.428786
0.436821
0.444407
0.451538
0.458205
0.4644
0.470117
0.47535
0.480092
0.484338
0.488084
0.491325
0.494057
0.496277
0.497982
0.49917
0.499839
0.499988
0.499617
0.498724
0.497311
0.495379
0.49293
0.489964
0.486486
0.482497
0.478003
0.473006
0.467512
0.461526
0.455055
0.448103
0.440679
0.432789
0.424442
0.415645
0.406408
0.39674
0.386651
0.37615
0.36525
0.35396
0.342293
0.33026
0.317874
0.305147
0.292094
0.278726
0.265059
0.251107
0.236883
0.222404
0.207683
0.192737
0.177582
0.162232
0.146705
0.131017
0.115184
0.0992228
0.0831511
0.0669856
0.0507436
0.0344423
0.0180991
0.00173158
-0.0146428
-0.0310064
-0.0473417
-0.0636311
-0.079857
-0.0960019
-0.112048
-0.127979
-0.143777
-0.159424
-0.174904
-0.1902
-0.205295
-0.220172
-0.234817
-0.249211
-0.26334
-0.277187
-0.290739
-0.303979
-0.316893
-0.329466
-0.341686
-0.353537
-0.365008
-0.376084
-0.386754
-0.397005
-0.406827
-0.416208
-0.425136
-0.433603
-0.441598
-0.449113
-0.456138
-0.462666
-0.468688
-0.474198
-0.47919
-0.483657
-0.487593
-0.490995
-0.493858
-0.496178
-0.497952
-0.499179
-0.499855
-0.499979
-0.499552
-0.498573
-0.497042
-0.494962
-0.492332
-0.489157
-0.485439
-0.481182
-0.47639
-0.471067
-0.46522
-0.458854
-0.451976
-0.444593
-0.436713
-0.428344
-0.419495
-0.410176
-0.400396
-0.390166
-0.379497
-0.368401
-0.356889
-0.344974
-0.33267
-0.319989
-0.306946
-0.293554
-0.279829
-0.265785
-0.251439
-0.236806
-0.221901
-0.206743
-0.191347
-0.175731
-0.159912
-0.143907
-0.127736
-0.111415
-0.0949642
-0.0784005
-0.0617433
-0.0450112
-0.0282231
-0.0113981
0.00544486
0.0222866
0.039108
0.0558899
0.0726131
0.0892587
0.105808
0.122241
0.138539
0.154685
0.170658
0.186442
0.202017
0.217366
0.23247
0.247313
0.261877
0.276145
0.290101
0.303728
0.31701
0.329932
0.342478
0.354635
0.366386
0.37772
0.388621
0.399078
0.409077
0.418608
0.427657
0.436215
0.444272
0.451816
0.45884
0.465335
0.471292
0.476705
0.481566
0.485869
0.489609
0.492781
0.495381
0.497406
0.498852
0.499717
0.5
0.4997
0.498816
0.49735
0.495303
0.492676
0.489471
0.485693
0.481345
0.476432
0.470959
0.464931
0.458356
0.451241
0.443594
0.435423
0.426737
0.417546
0.407861
0.397692
0.387051
0.37595
0.364403
0.352421
0.34002
0.327213
0.314015
0.300441
0.286507
0.27223
0.257626
0.242712
0.227505
0.212024
0.196286
0.18031
0.164114
0.147719
0.131143
0.114406
0.0975273
0.0805275
0.0634267
0.0462451
0.0290033
0.0117218
-0.00557862
-0.0228774
-0.0401537
-0.0573868
-0.074556
-0.0916406
-0.10862
-0.125474
-0.142182
-0.158723
-0.175078
-0.191227
-0.20715
-0.222827
-0.238241
-0.253371
-0.268199
-0.282707
-0.296878
-0.310693
-0.324136
-0.33719
-0.349839
-0.362067
-0.37386
-0.385202
-0.396079
-0.406477
-0.416384
-0.425787
-0.434674
-0.443034
-0.450857
-0.458131
-0.464848
-0.471
-0.476578
-0.481574
-0.485983
-0.489798
-0.493015
-0.495628
-0.497634
-0.49903
-0.499814
-0.499985
-0.499541
-0.498482
-0.49681
-0.494526
-0.491632
-0.488131
-0.484028
-0.479326
-0.47403
-0.468148
-0.461686
-0.454651
-0.447051
-0.438896
-0.430194
-0.420957
-0.411196
-0.400921
-0.390146
-0.378882
-0.367145
-0.354948
-0.342306
-0.329234
-0.315748
-0.301865
-0.287602
-0.272975
-0.258004
-0.242706
-0.2271
-0.211206
-0.195044
-0.178632
-0.161992
-0.145145
-0.12811
-0.11091
-0.0935661
-0.0760996
-0.0585325
-0.0408869
-0.023185
-0.00544881
0.0122992
0.0300366
0.0477411
0.0653904
0.082962
0.100434
0.117783
0.134989
0.152028
0.16888
0.185523
0.201935
0.218095
0.233983
0.249579
0.264862
0.279812
0.294411
0.308639
0.322478
0.33591
0.348918
0.361484
0.373592
0.385227
0.396373
0.407015
0.41714
0.426734
0.435783
0.444278
0.452205
0.459554
0.466316
0.47248
0.47804
0.482986
0.487313
0.491014
0.494084
0.496518
0.498312
0.499465
0.499973
0.499836
0.499053
0.497625
0.495554
0.49284
0.489487
0.4855
0.480882
0.475639
0.469777
0.463304
0.456228
0.448556
0.440299
0.431467
0.422071
0.412122
0.401634
0.390619
0.379091
0.367065
0.354557
0.341581
0.328156
0.314297
0.300023
0.285352
0.270304
0.254896
0.239151
0.223086
0.206725
0.190087
0.173195
0.15607
0.138736
0.121213
0.103527
0.0856986
0.0677525
0.0497122
0.0316012
0.0134436
-0.00473681
-0.0229159
-0.0410696
-0.059174
-0.0772048
-0.0951383
-0.11295
-0.130618
-0.148116
-0.165423
-0.182514
-0.199367
-0.21596
-0.232269
-0.248274
-0.263952
-0.279282
-0.294244
-0.308817
-0.322981
-0.336718
-0.350008
-0.362833
-0.375176
-0.38702
-0.398349
-0.409146
-0.419398
-0.429089
-0.438206
-0.446738
-0.45467
-0.461994
-0.468697
-0.474771
-0.480207
-0.484997
-0.489135
-0.492613
-0.495426
-0.497572
-0.499045
-0.499843
-0.499965
-0.499411
-0.498179
-0.496272
-0.493692
-0.490441
-0.486523
-0.481943
-0.476707
-0.470821
-0.464293
-0.457131
-0.449344
-0.440943
-0.431939
-0.422342
-0.412167
-0.401426
-0.390133
-0.378305
-0.365955
-0.353101
-0.33976
-0.32595
-0.31169
-0.296998
-0.281894
-0.2664
-0.250535
-0.234322
-0.217782
-0.200938
-0.183812
-0.166429
-0.148812
-0.130985
-0.112972
-0.0947991
-0.0764899
-0.0580701
-0.0395651
-0.0210005
-0.00240174
0.0162053
0.0347948
0.0533411
0.0718183
0.0902007
0.108463
0.126579
0.144524
0.162273
0.179801
0.197083
0.214095
0.230814
0.247215
0.263275
0.278972
0.294283
0.309188
0.323664
0.337691
0.351248
0.364318
0.376881
0.388918
0.400413
0.411349
0.421711
0.431483
0.44065
0.449201
0.457121
0.4644
0.471027
0.476991
0.482285
0.486899
0.490827
0.494063
0.496602
0.498439
0.499571
0.499996
0.499714
0.498723
0.497025
0.494622
0.491516
0.487711
0.483212
0.478025
0.472157
0.465616
0.45841
0.450549
0.442044
0.432906
0.423148
0.412784
0.401827
0.390293
0.378199
0.36556
0.352394
0.33872
0.324558
0.309926
0.294847
0.27934
0.263428
0.247133
0.230479
0.213489
0.196187
0.178599
0.160748
0.142662
0.124365
0.105883
0.0872446
0.0684748
0.0496011
0.0306508
0.0116513
-0.00737015
-0.0263858
-0.0453683
-0.0642899
-0.0831233
-0.101841
-0.120416
-0.13882
-0.157028
-0.175012
-0.192747
-0.210205
-0.227362
-0.244192
-0.26067
-0.276773
-0.292476
-0.307756
-0.32259
-0.336957
-0.350835
-0.364203
-0.377042
-0.389331
-0.401054
-0.412191
-0.422727
-0.432645
-0.44193
-0.450569
-0.458547
-0.465853
-0.472476
-0.478405
-0.48363
-0.488145
-0.49194
-0.495011
-0.497352
-0.49896
-0.49983
-0.499962
-0.499354
-0.498007
-0.495923
-0.493103
-0.489552
-0.485274
-0.480275
-0.474561
-0.468142
-0.461025
-0.453221
-0.44474
-0.435596
-0.425801
-0.415368
-0.404314
-0.392654
-0.380406
-0.367586
-0.354214
-0.340309
-0.325892
-0.310983
-0.295605
-0.279781
-0.263533
-0.246886
-0.229865
-0.212494
-0.1948
-0.176809
-0.158547
-0.140042
-0.121322
-0.102415
-0.0833481
-0.064151
-0.0448522
-0.0254809
-0.00606617
0.0133627
0.0327763
0.0521454
0.0714406
0.0906326
0.109692
0.128591
0.147299
0.165789
0.184033
0.202001
0.219668
0.237005
0.253986
0.270586
0.286778
0.302538
0.317841
0.332663
0.346983
0.360776
0.374023
0.386702
0.398793
0.410278
0.421138
0.431357
0.440918
0.449806
0.458008
0.465509
0.472298
0.478364
0.483697
0.488288
0.49213
0.495216
0.497541
0.499101
0.499893
0.499914
0.499165
0.497645
0.495358
0.492304
0.48849
0.48392
0.4786
0.472538
0.465743
0.458226
0.449996
0.441067
0.431451
0.421163
0.410219
0.398635
0.386428
0.373618
0.360223
0.346264
0.331762
0.316739
0.301219
0.285225
0.268782
0.251916
0.234651
0.217016
0.199037
0.180741
0.162159
0.143318
0.124247
0.104977
0.0855375
0.0659589
0.0462718
0.0265071
0.00669576
-0.0131311
-0.0329422
-0.0527065
-0.0723927
-0.0919698
-0.111407
-0.130673
-0.149738
-0.168571
-0.187143
-0.205424
-0.223384
-0.240996
-0.25823
-0.27506
-0.291459
-0.3074
-0.322857
-0.337806
-0.352222
-0.366083
-0.379365
-0.392048
-0.40411
-0.415532
-0.426296
-0.436383
-0.445777
-0.454463
-0.462426
-0.469653
-0.476132
-0.481852
-0.486803
-0.490976
-0.494366
-0.496964
-0.498768
-0.499772
-0.499976
-0.499377
-0.497978
-0.495778
-0.492781
-0.488992
-0.484415
-0.479058
-0.472928
-0.466036
-0.45839
-0.450004
-0.440891
-0.431063
-0.420537
-0.40933
-0.397458
-0.38494
-0.371797
-0.358049
-0.343718
-0.328826
-0.313398
-0.297457
-0.281031
-0.264144
-0.246823
-0.229098
-0.210996
-0.192546
-0.173778
-0.154723
-0.135411
-0.115874
-0.0961427
-0.0762499
-0.0562278
-0.0361089
-0.0159262
0.00428762
0.0244994
0.044676
0.0647844
0.0847917
0.104665
0.124372
0.143879
0.163155
0.182168
0.200887
0.21928
0.237317
0.254968
0.272204
0.288996
0.305315
0.321136
0.336431
0.351175
0.365343
0.378911
0.391856
0.404157
0.415792
0.426742
0.436988
0.446514
0.455301
0.463336
0.470605
0.477094
0.482793
0.487691
0.49178
0.495052
0.497502
0.499124
0.499915
0.499874
0.499
0.497293
0.494757
0.491393
0.487209
0.482209
0.476402
0.469797
0.462404
0.454236
0.445304
0.435624
0.425212
0.414084
0.402258
0.389754
0.376592
0.362794
0.348383
0.333382
0.317817
0.301712
0.285096
0.267995
0.250438
0.232454
0.214073
0.195326
0.176245
0.156862
0.137208
0.117317
0.0972234
0.0769599
0.0565612
0.0360616
0.0154959
-0.00510111
-0.0256944
-0.046249
-0.06673
-0.0871024
-0.107332
-0.127383
-0.147222
-0.166816
-0.186129
-0.205131
-0.223786
-0.242064
-0.259934
-0.277363
-0.294323
-0.310783
-0.326716
-0.342093
-0.356888
-0.371075
-0.38463
-0.397528
-0.409747
-0.421265
-0.432063
-0.442121
-0.451422
-0.459948
-0.467685
-0.474618
-0.480736
-0.486027
-0.490481
-0.49409
-0.496847
-0.498747
-0.499786
-0.499962
-0.499273
-0.49772
-0.495306
-0.492033
-0.487908
-0.482935
-0.477124
-0.470484
-0.463026
-0.454762
-0.445705
-0.435872
-0.425279
-0.413943
-0.401884
-0.389123
-0.37568
-0.361579
-0.346845
-0.331501
-0.315576
-0.299095
-0.282088
-0.264584
-0.246612
-0.228205
-0.209394
-0.190212
-0.170692
-0.150869
-0.130776
-0.110448
-0.0899221
-0.0692332
-0.0484177
-0.0275122
-0.00655327
0.0144221
0.0353771
0.0562747
0.0770781
0.0977505
0.118255
0.138556
0.158618
0.178403
0.197879
0.217009
0.235759
0.254097
0.271989
0.289403
0.306309
0.322676
0.338474
0.353675
0.368252
0.382177
0.395427
0.407977
0.419804
0.430887
0.441205
0.450739
0.459473
0.467389
0.474473
0.480711
0.486093
0.490608
0.494247
0.497002
0.49887
0.499845
0.499924
0.499109
0.497398
0.494795
0.491304
0.48693
0.48168
0.475564
0.468592
0.460775
0.452127
0.442664
0.432401
0.421356
0.40955
0.397002
0.383735
0.369772
0.355138
0.339859
0.323962
0.307476
0.290429
0.272852
0.254778
0.236237
0.217264
0.197892
0.178157
0.158094
0.137739
0.117129
0.0963014
0.0752936
0.054144
0.0328909
0.011573
-0.00977104
-0.0311022
-0.0523816
-0.0735704
-0.0946298
-0.115521
-0.136207
-0.156648
-0.176807
-0.196648
-0.216133
-0.235227
-0.253894
-0.2721
-0.289812
-0.306996
-0.32362
-0.339654
-0.355067
-0.369831
-0.383919
-0.397303
-0.409959
-0.421864
-0.432993
-0.443327
-0.452846
-0.461532
-0.469367
-0.476338
-0.48243
-0.487632
-0.491933
-0.495325
-0.497801
-0.499355
-0.499985
-0.499688
-0.498465
-0.496316
-0.493245
-0.489258
-0.484361
-0.478563
-0.471873
-0.464304
-0.455869
-0.446583
-0.436463
-0.425527
-0.413794
-0.401288
-0.388029
-0.374043
-0.359355
-0.343991
-0.327981
-0.311354
-0.29414
-0.276372
-0.258081
-0.239303
-0.220071
-0.200423
-0.180394
-0.160021
-0.139343
-0.118399
-0.0972267
-0.075867
-0.0543597
-0.032745
-0.0110638
0.0106433
0.0323353
0.0539712
0.0755103
0.0969117
0.118135
0.13914
0.159886
0.180335
0.200448
0.220185
0.23951
0.258385
0.276775
0.294645
0.311959
0.328685
0.34479
0.360244
0.375017
0.389079
0.402405
0.414968
0.426743
0.437708
0.447841
0.457122
0.465533
0.473057
0.47968
0.485388
0.490169
0.494014
0.496915
0.498865
0.49986
0.499899
0.498978
0.497101
0.49427
0.49049
0.485767
0.480109
0.473528
0.466035
0.457643
0.448369
0.438229
0.427243
0.415432
0.402816
0.389421
0.375271
0.360394
0.344817
0.32857
0.311684
0.294192
0.276127
0.257522
0.238415
0.218842
0.19884
0.178448
0.157705
0.136651
0.115327
0.0937742
0.0720342
0.0501493
0.0281619
0.00611472
-0.0159493
-0.0379873
-0.0599562
-0.0818131
-0.103515
-0.12502
-0.146286
-0.167271
-0.187934
-0.208234
-0.228131
-0.247586
-0.266561
-0.285018
-0.30292
-0.320233
-0.336922
-0.352953
-0.368295
-0.382917
-0.39679
-0.409886
-0.422179
-0.433644
-0.444258
-0.454
-0.462849
-0.470788
-0.4778
-0.483872
-0.488989
-0.493143
-0.496323
-0.498523
-0.499737
-0.499964
-0.499201
-0.497449
-0.494712
-0.490994
-0.486301
-0.480644
-0.474031
-0.466475
-0.457991
-0.448596
-0.438306
-0.427143
-0.415127
-0.402283
-0.388634
-0.374208
-0.359033
-0.343139
-0.326556
-0.309319
-0.291459
-0.273014
-0.254018
-0.234511
-0.21453
-0.194116
-0.173308
-0.152149
-0.13068
-0.108944
-0.0869847
-0.0648462
-0.0425726
-0.0202086
0.00220102
0.0246112
0.0469768
0.0692529
0.0913945
0.113357
0.135096
0.156567
0.177728
0.198535
0.218946
0.238919
0.258414
0.277391
0.295811
0.313638
0.330833
0.347363
0.363192
0.37829
0.392624
0.406165
0.418884
0.430757
0.441757
0.451862
0.461051
0.469305
0.476606
0.482938
0.488289
0.492646
0.496
0.498344
0.499672
0.49998
0.499268
0.497536
0.494787
0.491026
0.48626
0.480499
0.473752
0.466034
0.457359
0.447746
0.437212
0.425779
0.413469
0.400308
0.386322
0.371539
0.355989
0.339703
0.322715
0.305058
0.28677
0.267887
0.248447
0.228491
0.208059
0.187193
0.165936
0.144332
0.122424
0.100259
0.0778815
0.0553379
0.0326748
0.00993914
-0.0128221
-0.0355617
-0.0582326
-0.0807876
-0.10318
-0.125363
-0.14729
-0.168916
-0.190195
-0.211083
-0.231537
-0.251513
-0.270969
-0.289865
-0.308161
-0.325818
-0.342799
-0.359069
-0.374591
-0.389335
-0.403268
-0.416361
-0.428585
-0.439915
-0.450327
-0.459797
-0.468306
-0.475835
-0.482367
-0.487889
-0.492387
-0.495853
-0.498277
-0.499654
-0.499981
-0.499256
-0.49748
-0.494656
-0.49079
-0.485888
-0.479961
-0.47302
-0.465079
-0.456155
-0.446265
-0.435431
-0.423673
-0.411017
-0.397488
-0.383115
-0.367928
-0.351958
-0.335239
-0.317805
-0.299694
-0.280942
-0.26159
-0.241678
-0.221248
-0.200344
-0.179009
-0.157288
-0.135228
-0.112875
-0.090277
-0.0674817
-0.0445375
-0.0214935
0.00160147
0.0246979
0.0477466
0.0706983
0.0935037
0.116114
0.138481
0.160556
0.182292
0.203642
0.22456
0.245002
0.264922
0.284278
0.303027
0.32113
0.338547
0.355239
0.371171
0.386308
0.400617
0.414066
0.426626
0.438269
0.448969
0.458703
0.46745
0.475189
0.481903
0.487578
0.492199
0.495757
0.498244
0.499652
0.499979
0.499222
0.497384
0.494466
0.490476
0.48542
0.479309
0.472156
0.463975
0.454784
0.444602
0.433451
0.421354
0.408336
0.394427
0.379655
0.364052
0.347651
0.330488
0.312601
0.294026
0.274806
0.25498
0.234593
0.213688
0.192311
0.170508
0.148328
0.125817
0.103026
0.0800039
0.0568015
0.0334695
0.0100591
-0.0133785
-0.0367916
-0.0601287
-0.0833385
-0.10637
-0.129172
-0.151694
-0.173887
-0.195701
-0.217088
-0.238001
-0.258393
-0.278218
-0.297433
-0.315995
-0.333862
-0.350995
-0.367354
-0.382903
-0.397608
-0.411434
-0.424352
-0.436331
-0.447345
-0.457368
-0.466378
-0.474354
-0.481277
-0.487131
-0.491904
-0.495583
-0.498159
-0.499627
-0.499982
-0.499222
-0.497349
-0.494366
-0.49028
-0.485098
-0.478831
-0.471493
-0.4631
-0.453669
-0.443221
-0.431778
-0.419367
-0.406014
-0.391747
-0.3766
-0.360604
-0.343796
-0.326213
-0.307894
-0.288879
-0.26921
-0.248932
-0.22809
-0.20673
-0.1849
-0.16265
-0.140028
-0.117085
-0.0938739
-0.070446
-0.0468542
-0.0231516
0.000608173
0.0243716
0.0480848
0.0716943
0.0951465
0.118388
0.141367
0.16403
0.186325
0.208203
0.229614
0.250507
0.270837
0.290555
0.309617
0.32798
0.3456
0.362438
0.378454
0.393612
0.407876
0.421214
0.433594
0.444988
0.455369
0.464713
0.472997
0.480203
0.486312
0.491311
0.495187
0.49793
0.499534
0.499994
0.499309
0.497479
0.494508
0.490402
0.48517
0.478822
0.471373
0.46284
0.45324
0.442597
0.430932
0.418274
0.404649
0.39009
0.374629
0.3583
0.341142
0.323193
0.304495
0.285089
0.265021
0.244335
0.223081
0.201306
0.179061
0.156397
0.133366
0.110021
0.0864158
0.0626057
0.0386454
0.0145905
-0.00950326
-0.0335799
-0.0575835
-0.0814581
-0.105148
-0.128599
-0.151755
-0.174562
-0.196967
-0.218918
-0.240363
-0.261252
-0.281535
-0.301166
-0.320097
-0.338284
-0.355685
-0.372257
-0.387962
-0.402762
-0.416623
-0.42951
-0.441394
-0.452246
-0.462039
-0.470751
-0.47836
-0.484847
-0.490196
-0.494395
-0.497433
-0.499301
-0.499995
-0.499513
-0.497854
-0.495022
-0.491023
-0.485866
-0.479562
-0.472125
-0.463572
-0.453922
-0.443199
-0.431426
-0.41863
-0.404842
-0.390093
-0.374418
-0.357852
-0.340436
-0.322209
-0.303215
-0.283497
-0.263103
-0.24208
-0.220477
-0.198347
-0.17574
-0.152711
-0.129314
-0.105605
-0.0816395
-0.0574745
-0.0331677
-0.00877691
0.0156398
0.0400242
0.064318
0.0884632
0.112402
0.136077
0.159432
0.18241
0.204956
0.227017
0.248538
0.269469
0.289758
0.309356
0.328217
0.346294
0.363543
0.379923
0.395394
0.409918
0.423459
0.435985
0.447464
0.457868
0.467172
0.475353
0.482389
0.488265
0.492963
0.496473
0.498786
0.499894
0.499795
0.498489
0.495976
0.492264
0.48736
0.481275
0.474023
0.465622
0.45609
0.445451
0.433729
0.420952
0.407151
0.392358
0.376609
0.359941
0.342395
0.324013
0.304838
0.284918
0.264299
0.243033
0.22117
0.198763
0.175867
0.152537
0.12883
0.104804
0.0805165
0.0560276
0.0313967
0.0066841
-0.0180498
-0.0427446
-0.0673395
-0.0917745
-0.115989
-0.139925
-0.163522
-0.186722
-0.209469
-0.231705
-0.253377
-0.274431
-0.294813
-0.314475
-0.333367
-0.351442
-0.368655
-0.384962
-0.400325
-0.414703
-0.428061
-0.440366
-0.451585
-0.461692
-0.47066
-0.478466
-0.485091
-0.490517
-0.49473
-0.497719
-0.499476
-0.499996
-0.499277
-0.497319
-0.494127
-0.489709
-0.484073
-0.477235
-0.469209
-0.460015
-0.449675
-0.438215
-0.425662
-0.412047
-0.397403
-0.381765
-0.365173
-0.347668
-0.329291
-0.310089
-0.290109
-0.2694
-0.248014
-0.226004
-0.203424
-0.180331
-0.156783
-0.132836
-0.108553
-0.0839927
-0.059217
-0.0342879
-0.00926787
0.0157804
0.040794
0.0657102
0.0904662
0.115
0.139249
0.163153
0.18665
0.209683
0.232192
0.254121
0.275413
0.296015
0.315875
0.334941
0.353166
0.370502
0.386906
0.402335
0.41675
0.430113
0.442391
0.453551
0.463565
0.472406
0.480052
0.486482
0.491679
0.49563
0.498323
0.499752
0.499911
0.498799
0.49642
0.492777
0.487879
0.481739
0.47437
0.465792
0.456025
0.445093
0.433024
0.419848
0.405597
0.390308
0.374019
0.356771
0.338607
0.319574
0.299719
0.279094
0.257749
0.23574
0.213123
0.189955
0.166295
0.142204
0.117743
0.0929751
0.0679635
0.0427723
0.0174662
-0.0078897
-0.0332303
-0.0584904
-0.0836048
-0.108509
-0.133138
-0.157429
-0.181319
-0.204745
-0.227648
-0.249968
-0.271646
-0.292626
-0.312855
-0.332278
-0.350846
-0.368509
-0.385222
-0.40094
-0.415623
-0.429231
-0.441729
-0.453083
-0.463264
-0.472245
-0.48
-0.486511
-0.491758
-0.495727
-0.498408
-0.499793
-0.499876
-0.498659
-0.496142
-0.492331
-0.487236
-0.480869
-0.473247
-0.464387
-0.454314
-0.443052
-0.430629
-0.417079
-0.402435
-0.386735
-0.37002
-0.352334
-0.33372
-0.314229
-0.29391
-0.272817
-0.251004
-0.228528
-0.205447
-0.181822
-0.157715
-0.133189
-0.108308
-0.0831374
-0.0577428
-0.0321914
-0.00655025
0.0191131
0.0447311
0.0702361
0.0955608
0.120638
0.145402
0.169787
0.193728
0.217161
0.240025
0.262258
0.283802
0.304599
0.324593
0.343732
0.361963
0.379238
0.395511
0.410738
0.424877
0.437891
0.449745
0.460405
0.469845
0.478036
0.484957
0.49059
0.494917
0.497927
0.49961
0.499963
0.498983
0.496671
0.493034
0.48808
0.481821
0.474274
0.465458
0.455396
0.444114
0.431642
0.418012
0.40326
0.387425
0.370549
0.352676
0.333854
0.314133
0.293565
0.272204
0.250109
0.227337
0.20395
0.18001
0.155581
0.130728
0.105519
0.0800215
0.054303
0.0284333
0.00248196
-0.023481
-0.0493857
-0.0751619
-0.10074
-0.126051
-0.151026
-0.175598
-0.199699
-0.223265
-0.246231
-0.268535
-0.290116
-0.310914
-0.330874
-0.34994
-0.368061
-0.385186
-0.401269
-0.416265
-0.430133
-0.442835
-0.454335
-0.464601
-0.473605
-0.481322
-0.487729
-0.492809
-0.496547
-0.498932
-0.499957
-0.499618
-0.497915
-0.494852
-0.490437
-0.484681
-0.477599
-0.46921
-0.459536
-0.448602
-0.436438
-0.423076
-0.408553
-0.392907
-0.376181
-0.35842
-0.339672
-0.319988
-0.299422
-0.278029
-0.255868
-0.233
-0.209486
-0.185392
-0.160782
-0.135726
-0.110291
-0.084547
-0.0585652
-0.032417
-0.00617451
0.02009
0.0463041
0.0723952
0.0982913
0.123921
0.149212
0.174096
0.198502
0.222364
0.245615
0.268189
0.290025
0.311061
0.331238
0.3505
0.368793
0.386065
0.402269
0.417358
0.431289
0.444025
0.455527
0.465764
0.474707
0.482329
0.488609
0.493528
0.497073
0.499232
0.499998
0.499369
0.497346
0.493933
0.48914
0.482978
0.475465
0.46662
0.456468
0.445036
0.432355
0.418461
0.403392
0.387188
0.369896
0.351563
0.332239
0.311979
0.290839
0.268878
0.246156
0.222738
0.19869
0.174077
0.14897
0.123439
0.097555
0.0713913
0.0450214
0.0185196
-0.00803936
-0.0345806
-0.0610292
-0.0873104
-0.11335
-0.139074
-0.164409
-0.189284
-0.213628
-0.237371
-0.260447
-0.282789
-0.304334
-0.32502
-0.344788
-0.363582
-0.381347
-0.398032
-0.41359
-0.427975
-0.441147
-0.453066
-0.463699
-0.473014
-0.480984
-0.487585
-0.492799
-0.496609
-0.499004
-0.499976
-0.499522
-0.497642
-0.49434
-0.489626
-0.483512
-0.476014
-0.467153
-0.456955
-0.445447
-0.432661
-0.418634
-0.403405
-0.387017
-0.369517
-0.350953
-0.331378
-0.310849
-0.289424
-0.267163
-0.24413
-0.220391
-0.196015
-0.171069
-0.145627
-0.119761
-0.0935448
-0.0670545
-0.0403661
-0.0135563
0.0132975
0.040118
0.0668276
0.0933491
0.119606
0.145522
0.171022
0.196033
0.220481
0.244295
0.267407
0.289748
0.311254
0.331862
0.351512
0.370146
0.387709
0.40415
0.419421
0.433477
0.446275
0.457779
0.467954
0.476769
0.484199
0.49022
0.494815
0.497969
0.499673
0.49992
0.49871
0.496044
0.49193
0.486379
0.479407
0.471032
0.461279
0.450176
0.437754
0.424049
0.4091
0.39295
0.375646
0.357238
0.33778
0.317328
0.295941
0.273681
0.250614
0.226807
0.202329
0.177252
0.151649
0.125595
0.0991674
0.0724428
0.0455
0.0184183
-0.00872265
-0.0358429
-0.0628623
-0.0897013
-0.116281
-0.142521
-0.168346
-0.193678
-0.218443
-0.242566
-0.265976
-0.288604
-0.310382
-0.331244
-0.35113
-0.369979
-0.387734
-0.404344
-0.419757
-0.433927
-0.446812
-0.458373
-0.468575
-0.477385
-0.484779
-0.490732
-0.495227
-0.498248
-0.499787
-0.499838
-0.4984
-0.495477
-0.491076
-0.485209
-0.477894
-0.469151
-0.459006
-0.447489
-0.434632
-0.420474
-0.405056
-0.388424
-0.370627
-0.351717
-0.33175
-0.310787
-0.288888
-0.266119
-0.242548
-0.218245
-0.193283
-0.167737
-0.141682
-0.115196
-0.0883597
-0.0612528
-0.0339568
-0.00655363
0.0208742
0.0482441
0.0754737
0.102481
0.129184
0.155503
0.181357
0.206669
0.231361
0.25536
0.278591
0.300985
0.322474
0.342991
0.362474
0.380864
0.398105
0.414143
0.428929
0.442419
0.45457
0.465344
0.474709
0.482635
0.489097
0.494075
0.497553
0.49952
0.499968
0.498896
0.496306
0.492205
0.486605
0.479521
0.470976
0.460993
0.449604
0.43684
0.422742
0.407351
0.390713
0.372879
0.353903
0.333841
0.312755
0.290709
0.267769
0.244005
0.21949
0.194298
0.168506
0.142193
0.115439
0.0883266
0.060938
0.0333574
0.00566949
-0.0220408
-0.0496884
-0.0771882
-0.104455
-0.131406
-0.157958
-0.184027
-0.209535
-0.234402
-0.25855
-0.281906
-0.304397
-0.325953
-0.346506
-0.365993
-0.384354
-0.40153
-0.417468
-0.432118
-0.445435
-0.457375
-0.467902
-0.476982
-0.484586
-0.490691
-0.495275
-0.498324
-0.499829
-0.499782
-0.498184
-0.495039
-0.490356
-0.484148
-0.476434
-0.467237
-0.456586
-0.444511
-0.43105
-0.416245
-0.400141
-0.382786
-0.364236
-0.344546
-0.323778
-0.301996
-0.279267
-0.255662
-0.231254
-0.206119
-0.180335
-0.153982
-0.127144
-0.0999021
-0.072343
-0.0445524
-0.0166174
0.0113747
0.0393362
0.0671792
0.0948163
0.122161
0.149127
0.175629
0.201584
0.22691
0.251527
0.275358
0.298326
0.32036
0.341388
0.361346
0.380168
0.397795
0.414171
0.429244
0.442965
0.45529
0.46618
0.4756
0.483518
0.489909
0.494753
0.498032
0.499736
0.499859
0.498398
0.495359
0.49075
0.484584
0.476881
0.467664
0.456961
0.444806
0.431236
0.416294
0.400026
0.382484
0.363723
0.343801
0.322782
0.300732
0.27772
0.253819
0.229106
0.203657
0.177555
0.150882
0.123723
0.0961635
0.0682925
0.0401985
0.0119711
-0.0162996
-0.0445231
-0.0726092
-0.100468
-0.12801
-0.155147
-0.181791
-0.207858
-0.233263
-0.257924
-0.281762
-0.304701
-0.326665
-0.347584
-0.36739
-0.386018
-0.40341
-0.419507
-0.434257
-0.447612
-0.459529
-0.469968
-0.478894
-0.486279
-0.492098
-0.496331
-0.498963
-0.499986
-0.499394
-0.49719
-0.493379
-0.487973
-0.480989
-0.472448
-0.462377
-0.450808
-0.437778
-0.423327
-0.407503
-0.390355
-0.371939
-0.352313
-0.331541
-0.30969
-0.286829
-0.263033
-0.238378
-0.212944
-0.186814
-0.160071
-0.132803
-0.105098
-0.0770466
-0.048739
-0.0202677
0.00827469
0.036795
0.0652003
0.0933979
0.121296
0.148802
0.175828
0.202283
0.228082
0.253141
0.277375
0.300707
0.323058
0.344356
0.36453
0.383513
0.401242
0.41766
0.43271
0.446344
0.458515
0.469184
0.478313
0.485873
0.491837
0.496186
0.498903
0.49998
0.499412
0.4972
0.49335
0.487874
0.48079
0.472119
0.461891
0.450136
0.436895
0.422208
0.406126
0.388698
0.369984
0.350043
0.328941
0.306748
0.283535
0.25938
0.234362
0.208564
0.182069
0.154967
0.127346
0.0992985
0.0709162
0.0422936
0.0135257
-0.0152922
-0.0440641
-0.0726946
-0.101088
-0.129151
-0.156788
-0.183908
-0.210421
-0.236238
-0.261271
-0.285438
-0.308658
-0.330852
-0.351946
-0.371869
-0.390554
-0.407938
-0.423961
-0.438571
-0.451716
-0.463353
-0.473442
-0.481948
-0.488842
-0.4941
-0.497703
-0.499639
-0.499901
-0.498485
-0.495397
-0.490646
-0.484247
-0.476221
-0.466593
-0.455396
-0.442666
-0.428444
-0.412779
-0.395723
-0.377331
-0.357665
-0.336791
-0.314779
-0.291701
-0.267636
-0.242664
-0.216869
-0.190338
-0.163159
-0.135424
-0.107227
-0.0786628
-0.0498276
-0.020819
0.0082651
0.0373262
0.0662658
0.0949859
0.123389
0.151379
0.17886
0.205739
0.231925
0.257328
0.281862
0.305442
0.327989
0.349425
0.369676
0.388674
0.406352
0.422651
0.437513
0.450888
0.462728
0.472994
0.481649
0.488663
0.494011
0.497673
0.499638
0.499896
0.498447
0.495294
0.490447
0.483923
0.475741
0.465931
0.454523
0.441558
0.427077
0.411131
0.393772
0.375061
0.355059
0.333836
0.311464
0.288018
0.263579
0.23823
0.212057
0.185152
0.157605
0.129511
0.100966
0.0720693
0.0429192
0.0136163
-0.0157385
-0.045044
-0.0741991
-0.103103
-0.131656
-0.15976
-0.187316
-0.21423
-0.240408
-0.26576
-0.290196
-0.313633
-0.335989
-0.357185
-0.377148
-0.395808
-0.413099
-0.428961
-0.443339
-0.456181
-0.467442
-0.477083
-0.485069
-0.491371
-0.495967
-0.49884
-0.499979
-0.499379
-0.497042
-0.492974
-0.487189
-0.479707
-0.470551
-0.459755
-0.447353
-0.43339
-0.417912
-0.400973
-0.382631
-0.36295
-0.341998
-0.319847
-0.296575
-0.272261
-0.246991
-0.220852
-0.193936
-0.166336
-0.138149
-0.109473
-0.0804087
-0.0510575
-0.0215222
0.00809348
0.0376857
0.0671506
0.0963846
0.125285
0.15375
0.181679
0.208973
0.235538
0.261277
0.286101
0.309922
0.332655
0.354219
0.374539
0.393541
0.411157
0.427326
0.44199
0.455095
0.466594
0.476447
0.484618
0.491076
0.495798
0.498767
0.499971
0.499405
0.497071
0.492974
0.48713
0.479558
0.470284
0.45934
0.446764
0.4326
0.416897
0.399711
0.381101
0.361133
0.339878
0.317411
0.29381
0.269159
0.243546
0.217062
0.189799
0.161855
0.13333
0.104324
0.0749416
0.0452865
0.0154649
-0.014417
-0.0442524
-0.0739345
-0.103357
-0.132415
-0.161004
-0.189022
-0.216368
-0.242943
-0.268653
-0.293404
-0.317108
-0.339679
-0.361034
-0.381098
-0.399798
-0.417065
-0.432837
-0.447057
-0.459672
-0.470636
-0.47991
-0.487459
-0.493255
-0.497276
-0.499507
-0.499939
-0.498569
-0.495402
-0.490448
-0.483725
-0.475254
-0.465067
-0.453199
-0.439691
-0.424593
-0.407958
-0.389845
-0.37032
-0.349451
-0.327314
-0.303988
-0.279558
-0.254111
-0.227739
-0.200536
-0.172603
-0.144038
-0.114946
-0.0854321
-0.0556031
-0.0255671
0.00456665
0.0346888
0.0646898
0.0944604
0.123892
0.152878
0.181312
0.209091
0.236112
0.262277
0.28749
0.311659
0.334696
0.356514
0.377035
0.396183
0.413886
0.430081
0.444705
0.457707
0.469036
0.478651
0.486516
0.492601
0.496883
0.499345
0.499978
0.498778
0.495749
0.4909
0.48425
0.475821
0.465643
0.453753
0.440194
0.425015
0.408271
0.390022
0.370335
0.349282
0.32694
0.30339
0.278719
0.253016
0.226377
0.198898
0.170681
0.14183
0.11245
0.0826503
0.0525406
0.0222317
-0.00816423
-0.038535
-0.0687682
-0.0987519
-0.128375
-0.157528
-0.186102
-0.213991
-0.241092
-0.267303
-0.292528
-0.316672
-0.339644
-0.36136
-0.381737
-0.4007
-0.418177
-0.434103
-0.448417
-0.461067
-0.472002
-0.481183
-0.488575
-0.494147
-0.497881
-0.499759
-0.499775
-0.497927
-0.494222
-0.488672
-0.481297
-0.472124
-0.461186
-0.448523
-0.434182
-0.418216
-0.400683
-0.381648
-0.361182
-0.33936
-0.316264
-0.29198
-0.266598
-0.240212
-0.212921
-0.184828
-0.156036
-0.126654
-0.0967918
-0.0665612
-0.0360756
-0.00544952
0.025202
0.0557637
0.0861206
0.116158
0.145764
0.174825
0.203233
0.230879
0.25766
0.283473
0.308222
0.331812
0.354153
0.375162
0.394756
0.412863
0.429413
0.444342
0.457593
0.469116
0.478865
0.486804
0.492901
0.497132
0.49948
0.499936
0.498497
0.495167
0.489958
0.482889
0.473986
0.463281
0.450816
0.436635
0.420792
0.403347
0.384366
0.363919
0.342083
0.318942
0.294582
0.269097
0.242582
0.215137
0.186869
0.157882
0.128289
0.0982016
0.0677342
0.0370032
0.00612585
-0.0247798
-0.0555958
-0.086204
-0.116487
-0.14633
-0.175617
-0.204237
-0.232078
-0.259035
-0.285004
-0.309884
-0.33358
-0.355999
-0.377056
-0.396669
-0.414762
-0.431264
-0.446112
-0.459247
-0.470619
-0.480183
-0.4879
-0.493741
-0.497682
-0.499707
-0.499807
-0.497981
-0.494235
-0.488582
-0.481044
-0.471649
-0.460431
-0.447434
-0.432707
-0.416306
-0.398293
-0.378737
-0.357714
-0.335303
-0.311591
-0.28667
-0.260634
-0.233584
-0.205625
-0.176865
-0.147415
-0.117387
-0.0869002
-0.0560708
-0.0250188
0.00613531
0.0372705
0.0682659
0.0990009
0.129356
0.159212
0.188454
0.216967
0.24464
0.271365
0.297036
0.321554
0.344823
0.36675
0.387251
0.406244
0.423654
0.439412
0.453457
0.465733
0.47619
0.484787
0.49149
0.496271
0.499111
0.499998
0.498927
0.495901
0.490932
0.484038
0.475246
0.464588
0.452105
0.437847
0.421867
0.404228
0.384999
0.364253
0.342073
0.318544
0.293759
0.267814
0.24081
0.212855
0.184057
0.154529
0.124387
0.0937507
0.0627396
