0.15557
0.15557
0.15557
0.155603
0.155758
0.155758
0.15597
0.15597
0.156757
0.157597
0.157441
0.157165
0.157406
0.157785
0.157849
0.157687
0.157712
0.157712
0.157728
0.157668
0.157741
0.157737
0.157604
0.157604
0.157225
0.157225
0.157039
0.157039
0.156913
0.157056
0.157056
0.157627
0.157627
0.157542
0.15737
0.157021
0.157021
0.156759
0.156772
0.157029
0.157029
0.157214
0.157214
0.157016
0.156971
0.157059
0.157059
0.157235
0.157391
0.157448
0.157448
0.157687
0.15774
0.157657
0.157657
0.157507
0.157507
0.157275
0.157351
0.157791
0.157791
0.157879
0.157821
0.157803
0.157803
0.157584
0.157584
0.157408
0.157408
0.157172
0.157172
0.157303
0.157303
0.157434
0.157434
0.157315
0.157315
0.157693
0.157693
0.157698
0.157698
0.157723
0.157723
0.157365
0.157277
0.15727
0.157175
0.157102
0.157102
0.157164
0.157283
0.1573
0.1573
0.157401
0.157401
0.157184
0.157184
0.157345
0.157345
0.157546
0.157562
0.157414
0.157414
0.15726
0.157235
0.15733
0.15733
0.157353
0.157356
0.157302
0.157302
0.157298
0.157298
0.157258
0.157258
0.156958
0.156958
0.156824
0.156824
0.156412
0.156412
0.156721
0.156721
0.157152
0.157348
0.157139
0.157139
0.157051
0.157081
0.156993
0.156993
0.157147
0.157373
0.157214
0.157068
0.157068
0.157204
0.157177
0.156963
0.157079
0.157079
0.157141
0.156809
0.156639
0.156639
0.156865
0.157132
0.156923
0.156923
0.156712
0.156769
0.156741
0.156741
0.156658
0.156648
0.15684
0.15684
0.15726
0.15726
0.15727
0.15727
0.157077
0.157077
0.157179
0.157179
0.156759
0.156759
0.156613
0.156721
0.156897
0.156897
0.156867
0.156717
0.156533
0.156533
0.156609
0.156877
0.156842
0.156842
0.156868
0.156868
0.157169
0.157109
0.156842
0.156842
0.156563
0.156545
0.156536
0.156536
0.156679
0.156958
0.157094
0.157094
0.156978
0.157054
0.157242
0.157242
0.157257
0.157124
0.156938
0.156938
0.156686
0.156528
0.156581
0.156581
0.156565
0.156496
0.156581
0.156581
0.156704
0.156704
0.15653
0.15653
0.156513
0.156513
0.156417
0.156468
0.156731
0.156731
0.156825
0.15656
0.156264
0.156309
0.156292
0.156292
0.156297
0.156609
0.156848
0.156848
0.15676
0.156422
0.156321
0.156321
0.156297
0.156314
0.156437
0.156437
0.156075
0.156075
0.156022
0.156022
0.1561
0.156093
0.156189
0.156189
0.156131
0.156131
0.156209
0.156209
0.156477
0.156477
0.15647
0.15647
0.156418
0.156418
0.156337
0.156337
0.155977
0.155977
0.155854
0.155854
0.156184
0.156184
0.156289
0.156289
0.156166
0.156166
0.155925
0.155718
0.155879
0.155879
0.156057
0.156131
0.156186
0.156186
0.156219
0.156171
0.156309
0.156309
0.156357
0.156302
0.155974
0.155906
0.155906
0.156047
0.156105
0.156105
0.155959
0.155959
0.156063
0.155962
0.155741
0.155741
0.155711
0.155811
0.155969
0.155969
0.156244
0.156457
0.156326
0.156326
0.156083
0.156053
0.15602
0.15602
0.155874
0.156043
0.156126
0.156126
0.155957
0.155852
0.156027
0.156027
0.15609
0.15605
0.155876
0.155876
0.155628
0.155628
0.155595
0.155595
0.155647
0.155647
0.155771
0.155949
0.156035
0.156035
0.156015
0.156118
0.155994
0.155994
0.155851
0.155851
0.155783
0.155768
0.155713
0.155713
0.15569
0.155665
0.155778
0.155778
0.155866
0.155796
0.15571
0.15571
0.155723
0.155778
0.155652
0.155652
0.155564
0.155564
0.155489
0.155489
0.155325
0.155325
0.155233
0.155233
0.155012
0.154906
0.154934
0.154934
0.154832
0.154911
0.155014
0.155014
0.154621
0.154621
0.154516
0.154516
0.154448
0.154241
0.154139
0.154139
0.154159
0.154159
0.153917
0.153616
0.153678
0.153678
0.153772
0.153772
0.153553
0.153494
0.15366
0.15366
0.154166
0.154166
0.154367
0.154367
0.154201
0.154154
0.154236
0.154179
0.154078
0.154197
0.154197
0.154259
0.154242
0.154176
0.154176
0.154146
0.153997
0.153905
0.153905
0.153875
0.153875
0.153852
0.153852
0.153756
0.153756
0.153482
0.153482
0.153754
0.153754
0.15393
0.15393
0.153923
0.153923
0.153894
0.153674
0.153694
0.153694
0.153899
0.153899
0.153879
0.153879
0.153919
0.153733
0.153595
0.153822
0.154128
0.154128
0.15403
0.153807
0.153691
0.153691
0.153784
0.153982
0.153982
0.154171
0.154184
0.153987
0.153938
0.153938
0.154332
0.154332
0.154357
0.154357
0.154091
0.154091
0.154149
0.154149
0.154177
0.154177
0.154211
0.154211
0.154148
0.154148
0.15389
0.154046
0.154312
0.154314
0.154169
0.154169
0.154297
0.154516
0.154501
0.154451
0.154451
0.154666
0.15477
0.154601
0.154601
0.154636
0.154729
0.154729
0.1547
0.154646
0.154604
0.154669
0.154672
0.154672
0.154699
0.154657
0.154627
0.154627
0.154677
0.154805
0.154795
0.154795
0.154822
0.154783
0.154656
0.154656
0.1547
0.1547
0.154574
0.154574
0.154441
0.154488
0.154551
0.154551
0.15473
0.15473
0.154745
0.154745
0.154436
0.154436
0.154375
0.154473
0.154597
0.154597
0.154446
0.154446
0.154656
0.154656
0.154973
0.154973
0.155061
0.155155
0.15513
0.15513
0.154931
0.154926
0.155102
0.155102
0.155022
0.155022
0.155032
0.155032
0.154727
0.154727
0.154813
0.154856
0.154951
0.154951
0.155321
0.15555
0.15553
0.155434
0.155574
0.155574
0.155668
0.155605
0.155368
0.155368
0.155213
0.155328
0.15551
0.155524
0.155564
0.155564
0.155671
0.155774
0.15562
0.15562
0.155698
0.155793
0.155779
0.155779
0.155512
0.155374
0.155539
0.155539
0.15571
0.155733
0.155819
0.155819
0.156086
0.156086
0.15604
0.15604
0.156095
0.156095
0.15597
0.155846
0.155874
0.155874
0.156003
0.156126
0.156123
0.156123
0.156199
0.156306
0.156399
0.156196
0.155998
0.155998
0.156033
0.156213
0.15608
0.15608
0.156081
0.156081
0.15606
0.156314
0.156624
0.156624
0.156676
0.156477
0.156425
0.156425
0.156174
0.156174
0.156145
0.156145
0.15643
0.15643
0.156299
0.156299
0.156428
0.156667
0.156545
0.156545
0.156681
0.156681
0.156741
0.15657
0.156604
0.156604
0.15678
0.156745
0.156727
0.156727
0.156971
0.156935
0.156926
0.156926
0.156897
0.156822
0.156865
0.156865
0.157084
0.157084
0.156951
0.156951
0.157121
0.157121
0.157001
0.156911
0.157021
0.157021
0.157073
0.157021
0.157024
0.157024
0.157219
0.157219
0.15736
0.157406
0.157263
0.157263
0.157179
0.157152
0.157189
0.157189
0.157282
0.157346
0.157436
0.157436
0.1576
0.157771
0.157665
0.157665
0.157385
0.157385
0.157605
0.157517
0.157288
0.157288
0.157333
0.157333
0.15735
0.15735
0.157622
0.157622
0.157844
0.157826
0.157751
0.157751
0.15761
0.157624
0.157712
0.157712
0.157587
0.157649
0.157851
0.157783
0.15769
0.15769
0.157919
0.158299
0.158575
0.158575
0.15858
0.1585
0.158477
0.158477
0.158362
0.158362
0.158138
0.157793
0.157773
0.157773
0.15778
0.157667
0.157685
0.157685
0.157874
0.157989
0.157984
0.157984
0.157995
0.157843
0.157663
0.157663
0.157609
0.157675
0.157829
0.157829
0.157811
0.157811
0.157723
0.157873
0.158032
0.158032
0.157866
0.157713
0.157755
0.157755
0.157745
0.157745
0.158356
0.158356
0.157987
0.157987
0.158235
0.158346
0.158346
0.158303
0.158503
0.158503
0.158933
0.158978
0.159563
0.159563
0.159579
0.159665
0.159919
0.159919
0.160061
0.160236
0.160554
0.160726
0.160731
0.160731
0.160864
0.160864
0.160663
0.160212
0.159883
0.159883
0.159803
0.159672
0.159483
0.159483
0.159148
0.158958
0.159113
0.159113
0.159192
0.159191
0.159221
0.159221
0.159327
0.159325
0.159235
0.159235
0.159493
0.159493
0.159747
0.159747
0.159697
0.159697
0.159629
0.159629
0.159636
0.159647
0.159564
0.159564
0.159461
0.159488
0.159684
0.159684
0.159946
0.160167
0.16011
0.16011
0.159891
0.159577
0.159252
0.159252
0.159222
0.159222
0.159282
0.159192
0.159149
0.159149
0.159227
0.159245
0.159219
0.159219
0.159181
0.159181
0.159171
0.159229
0.159395
0.159572
0.159519
0.159519
0.159172
0.158894
0.158807
0.158807
0.15887
0.158907
0.158899
0.158899
0.158877
0.158917
0.158973
0.158973
0.158983
0.158967
0.15886
0.15886
0.158756
0.158819
0.158781
0.158781
0.15856
0.15856
0.158512
0.158512
0.158547
0.158547
0.158502
0.158407
0.158404
0.158404
0.158372
0.158372
0.158344
0.158344
0.158449
0.15846
0.158294
0.158294
0.15821
0.158273
0.158166
0.158166
0.157927
0.157927
0.157756
0.157463
0.157366
0.157386
0.157524
0.157524
0.157551
0.157592
0.157624
0.157624
0.157625
0.15765
0.157569
0.157408
0.157499
0.157479
0.157479
0.15719
0.156958
0.157009
0.157009
0.156787
0.156787
0.156805
0.156805
0.156953
0.157132
0.157307
0.157307
0.157307
0.157235
0.157092
0.157092
0.15696
0.15682
0.156669
0.156669
0.156399
0.156399
0.156166
0.156166
0.156374
0.156374
0.156543
0.156521
0.156561
0.156561
0.156662
0.156619
0.156638
0.156638
0.156848
0.156848
0.156702
0.156651
0.156667
0.156667
0.156606
0.156606
0.156747
0.156747
0.156634
0.156634
0.156712
0.156579
0.156379
0.156379
0.156467
0.156624
0.156506
0.156506
0.156437
0.156437
0.156141
0.156141
0.155992
0.155992
0.156068
0.155994
0.15603
0.15603
0.15607
0.155892
0.155801
0.155801
0.155907
0.155907
0.155831
0.155831
0.155857
0.155857
0.155776
0.155721
0.155846
0.155846
0.155771
0.155652
0.155675
0.155675
0.15563
0.15561
0.155638
0.155638
0.15561
0.155721
0.155872
0.155872
0.155967
0.155769
0.155497
0.155497
0.155417
0.155446
0.155238
0.155263
0.155547
0.155547
0.15556
0.155408
0.155535
0.155723
0.155783
0.155783
0.155806
0.155735
0.15552
0.15552
0.155457
0.155648
0.155686
0.155686
0.155559
0.155502
0.155545
0.155545
0.155597
0.15523
0.154979
0.154979
0.154832
0.154724
0.154646
0.154646
0.154564
0.154367
0.154181
0.154181
0.15362
0.15362
0.153382
0.15317
0.153032
0.153032
0.152991
0.15309
0.153379
0.153379
0.153822
0.154269
0.154455
0.154528
0.154516
0.154516
0.15435
0.15435
0.154249
0.154249
0.154197
0.154197
0.154166
0.154166
0.154246
0.154246
0.154196
0.154146
0.154171
0.154171
0.154111
0.154143
0.154209
0.154209
0.154008
0.154008
0.154134
0.15431
0.154191
0.154191
0.154294
0.154544
0.154583
0.154583
0.154352
0.154352
0.154033
0.154033
0.154003
0.154003
0.154211
0.154352
0.154511
0.154511
0.154591
0.154591
0.15526
0.15526
0.155477
0.155447
0.155481
0.155481
0.155469
0.155203
0.155154
0.155154
0.155524
0.155514
0.15522
0.15522
0.154979
0.154979
0.154782
0.154782
0.154418
0.154418
0.154614
0.154959
0.155354
0.155354
0.155089
0.155089
0.155301
0.155301
0.154916
0.154916
0.155447
0.155447
0.155447
0.155477
0.155477
0.155034
0.155034
0.155456
0.155849
0.156098
0.156259
0.156259
0.155856
0.155856
0.155842
0.155842
0.15574
0.155992
0.155992
0.155992
0.156337
0.156337
0.15531
0.15531
0.155738
0.155738
0.156171
0.156493
0.15616
0.15616
0.156208
0.156208
0.156191
0.156023
0.156121
0.156121
0.156594
0.156594
0.156724
0.156724
0.156848
0.156848
0.156918
0.156918
0.157003
0.15719
0.157217
0.157235
0.157224
0.157224
0.157179
0.157179
0.156986
0.156986
0.15698
0.15698
0.157124
0.157124
0.157295
0.157248
0.157165
0.157165
0.157336
0.157358
0.157151
0.157151
0.157068
0.157141
0.156913
0.156913
0.156825
0.157217
0.157423
0.157423
0.157504
0.157652
0.157594
0.157594
0.157627
0.157627
0.15803
0.15803
0.158057
0.158057
0.157936
0.157936
0.157987
0.157987
0.158054
0.158032
0.158118
0.158118
0.158299
0.158279
0.158142
0.158142
0.158127
0.158303
0.158359
0.158359
0.158253
0.158253
0.158133
0.158133
0.158098
0.158098
0.158102
0.158102
0.158049
0.158235
0.158503
0.158503
0.158196
0.158196
0.158072
0.158049
0.158173
0.158173
0.158336
0.158382
0.158389
0.158389
0.15844
0.158447
0.158344
0.158344
0.158816
0.159189
0.159408
0.159408
0.159597
0.159996
0.160145
0.160145
0.160358
0.160358
0.160607
0.160607
0.161393
0.161393
0.161609
0.16155
0.161706
0.161706
0.161644
0.161169
0.160524
0.160524
0.160167
0.160019
0.159835
0.159835
0.15971
0.15971
0.159531
0.159531
0.159536
0.159536
0.159531
0.159531
0.159705
0.1597
0.159629
0.159629
0.159616
0.159617
0.159655
0.159655
0.159797
0.160148
0.160291
0.160291
0.160022
0.160022
0.159949
0.159949
0.159642
0.159642
0.159632
0.159616
0.159518
0.159604
0.159725
0.159725
0.159533
0.159234
0.159274
0.159274
0.159338
0.15933
0.159184
0.159184
0.159103
0.159103
0.159222
0.1593
0.159026
0.158822
0.159026
0.159026
0.158867
0.158867
0.158205
0.158205
0.158249
0.158249
0.158633
0.158633
0.158664
0.158754
0.158646
0.158646
0.158729
0.158729
0.158736
0.158605
0.158261
0.158186
0.158223
0.158223
0.15802
0.157889
0.158088
0.158088
0.15823
0.15823
0.15812
0.15812
0.157642
0.157642
0.157537
0.157483
0.157492
0.157514
0.157277
0.157277
0.156784
0.156721
0.157073
0.157073
0.157049
0.157049
0.156981
0.156981
0.156505
0.156505
0.156236
0.156198
0.156196
0.156196
0.156271
0.156271
0.156247
0.156345
0.156614
0.156614
0.156736
0.156757
0.15682
0.15682
0.156916
0.156789
0.156613
0.156613
0.156712
0.156712
0.156762
0.156755
0.156536
0.156536
0.156347
0.156347
0.156221
0.155995
0.156042
0.156042
0.156204
0.156136
0.155876
0.155841
0.156063
0.156063
0.156033
0.155804
0.155612
0.155612
0.155275
0.155275
0.155401
0.155401
0.155613
0.155613
0.155567
0.155567
0.155537
0.155537
0.155361
0.155361
0.155338
0.155338
0.155112
0.154913
0.154891
0.154891
0.155102
0.155305
0.15533
0.15533
0.155258
0.155212
0.155165
0.155165
0.155303
0.155361
0.155447
0.155447
0.155452
0.155334
0.155303
0.155303
0.154856
0.154856
0.154202
0.154094
0.154176
0.154176
0.153995
0.153748
0.153631
0.153631
0.15322
0.152687
0.152576
0.152576
0.152224
0.152224
0.152182
0.152752
0.153339
0.153339
0.1536
0.153968
0.154003
0.154003
0.153736
0.153859
0.154144
0.154144
0.154035
0.153854
0.154036
0.154036
0.15406
0.153779
0.153809
0.153925
0.153764
0.153764
0.153789
0.154104
0.154126
0.154126
0.153826
0.153826
0.154021
0.154021
0.154023
0.154023
0.154144
0.154212
0.154302
0.154302
0.154926
0.154926
0.155082
0.155082
0.155386
0.155386
0.155549
0.155549
0.155612
0.155464
0.155021
0.155021
0.154536
0.154536
0.154753
0.154753
0.155115
0.155115
0.15489
0.15489
0.154878
0.154878
0.154428
0.154428
0.154307
0.154491
0.154669
0.154669
0.154757
0.154923
0.155119
0.15521
0.155263
0.155263
0.155361
0.155258
0.155293
0.155293
0.15563
0.15563
0.155389
0.155608
0.156055
0.156055
0.156231
0.156143
0.156166
0.156166
0.156155
0.156073
0.156344
0.156344
0.156302
0.156302
0.156238
0.156583
0.156802
0.156911
0.157046
0.15726
0.15726
0.157642
0.157642
0.157478
0.157478
0.157164
0.157164
0.15728
0.157514
0.157557
0.157557
0.157536
0.157398
0.157373
0.157373
0.157405
0.15724
0.157068
0.157068
0.157136
0.157136
0.157434
0.157805
0.157957
0.157957
0.157959
0.157977
0.158115
0.158115
0.158195
0.158239
0.158253
0.158253
0.158327
0.158327
0.158259
0.158264
0.158336
0.158336
0.158447
0.158503
0.158381
0.158381
0.158369
0.158591
0.158779
0.158779
0.158797
0.158792
0.158729
0.158729
0.158547
0.158721
0.158752
0.158776
0.158706
0.158706
0.158513
0.158513
0.158429
0.158354
0.158404
0.158404
0.158787
0.159481
0.160039
0.160039
0.160006
0.160238
0.160469
0.160469
0.160598
0.16096
0.16142
0.16142
0.161735
0.161951
0.162066
0.162066
0.161772
0.161315
0.16099
0.16099
0.160148
0.160148
0.159732
0.159634
0.159724
0.159724
0.159702
0.159627
0.159753
0.159753
0.159936
0.159918
0.159755
0.159755
0.159777
0.159881
0.159848
0.159848
0.160042
0.160042
0.160011
0.160011
0.159843
0.159843
0.159816
0.159816
0.159886
0.159886
0.160069
0.16018
0.159875
0.159875
0.159431
0.159239
0.15943
0.15943
0.15938
0.159348
0.159425
0.159425
0.15939
0.159001
0.158669
0.158669
0.159176
0.159176
0.15893
0.15893
0.158258
0.158258
0.158402
0.158402
0.158402
0.158402
0.15846
0.158452
0.158452
0.158156
0.15778
0.15778
0.15782
0.15782
0.157793
0.157793
0.157718
0.157718
0.157252
0.15694
0.157202
0.157202
0.157041
0.157041
0.156724
0.156531
0.156193
0.156193
0.15595
0.156
0.155892
0.155819
0.156045
0.156045
0.156179
0.156179
0.156422
0.156422
0.156141
0.156141
0.156377
0.156377
0.156415
0.156415
0.156191
0.156304
0.156495
0.156495
0.156526
0.156423
0.156282
0.156282
0.156256
0.156326
0.156326
0.156284
0.156189
0.156247
0.156247
0.155884
0.155884
0.155617
0.155572
0.155396
0.155396
0.155072
0.154979
0.154951
0.154951
0.154843
0.154868
0.154948
0.154948
0.154765
0.154765
0.1549
0.1549
0.154863
0.154858
0.155067
0.155067
0.154775
0.154775
0.154554
0.154793
0.154948
0.154948
0.154861
0.154946
0.155071
0.155071
0.155036
0.154206
0.153719
0.153719
0.153515
0.153515
0.153311
0.152991
0.15282
0.15282
0.152081
0.152081
0.151784
0.151784
0.152043
0.152043
0.152591
0.153181
0.153565
0.153565
0.153786
0.154048
0.154036
0.153792
0.153694
0.153694
0.15391
0.153836
0.153582
0.153582
0.15362
0.153839
0.154011
0.154109
0.154058
0.154058
0.153928
0.153806
0.153789
0.153789
0.154099
0.154099
0.153955
0.153955
0.154559
0.154559
0.154695
0.154641
0.154959
0.154959
0.155237
0.155064
0.154941
0.154735
0.154319
0.154319
0.154237
0.154402
0.154373
0.154373
0.154488
0.154805
0.154924
0.154924
0.154604
0.154604
0.154322
0.154322
0.154304
0.154304
0.154749
0.154989
0.15533
0.15533
0.155695
0.155695
0.15567
0.155754
0.155746
0.155745
0.156118
0.156118
0.156576
0.156576
0.156415
0.156415
0.156525
0.156525
0.156387
0.156387
0.156561
0.156561
0.156432
0.15675
0.157478
0.157541
0.157287
0.157287
0.157481
0.157678
0.157627
0.157627
0.157541
0.157541
0.157536
0.157564
0.157449
0.157449
0.157363
0.157237
0.157375
0.157375
0.157451
0.157451
0.157713
0.157713
0.158088
0.158088
0.158235
0.158452
0.158289
0.158289
0.158606
0.158606
0.158683
0.158517
0.158404
0.158404
0.158455
0.158455
0.158654
0.158654
0.15885
0.15885
0.158794
0.15888
0.158943
0.158943
0.158908
0.158968
0.158867
0.158867
0.158899
0.158899
0.158907
0.158711
0.15862
0.15862
0.158807
0.159347
0.15985
0.15985
0.16012
0.160208
0.160554
0.160554
0.161066
0.16143
0.161578
0.162016
0.162016
0.162345
0.162487
0.162487
0.16228
0.16228
0.161535
0.161535
0.160524
0.160524
0.160341
0.160107
0.159662
0.159662
0.159403
0.159403
0.159596
0.159596
0.159768
0.159768
0.159959
0.160014
0.159772
0.159772
0.15971
0.15971
0.159709
0.159719
0.159792
0.159792
0.159637
0.159483
0.159483
0.159763
0.159943
0.160016
0.160016
0.159954
0.159954
0.159732
0.159732
0.159128
0.159128
0.159167
0.15935
0.159299
0.159299
0.159083
0.158814
0.158737
0.158737
0.158555
0.158462
0.158447
0.158447
0.158397
0.158397
0.158218
0.158218
0.157715
0.157715
0.157542
0.157542
0.15732
0.15732
0.15675
0.15675
0.156619
0.156741
0.156945
0.156945
0.156228
0.156228
0.15519
0.155024
0.155273
0.155273
0.155321
0.155321
0.155665
0.156017
0.156035
0.156035
0.156437
0.156437
0.15643
0.15643
0.156392
0.156392
0.156445
0.156246
0.156128
0.155889
0.155766
0.155766
0.155751
0.155834
0.155818
0.155818
0.15567
0.15567
0.155416
0.155416
0.154734
0.154734
0.154846
0.15489
0.154805
0.154805
0.154901
0.154941
0.15491
0.15491
0.1547
0.1547
0.154654
0.154753
0.154581
0.154581
0.154355
0.154355
0.154548
0.154548
0.154704
0.154704
0.154697
0.154697
0.154533
0.154533
0.153601
0.153601
0.153706
0.153706
0.153475
0.152876
0.152388
0.152388
0.151858
0.15105
0.150745
0.150745
0.151337
0.151337
0.151991
0.152826
0.153786
0.153786
0.153847
0.15434
0.154392
0.154392
0.15397
0.153364
0.153339
0.153465
0.153135
0.15345
0.15345
0.154289
0.154579
0.154091
0.153716
0.15364
0.15364
0.153643
0.153683
0.154154
0.154154
0.155087
0.155087
0.154991
0.154991
0.154629
0.154629
0.154304
0.1539
0.15384
0.15384
0.154307
0.154307
0.154629
0.154757
0.154403
0.154403
0.154342
0.154363
0.15442
0.15442
0.154199
0.154521
0.154983
0.15527
0.15527
0.155472
0.156131
0.156272
0.156272
0.15633
0.156199
0.15598
0.155798
0.155577
0.155852
0.156628
0.157082
0.157082
0.157205
0.15723
0.157234
0.157234
0.157195
0.157014
0.156677
0.156677
0.156741
0.156741
0.157167
0.157635
0.157635
0.158069
0.158613
0.158671
0.158671
0.158105
0.158105
0.158052
0.157959
0.157813
0.157813
0.157702
0.157823
0.158027
0.15809
0.158241
0.158241
0.158437
0.158414
0.158233
0.158233
0.158611
0.158611
0.158797
0.158797
0.158867
0.158867
0.15895
0.158895
0.158983
0.159148
0.159207
0.159207
0.159043
0.159093
0.159244
0.159244
0.159212
0.159166
0.158942
0.158942
0.159534
0.160356
0.160587
0.160587
0.160613
0.160978
0.161642
0.161642
0.162013
0.162013
0.162496
0.16271
0.16268
0.16268
0.162233
0.162233
0.161281
0.160535
0.160416
0.160416
0.160349
0.160233
0.160056
0.159953
0.159755
0.159755
0.159787
0.159787
0.159901
0.159901
0.15988
0.15988
0.159996
0.160185
0.160137
0.160137
0.160016
0.159896
0.159898
0.159898
0.159772
0.159772
0.159742
0.159538
0.159207
0.159207
0.159006
0.158983
0.159083
0.159099
0.15899
0.15899
0.158402
0.158402
0.15823
0.15823
0.158334
0.158334
0.158381
0.158231
0.157863
0.15774
0.157836
0.157836
0.157567
0.157469
0.157672
0.157672
0.157054
0.157054
0.15656
0.156483
0.156556
0.156556
0.156183
0.156183
0.155685
0.155384
0.155457
0.155457
0.155645
0.155645
0.155713
0.155906
0.155914
0.155914
0.15594
0.15594
0.156214
0.156214
0.155871
0.155871
0.155588
0.155588
0.155419
0.155419
0.155349
0.155349
0.155339
0.155339
0.155006
0.155006
0.154541
0.154541
0.154448
0.154448
0.154574
0.154675
0.154591
0.154591
0.154583
0.154636
0.154624
0.154624
0.154531
0.154531
0.154498
0.154498
0.154589
0.154589
0.154753
0.154749
0.154807
0.154362
0.153396
0.153396
0.153361
0.153517
0.153117
0.153117
0.152277
0.152277
0.150899
0.150899
0.150603
0.150603
0.151619
0.151619
0.152801
0.152801
0.153178
0.153323
0.153605
0.153998
0.153761
0.153761
0.153321
0.153321
0.153208
0.153419
0.153626
0.153797
0.153879
0.153879
0.154023
0.154023
0.153776
0.153733
0.153884
0.153884
0.154777
0.154777
0.154866
0.155135
0.155343
0.155343
0.154539
0.154714
0.155462
0.155404
0.154662
0.154445
0.154425
0.154425
0.154483
0.154483
0.154611
0.154611
0.154626
0.154626
0.154684
0.154652
0.154679
0.154913
0.154969
0.154969
0.1556
0.1556
0.155404
0.155472
0.155794
0.155794
0.156208
0.156208
0.15635
0.156936
0.157288
0.157312
0.157481
0.157481
0.157727
0.157486
0.156888
0.156888
0.157232
0.157232
0.157743
0.15801
0.158082
0.158082
0.158165
0.158165
0.158429
0.158429
0.158211
0.158211
0.158205
0.158319
0.158361
0.158475
0.158756
0.158756
0.15884
0.158684
0.158762
0.158762
0.15898
0.15898
0.158995
0.158995
0.159491
0.159491
0.159536
0.159426
0.15932
0.15932
0.159431
0.159431
0.159373
0.159373
0.159138
0.159138
0.158862
0.158862
0.160776
0.160776
0.160987
0.160985
0.161496
0.161496
0.162001
0.162416
0.162826
0.162826
0.163283
0.163326
0.163062
0.163062
0.16215
0.16215
0.161457
0.161189
0.161058
0.161058
0.160733
0.160509
0.160288
0.160288
0.159831
0.159831
0.160037
0.160009
0.159748
0.159748
0.159768
0.159981
0.159782
0.159521
0.159644
0.159644
0.159599
0.159191
0.159141
0.159141
0.159476
0.159476
0.159536
0.159489
0.159138
0.159138
0.158907
0.158899
0.158686
0.158457
0.158381
0.158381
0.158259
0.158054
0.157936
0.157936
0.158105
0.158105
0.157901
0.157811
0.157756
0.157756
0.157235
0.157235
0.156848
0.156848
0.156516
0.156516
0.156047
0.155291
0.154998
0.155155
0.15527
0.15527
0.155109
0.15512
0.155193
0.155193
0.155517
0.155517
0.155842
0.156025
0.155997
0.155997
0.155844
0.155708
0.155592
0.155406
0.15526
0.15526
0.154976
0.154797
0.154556
0.154446
0.154408
0.154408
0.154287
0.15435
0.154365
0.154365
0.154184
0.154184
0.154169
0.154088
0.15399
0.15399
0.154242
0.154242
0.154423
0.154568
0.154724
0.154724
0.15482
0.153779
0.152682
0.152682
0.152418
0.152418
0.151936
0.151309
0.150904
0.150904
0.150514
0.150004
0.150205
0.150205
0.151848
0.151848
0.152169
0.152169
0.153015
0.153015
0.153107
0.153205
0.153341
0.153231
0.152821
0.152821
0.153721
0.153721
0.153772
0.153772
0.154246
0.154246
0.15429
0.15429
0.154592
0.155039
0.154929
0.154929
0.154918
0.155162
0.154865
0.154865
0.153844
0.153844
0.153935
0.153902
0.153674
0.153674
0.154456
0.154456
0.15436
0.15437
0.154571
0.154571
0.154841
0.154787
0.154881
0.154963
0.155034
0.155034
0.155637
0.156302
0.156634
0.156707
0.156616
0.156616
0.156933
0.156933
0.156975
0.156975
0.157265
0.157265
0.157439
0.157665
0.157813
0.157813
0.157956
0.158082
0.158069
0.157981
0.157937
0.157937
0.157951
0.157951
0.157997
0.15845
0.1589
0.1589
0.15924
0.15924
0.159221
0.159199
0.159055
0.159055
0.159166
0.159166
0.159148
0.159267
0.159484
0.159484
0.159566
0.159697
0.159896
0.159896
0.159601
0.159601
0.159448
0.159443
0.15931
0.15931
0.159443
0.160701
0.161208
0.161208
0.161578
0.161578
0.162185
0.162517
0.162861
0.162861
0.16342
0.163794
0.163512
0.163047
0.162497
0.162497
0.161043
0.161043
0.160889
0.160643
0.160356
0.160356
0.160326
0.160326
0.160017
0.159924
0.160177
0.160177
0.159934
0.159934
0.159876
0.159876
0.159903
0.159903
0.159255
0.159255
0.159382
0.159556
0.159511
0.159511
0.159609
0.159851
0.159538
0.159156
0.159202
0.159202
0.159176
0.159176
0.158978
0.158978
0.158392
0.158392
0.158047
0.157909
0.157746
0.157746
0.157795
0.157795
0.156792
0.156792
0.156264
0.156239
0.156189
0.156189
0.155588
0.155588
0.155469
0.15524
0.155175
0.155175
0.155492
0.155492
0.15555
0.155728
0.155808
0.155808
0.15572
0.15572
0.155585
0.155585
0.15526
0.155021
0.154988
0.154988
0.15479
0.154586
0.154551
0.154568
0.154453
0.154453
0.154247
0.154247
0.15434
0.15434
0.15387
0.15387
0.153882
0.153912
0.153776
0.153776
0.153927
0.153927
0.154078
0.154163
0.154531
0.154531
0.152586
0.152586
0.152041
0.152041
0.151601
0.151601
0.150755
0.150755
0.150097
0.149717
0.150559
0.151429
0.151467
0.151467
0.152961
0.152961
0.153333
0.153213
0.153195
0.153535
0.153306
0.153306
0.153532
0.153532
0.15356
0.153429
0.153499
0.153499
0.15359
0.153829
0.154111
0.154111
0.15437
0.15437
0.155183
0.155183
0.154664
0.154664
0.154536
0.154536
0.153983
0.153538
0.154048
0.154456
0.15396
0.15396
0.154272
0.154876
0.154861
0.154861
0.154825
0.154825
0.154979
0.154979
0.155429
0.155429
0.155849
0.156229
0.156525
0.156525
0.156409
0.156409
0.156926
0.156926
0.157939
0.157939
0.158276
0.158276
0.158653
0.15851
0.158445
0.158445
0.158326
0.158326
0.158083
0.158347
0.15847
0.15847
0.15859
0.15859
0.158635
0.158605
0.158761
0.158761
0.159106
0.159259
0.159358
0.159358
0.159405
0.159405
0.159632
0.159632
0.159755
0.15973
0.159758
0.159758
0.159767
0.159601
0.159387
0.159387
0.159209
0.159209
0.159798
0.16107
0.161598
0.161795
0.162212
0.162212
0.162829
0.163052
0.163492
0.163492
0.164053
0.164079
0.163387
0.163387
0.162238
0.16145
0.16066
0.16066
0.160012
0.160012
0.160223
0.160223
0.160074
0.160074
0.160044
0.160208
0.160084
0.160084
0.160065
0.160441
0.16052
0.160374
0.160401
0.160401
0.159763
0.159763
0.159484
0.159621
0.159639
0.159639
0.158811
0.158811
0.158362
0.158362
0.158034
0.156853
0.156853
0.156465
0.156023
0.156168
0.156367
0.156473
0.156108
0.156145
0.15656
0.156882
0.156882
0.156707
0.156533
0.156136
0.156136
0.155233
0.155233
0.155449
0.15569
0.155751
0.155751
0.15592
0.15592
0.155917
0.156052
0.156254
0.156254
0.155628
0.155628
0.155421
0.155346
0.155081
0.155081
0.154637
0.154637
0.154338
0.153977
0.153699
0.153699
0.15324
0.15324
0.153298
0.153582
0.153658
0.153658
0.153266
0.153266
0.153367
0.153525
0.153723
0.153723
0.153289
0.153289
0.152322
0.152244
0.152142
0.152142
0.150897
0.150897
0.150748
0.150144
0.149415
0.149415
0.150683
0.150683
0.151521
0.152121
0.15283
0.15283
0.153004
0.153004
0.152971
0.152806
0.152806
0.153153
0.153133
0.153133
0.15351
0.15351
0.154051
0.15448
0.154913
0.155228
0.154938
0.154938
0.154856
0.154856
0.154221
0.153696
0.153786
0.153786
0.154217
0.154217
0.154083
0.154172
0.154161
0.153943
0.153847
0.153847
0.155057
0.155057
0.155097
0.155437
0.155869
0.155869
0.156168
0.156168
0.156216
0.156583
0.156608
0.15681
0.157222
0.157222
0.1581
0.1581
0.158168
0.158168
0.158289
0.158289
0.15808
0.158098
0.158098
0.158903
0.159478
0.159478
0.159086
0.159086
0.159073
0.159121
0.159023
0.158955
0.158789
0.158789
0.158721
0.15886
0.158983
0.158968
0.159219
0.159219
0.159564
0.159677
0.159763
0.159763
0.159823
0.159823
0.159577
0.159392
0.159549
0.159549
0.161594
0.161594
0.161727
0.16196
0.162653
0.162653
0.163382
0.163382
0.163948
0.164398
0.164041
0.164041
0.162243
0.162243
0.161725
0.161725
0.16098
0.16098
0.160255
0.160255
0.16009
0.16009
0.159802
0.159802
0.158935
0.158935
0.159114
0.159114
0.158342
0.158545
0.158867
0.158867
0.159212
0.158527
0.158527
0.157197
0.157197
0.15766
0.15766
0.15814
0.158256
0.158256
0.156736
0.156736
0.156983
0.156983
0.1568
0.1568
0.15652
0.156887
0.156792
0.156123
0.156123
0.155379
0.155305
0.155695
0.155979
0.155979
0.155877
0.155778
0.156012
0.156012
0.156744
0.156744
0.156897
0.156741
0.156367
0.156081
0.155756
0.155756
0.155502
0.155502
0.155339
0.154915
0.154566
0.154566
0.15429
0.15429
0.153982
0.153982
0.153827
0.153583
0.15355
0.15355
0.15308
0.15308
0.153004
0.153422
0.153759
0.153759
0.154154
0.154154
0.152252
0.152252
0.151981
0.152074
0.151314
0.150461
0.150091
0.150091
0.1493
0.1493
0.151327
0.151327
0.152094
0.152529
0.152932
0.153195
0.153186
0.153186
0.152687
0.152687
0.152245
0.152333
0.152459
0.152986
0.152986
0.155897
0.155897
0.15656
0.156833
0.156267
0.156267
0.153567
0.153567
0.153318
0.153318
0.153333
0.153774
0.153885
0.153885
0.153449
0.153449
0.153857
0.154309
0.154458
0.154458
0.154563
0.154563
0.154891
0.155132
0.155379
0.156065
0.156664
0.156664
0.157189
0.157285
0.1577
0.158175
0.158175
0.158571
0.158571
0.158517
0.158445
0.158195
0.158195
0.157572
0.157572
0.157932
0.158273
0.158902
0.159516
0.159516
0.159743
0.159743
0.159733
0.159599
0.159217
0.159217
0.15901
0.15901
0.159475
0.159475
0.1597
0.159881
0.160079
0.160079
0.159821
0.159821
0.159841
0.159841
0.159649
0.15988
0.161239
0.161239
0.161988
0.161988
0.16223
0.163014
0.163488
0.163488
0.164274
0.164274
0.164561
0.164088
0.163161
0.163161
0.161855
0.161855
0.161334
0.161047
0.160771
0.160628
0.160711
0.160711
0.160006
0.160006
0.160084
0.160295
0.160144
0.159841
0.159871
0.15971
0.159328
0.159553
0.159553
0.159526
0.158746
0.157929
0.157884
0.158226
0.158226
0.158105
0.158105
0.158545
0.158545
0.158424
0.158424
0.158221
0.158221
0.15802
0.15737
0.156852
0.156765
0.156525
0.156525
0.155452
0.155293
0.155092
0.154576
0.154576
0.154441
0.154441
0.154732
0.154732
0.155009
0.155422
0.155683
0.155683
0.155235
0.155235
0.155087
0.154963
0.154763
0.154448
0.154279
0.154279
0.153777
0.153777
0.153776
0.153776
0.153784
0.153784
0.15307
0.15307
0.153286
0.153286
0.153646
0.153646
0.153953
0.153953
0.152305
0.152305
0.151424
0.151424
0.150902
0.150248
0.149692
0.149692
0.148379
0.148379
0.150567
0.151203
0.151203
0.151784
0.152562
0.153255
0.153097
0.153097
0.153386
0.153386
0.152921
0.152921
0.152951
0.153133
0.15344
0.154076
0.15482
0.15482
0.155676
0.155676
0.154375
0.154375
0.154329
0.154329
0.154063
0.154063
0.153992
0.154443
0.154918
0.154832
0.154129
0.154129
0.154466
0.154466
0.155288
0.155288
0.156025
0.156541
0.156658
0.156658
0.156548
0.156548
0.15601
0.156113
0.156487
0.156487
0.157423
0.157423
0.157863
0.158244
0.158802
0.159267
0.159176
0.159176
0.159807
0.159807
0.159699
0.159436
0.159491
0.159491
0.159742
0.159742
0.159956
0.16009
0.159855
0.159855
0.159944
0.159944
0.160301
0.160411
0.160671
0.160666
0.160422
0.160109
0.159846
0.159788
0.159788
0.160884
0.161825
0.162305
0.162305
0.163314
0.163314
0.163922
0.164013
0.16444
0.16444
0.164662
0.164662
0.163754
0.162736
0.162197
0.162197
0.161472
0.161472
0.161372
0.161055
0.160612
0.160612
0.160509
0.160509
0.160588
0.160758
0.160758
0.160393
0.159493
0.158814
0.158651
0.158714
0.158714
0.158797
0.158829
0.159161
0.159161
0.159101
0.159101
0.158988
0.158988
0.158807
0.158807
0.158696
0.158482
0.158213
0.157962
0.157308
0.157308
0.155426
0.155426
0.154929
0.154929
0.153824
0.153824
0.15398
0.15398
0.154111
0.154204
0.154388
0.154388
0.154367
0.154564
0.154564
0.154345
0.153899
0.153811
0.153718
0.153718
0.153528
0.153416
0.153372
0.153372
0.153323
0.153323
0.153211
0.153211
0.15305
0.15306
0.153258
0.153588
0.153728
0.153658
0.153658
0.152302
0.151648
0.151087
0.151087
0.149855
0.149855
0.148633
0.148633
0.148266
0.148266
0.149546
0.149546
0.150434
0.151033
0.151482
0.151482
0.151819
0.151819
0.152381
0.152644
0.152564
0.152564
0.153434
0.153434
0.154075
0.155137
0.156077
0.156077
0.154141
0.154141
0.15392
0.153987
0.153198
0.153198
0.15365
0.15365
0.154041
0.154041
0.153905
0.153905
0.155472
0.155472
0.155114
0.155152
0.155974
0.15646
0.156196
0.156196
0.156526
0.156526
0.156666
0.156666
0.157499
0.157499
0.158065
0.158065
0.158664
0.158664
0.159292
0.159292
0.159478
0.159526
0.159392
0.159494
0.159606
0.159606
0.159685
0.159685
0.160027
0.160027
0.160275
0.160275
0.160464
0.160552
0.160573
0.160771
0.1609
0.1609
0.160637
0.160389
0.160336
0.160336
0.160072
0.160653
0.162444
0.162444
0.16354
0.163777
0.164234
0.164234
0.165563
0.165563
0.165764
0.165925
0.165374
0.165374
0.162989
0.162989
0.161232
0.161232
0.160346
0.160346
0.160222
0.159916
0.159621
0.159621
0.160155
0.160155
0.160346
0.160454
0.160816
0.160816
0.161174
0.161075
0.160542
0.160542
0.160095
0.159773
0.159315
0.159
0.159128
0.159128
0.158389
0.158389
0.157273
0.156357
0.155837
0.155607
0.155763
0.155763
0.155794
0.155334
0.154695
0.154695
0.154506
0.154752
0.154753
0.154753
0.15482
0.15482
0.155056
0.155056
0.154772
0.154772
0.154744
0.154584
0.154231
0.154231
0.15346
0.15346
0.15318
0.15309
0.152934
0.152934
0.152451
0.152003
0.152014
0.152014
0.152197
0.152197
0.1527
0.1527
0.152947
0.152947
0.150726
0.150726
0.150273
0.15011
0.14943
0.14943
0.148045
0.148045
0.147552
0.147684
0.148696
0.148696
0.15148
0.15148
0.152365
0.152365
0.152655
0.152655
0.152836
0.152836
0.1526
0.1526
0.153817
0.155238
0.156101
0.156236
0.155497
0.155497
0.154604
0.153648
0.153319
0.153319
0.152873
0.152873
0.152876
0.153379
0.154186
0.15477
0.15512
0.15512
0.15556
0.15556
0.155477
0.155477
0.156304
0.156304
0.156467
0.156467
0.1574
0.158407
0.158666
0.158666
0.158865
0.158865
0.159108
0.159108
0.159128
0.159128
0.159632
0.159632
0.159823
0.159938
0.160017
0.160017
0.160009
0.160009
0.160085
0.160236
0.160452
0.160452
0.160849
0.160849
0.161005
0.160889
0.160691
0.160691
0.160532
0.160324
0.160266
0.160266
0.163148
0.163148
0.163708
0.163708
0.164378
0.164378
0.165708
0.165708
0.165975
0.165597
0.164391
0.164391
0.161998
0.161998
0.161581
0.161415
0.161447
0.161447
0.161359
0.161359
0.161093
0.160764
0.1606
0.160527
0.160446
0.160446
0.15972
0.15972
0.159788
0.159529
0.158908
0.158908
0.158666
0.159
0.159289
0.159289
0.157859
0.157859
0.157179
0.157179
0.157529
0.157529
0.157325
0.156316
0.155348
0.154639
0.154043
0.154043
0.153733
0.153733
0.153963
0.154093
0.154206
0.154206
0.154549
0.154549
0.154204
0.154282
0.154212
0.154212
0.153585
0.153585
0.152854
0.152854
0.152426
0.152408
0.15227
0.152071
0.152167
0.152167
0.152474
0.152474
0.152496
0.152758
0.153105
0.153105
0.150871
0.150871
0.150781
0.150562
0.149425
0.149425
0.147717
0.147717
0.146864
0.146864
0.148487
0.148487
0.150426
0.150426
0.152571
0.152571
0.153107
0.153107
0.153349
0.153698
0.153633
0.153633
0.15444
0.15444
0.15478
0.154943
0.154387
0.154387
0.153467
0.153467
0.153223
0.153092
0.153221
0.153221
0.154544
0.154544
0.154554
0.15484
0.15521
0.155072
0.154996
0.154996
0.155507
0.155831
0.155809
0.155809
0.156654
0.156654
0.157051
0.157695
0.158444
0.158444
0.159267
0.159267
0.160346
0.160346
0.160363
0.160369
0.160173
0.160173
0.159856
0.159856
0.160085
0.160134
0.160203
0.160203
0.160514
0.160625
0.160794
0.160794
0.161176
0.161176
0.16098
0.16099
0.161135
0.160934
0.161885
0.161885
0.163342
0.163342
0.164425
0.164425
0.165041
0.165358
0.165792
0.165746
0.164836
0.164836
0.162748
0.162748
0.162346
0.162346
0.161823
0.161823
0.162081
0.162081
0.161457
0.161174
0.161174
0.160897
0.160225
0.159496
0.159496
0.159257
0.159257
0.159431
0.159725
0.159883
0.159782
0.159458
0.159458
0.158137
0.158137
0.157185
0.157079
0.157338
0.157338
0.156135
0.156135
0.155569
0.155569
0.155042
0.15426
0.154398
0.154695
0.154656
0.154656
0.154488
0.154488
0.154475
0.154368
0.154277
0.154277
0.154337
0.154138
0.15384
0.15384
0.153291
0.153291
0.1528
0.152645
0.152615
0.152615
0.151839
0.151839
0.151819
0.151744
0.151852
0.151852
0.152863
0.152863
0.151402
0.150271
0.150003
0.150003
0.148225
0.148225
0.147275
0.146907
0.146545
0.146545
0.148562
0.148562
0.151027
0.151027
0.151981
0.152876
0.152869
0.152869
0.152438
0.152438
0.152426
0.152732
0.153703
0.153703
0.155099
0.155099
0.154314
0.153819
0.153558
0.153558
0.15317
0.15317
0.154352
0.154352
0.154996
0.155154
0.155017
0.155017
0.155861
0.155861
0.156342
0.156342
0.156898
0.157059
0.156775
0.156775
0.157353
0.157353
0.158241
0.158583
0.159089
0.159089
0.159961
0.159961
0.159742
0.159717
0.159866
0.160032
0.160134
0.160134
0.160841
0.160841
0.160939
0.160904
0.160872
0.160872
0.161096
0.161096
0.161354
0.161354
0.161057
0.160789
0.160555
0.160555
0.161382
0.163029
0.164103
0.164103
0.164642
0.164642
0.165706
0.166372
0.166843
0.166843
0.165924
0.165924
0.164393
0.162926
0.162008
0.161609
0.161651
0.161651
0.161055
0.161055
0.160563
0.160268
0.160145
0.160369
0.160758
0.160758
0.159436
0.159436
0.159486
0.159924
0.15981
0.15981
0.158364
0.158364
0.157682
0.157682
0.156588
0.156221
0.156526
0.156526
0.155552
0.155552
0.155379
0.155379
0.154745
0.153904
0.153978
0.154309
0.154284
0.154284
0.154141
0.154443
0.154508
0.154508
0.154304
0.154304
0.153799
0.153799
0.153568
0.153568
0.153157
0.152685
0.152446
0.152446
0.152046
0.152046
0.151797
0.152029
0.152345
0.152345
0.152458
0.152458
0.150769
0.150145
0.149792
0.149236
0.148075
0.148075
0.14654
0.14654
0.146487
0.14781
0.149418
0.150736
0.151448
0.151448
0.152346
0.152504
0.152066
0.151767
0.151867
0.151867
0.15268
0.15268
0.153601
0.153601
0.155409
0.155409
0.154943
0.154236
0.154186
0.15405
0.153515
0.153515
0.154246
0.154246
0.154504
0.15446
0.15445
0.15445
0.155303
0.155303
0.155821
0.156553
0.157116
0.157116
0.158044
0.158044
0.158532
0.158532
0.158465
0.159094
0.159876
0.160124
0.159997
0.159997
0.160319
0.16052
0.160384
0.160522
0.160746
0.160746
0.160341
0.160341
0.160651
0.16102
0.161282
0.161551
0.161578
0.161578
0.161105
0.160766
0.160743
0.160743
0.163761
0.163761
0.164871
0.164871
0.165585
0.165585
0.166611
0.167237
0.166883
0.166883
0.165185
0.165185
0.162987
0.162987
0.162126
0.161802
0.16215
0.16215
0.161769
0.161769
0.161149
0.161149
0.160397
0.159548
0.159328
0.159328
0.159081
0.159081
0.158996
0.158996
0.15928
0.158978
0.15799
0.156749
0.15648
0.156081
0.156081
0.154265
0.154265
0.154156
0.154177
0.154214
0.154292
0.154556
0.154556
0.154325
0.154642
0.154923
0.154591
0.154035
0.154134
0.154134
0.15389
0.15389
0.153578
0.153578
0.153223
0.153047
0.153067
0.153067
0.152376
0.152376
0.152438
0.152461
0.152154
0.152242
0.152534
0.152534
0.152665
0.150906
0.14991
0.14991
0.148972
0.148972
0.147596
0.146681
0.146334
0.146334
0.149682
0.152029
0.152944
0.152944
0.154255
0.154255
0.153079
0.151747
0.151839
0.151839
0.152058
0.152058
0.153459
0.154944
0.15479
0.15479
0.153772
0.153772
0.153618
0.152836
0.152441
0.153097
0.153532
0.153532
0.155436
0.155436
0.155711
0.155681
0.155789
0.15603
0.156211
0.156211
0.158017
0.158017
0.158137
0.158137
0.159299
0.159961
0.159476
0.159476
0.159694
0.159694
0.159861
0.159861
0.160268
0.160471
0.160617
0.161063
0.161221
0.161221
0.160959
0.160959
0.16149
0.161596
0.161408
0.161408
0.161355
0.161355
0.160987
0.161038
0.16237
0.163683
0.164156
0.164156
0.165142
0.165142
0.166065
0.166065
0.166797
0.166797
0.166606
0.165801
0.164333
0.163312
0.163143
0.163143
0.162375
0.161427
0.161309
0.1619
0.16185
0.16185
0.159672
0.159672
0.15989
0.160047
0.159646
0.15977
0.160771
0.160771
0.158972
0.158972
0.157765
0.15774
0.157205
0.157205
0.155451
0.155451
0.155361
0.155361
0.154677
0.154086
0.153575
0.153575
0.153537
0.153537
0.154106
0.154106
0.153852
0.153952
0.15405
0.154018
0.153973
0.153973
0.152947
0.152947
0.152444
0.152197
0.152066
0.152066
0.151616
0.151616
0.151656
0.151656
0.151792
0.151993
0.152247
0.152247
0.149778
0.149778
0.149149
0.148749
0.147581
0.146351
0.145688
0.145688
0.146209
0.147207
0.148716
0.150157
0.150779
0.150779
0.152147
0.152147
0.152166
0.152147
0.152687
0.153603
0.154184
0.154184
0.154886
0.155107
0.153882
0.153882
0.153064
0.153457
0.154709
0.154709
0.154838
0.155987
0.15643
0.155942
0.156324
0.156324
0.156875
0.156875
0.156945
0.156945
0.15726
0.15726
0.15769
0.15769
0.158347
0.158776
0.159179
0.159179
0.15977
0.15977
0.159702
0.159762
0.15984
0.15984
0.160168
0.160607
0.160836
0.160836
0.161412
0.161412
0.161805
0.161805
0.162009
0.162009
0.161799
0.161541
0.16131
0.16131
0.162595
0.164528
0.165419
0.165419
0.165663
0.166398
0.16776
0.16776
0.168263
0.168263
0.167293
0.16591
0.164438
0.164438
0.162232
0.162232
0.16175
0.161465
0.160967
0.160671
0.161252
0.161252
0.162159
0.162351
0.161872
0.161872
0.160451
0.160451
0.159606
0.159081
0.158366
0.158366
0.157102
0.157102
0.156254
0.154777
0.153384
0.153255
0.153268
0.153268
0.152451
0.152451
0.152991
0.153499
0.153802
0.154314
0.154602
0.154602
0.154216
0.153776
0.153731
0.153731
0.153439
0.152919
0.152531
0.152531
0.151341
0.151341
0.150781
0.150884
0.150821
0.150821
0.151603
0.151603
0.15191
0.15191
0.148741
0.148741
0.148316
0.14781
0.146465
0.145092
0.144508
0.144508
0.147381
0.147381
0.149071
0.150144
0.151282
0.152464
0.152338
0.152338
0.15267
0.15267
0.154021
0.154543
0.15446
0.15446
0.154363
0.154363
0.153587
0.153024
0.153176
0.153176
0.153746
0.153746
0.153928
0.154382
0.154755
0.154755
0.155479
0.155479
0.156938
0.156938
0.157375
0.157375
0.158596
0.158596
0.158991
0.159204
0.159637
0.160044
0.160056
0.160056
0.160643
0.161377
0.161623
0.161297
0.161286
0.161286
0.161931
0.161931
0.16214
0.162293
0.162265
0.162157
0.161961
0.161961
0.161961
0.161515
0.160929
0.16182
0.166226
0.166226
0.165967
0.165967
0.166174
0.166174
0.165451
0.165451
0.164292
0.163224
0.162692
0.162693
0.162912
0.162912
0.162416
0.162043
0.162376
0.162376
0.161546
0.161546
0.160814
0.161093
0.161564
0.16136
0.161108
0.161108
0.160877
0.160341
0.159086
0.157942
0.157134
0.157134
0.155554
0.155554
0.154803
0.154199
0.153553
0.153553
0.152962
0.152962
0.153145
0.153411
0.153469
0.153469
0.153499
0.153499
0.15359
0.153869
0.153892
0.153892
0.15301
0.15301
0.152542
0.151923
0.151311
0.150992
0.15099
0.15099
0.151221
0.151221
0.151581
0.151877
0.150154
0.150154
0.148532
0.148532
0.148089
0.146434
0.144888
0.144888
0.145195
0.145195
0.146895
0.148676
0.149795
0.149795
0.151458
0.151458
0.151502
0.151502
0.152224
0.154179
0.154179
0.156247
0.156247
0.156428
0.155344
0.15426
0.15426
0.15309
0.15309
0.153113
0.153938
0.154649
0.154662
0.15488
0.15488
0.155788
0.155788
0.15604
0.156606
0.157235
0.15765
0.158075
0.159144
0.159835
0.159835
0.16108
0.16108
0.161053
0.160894
0.160711
0.160711
0.160773
0.160773
0.161339
0.161591
0.161707
0.161676
0.161858
0.161858
0.161797
0.161797
0.161633
0.161203
0.161287
0.161287
0.163138
0.164921
0.165442
0.165442
0.166961
0.166961
0.16815
0.169069
0.168913
0.168913
0.165338
0.165338
0.163288
0.161027
0.161027
0.158835
0.158835
0.157863
0.158108
0.159079
0.159079
0.161227
0.161928
0.162257
0.161052
0.15863
0.15766
0.15766
0.157104
0.157104
0.156322
0.155834
0.155779
0.155906
0.156141
0.156141
0.154045
0.154045
0.153606
0.153988
0.154159
0.154159
0.154372
0.154372
0.154315
0.153899
0.153757
0.153899
0.153565
0.153565
0.152554
0.152554
0.152141
0.151581
0.150911
0.150911
0.150906
0.150906
0.151116
0.15152
0.151948
0.15059
0.148859
0.148859
0.148177
0.148177
0.144999
0.144999
0.144784
0.145373
0.14616
0.14616
0.149314
0.149314
0.150303
0.151299
0.151706
0.151706
0.152185
0.152185
0.153643
0.154752
0.154868
0.154664
0.154099
0.154099
0.153965
0.153874
0.153605
0.153605
0.153112
0.153112
0.154709
0.154709
0.155451
0.15603
0.156289
0.156289
0.157385
0.157385
0.158659
0.158659
0.160353
0.160353
0.160964
0.161113
0.160925
0.160588
0.160549
0.160549
0.161427
0.161427
0.161623
0.161438
0.161618
0.161618
0.162069
0.162069
0.161948
0.162154
0.162199
0.162199
0.16179
0.16179
0.163566
0.16519
0.16566
0.16566
0.167019
0.167019
0.168027
0.168301
0.167452
0.16636
0.165373
0.165373
0.164028
0.164028
0.163797
0.163797
0.162848
0.161579
0.160975
0.16109
0.161267
0.161267
0.160583
0.160583
0.160603
0.160153
0.159033
0.159033
0.157994
0.157994
0.156475
0.156475
0.155964
0.15517
0.153919
0.153919
0.152763
0.152763
0.153133
0.153052
0.153379
0.153816
0.15395
0.15395
0.153754
0.153754
0.153849
0.153849
0.153391
0.15261
0.151878
0.151392
0.151198
0.151198
0.151101
0.151101
0.151025
0.151279
0.151565
0.151565
0.14947
0.14947
0.14779
0.14779
0.147298
0.14564
0.144535
0.144535
0.145542
0.145542
0.14853
0.14853
0.149981
0.150816
0.151294
0.151792
0.151938
0.151938
0.153759
0.153759
0.154556
0.154556
0.155482
0.155532
0.154433
0.154433
0.153281
0.153281
0.153344
0.153344
0.154068
0.154068
0.155612
0.155612
0.156085
0.156085
0.156741
0.157385
0.157884
0.158532
0.159461
0.159461
0.160411
0.160411
0.160607
0.160962
0.161163
0.161237
0.161438
0.161438
0.162011
0.162011
0.162355
0.162355
0.16257
0.162413
0.162468
0.162468
0.162028
0.162028
0.161526
0.162617
0.164704
0.164704
0.166028
0.166028
0.168017
0.168017
0.168593
0.16798
0.166639
0.165577
0.164999
0.164999
0.163158
0.163158
0.162702
0.163107
0.163656
0.163656
0.162887
0.162887
0.162029
0.160964
0.159899
0.15936
0.159284
0.159284
0.158158
0.158158
0.157795
0.157265
0.156103
0.154989
0.154221
0.154221
0.151958
0.151958
0.152172
0.15278
0.152964
0.152964
0.153273
0.153273
0.153283
0.153283
0.153595
0.153575
0.153065
0.153065
0.152375
0.152375
0.151437
0.151437
0.150891
0.150595
0.150655
0.151113
0.151463
0.150892
0.149822
0.149534
0.149534
0.147611
0.147611
0.145667
0.144608
0.144317
0.144317
0.146209
0.146209
0.149709
0.149709
0.151462
0.151462
0.15181
0.15181
0.152919
0.152919
0.154347
0.154347
0.154091
0.153689
0.15363
0.153523
0.153523
0.15554
0.15554
0.156726
0.156709
0.15614
0.15614
0.15529
0.15529
0.155693
0.155693
0.156326
0.157237
0.158409
0.158409
0.160256
0.160256
0.160454
0.160575
0.160386
0.160426
0.160693
0.160693
0.161749
0.161749
0.162389
0.162389
0.162551
0.162663
0.162653
0.162653
0.162199
0.162199
0.16222
0.162277
0.16394
0.165173
0.165507
0.165507
0.167037
0.168447
0.168935
0.167879
0.167879
0.163809
0.163136
0.163394
0.162693
0.162693
0.160027
0.160544
0.161103
0.160776
0.160087
0.15985
0.15985
0.159795
0.160319
0.16176
0.16176
0.161779
0.161779
0.160741
0.159924
0.159518
0.159186
0.158513
0.158513
0.154297
0.154297
0.152584
0.151211
0.151211
0.151367
0.151367
0.151475
0.15222
0.153093
0.15347
0.153357
0.153357
0.152662
0.152662
0.152126
0.151858
0.151377
0.151377
0.150296
0.150296
0.150911
0.150911
0.151228
0.150874
0.148852
0.148852
0.148153
0.146548
0.145062
0.146568
0.148362
0.148362
0.1527
0.1527
0.151883
0.150806
0.150841
0.150841
0.149403
0.151394
0.151394
0.153928
0.156349
0.157373
0.157373
0.154194
0.154194
0.151334
0.151334
0.15143
0.152332
0.152891
0.154782
0.154782
0.156618
0.157931
0.158493
0.157949
0.157994
0.15976
0.15976
0.161279
0.161279
0.161435
0.161435
0.160534
0.159981
0.1598
0.159669
0.159669
0.161256
0.161347
0.161334
0.161334
0.161334
0.161613
0.161656
0.161656
0.161965
0.161965
0.162481
0.162481
0.164541
0.164541
0.165387
0.165387
0.166471
0.165947
0.164352
0.164352
0.162982
0.162053
0.162169
0.16269
0.163231
0.162929
0.162929
0.162486
0.162154
0.163188
0.164468
0.16484
0.164063
0.162391
0.162391
0.160378
0.159572
0.159831
0.15985
0.159151
0.159151
0.157237
0.157237
0.154891
0.154891
0.153557
0.153557
0.151357
0.151545
0.152034
0.152034
0.152278
0.152567
0.152994
0.152994
0.153012
0.153012
0.152974
0.152974
0.152498
0.151998
0.15151
0.150803
0.150223
0.150223
0.150761
0.150761
0.151412
0.151412
0.149566
0.148333
0.146923
0.146923
0.14514
0.144466
0.144466
0.147708
0.147708
0.152911
0.152512
0.152512
0.154456
0.154456
0.154768
0.154481
0.154496
0.155446
0.155668
0.15426
0.15426
0.152342
0.152342
0.151897
0.151125
0.151155
0.152401
0.153093
0.153093
0.154156
0.156407
0.156407
0.157257
0.158817
0.16012
0.160295
0.159431
0.15969
0.15969
0.161261
0.161261
0.161548
0.161294
0.16099
0.160894
0.160894
0.16109
0.16109
0.161559
0.161559
0.161767
0.161925
0.161895
0.161895
0.161478
0.161478
0.16145
0.163409
0.165731
0.166247
0.16608
0.16805
0.16805
0.167262
0.167262
0.163925
0.163845
0.163845
0.162106
0.162106
0.160261
0.160261
0.161194
0.161194
0.163165
0.163381
0.163381
0.161335
0.161335
0.159096
0.158334
0.158958
0.159644
0.159259
0.159259
0.157635
0.157635
0.156601
0.156601
0.154903
0.152961
0.152097
0.151681
0.151681
0.151895
0.152461
0.152979
0.152979
0.153338
0.153338
0.153399
0.153047
0.152478
0.152207
0.152018
0.152018
0.150572
0.150572
0.150741
0.150741
0.150999
0.151332
0.150235
0.148621
0.147901
0.147901
0.145864
0.145864
0.143719
0.143258
0.144374
0.145829
0.147459
0.149466
0.150429
0.150429
0.151561
0.151561
0.152018
0.153029
0.154348
0.15479
0.153975
0.153975
0.153301
0.153301
0.152899
0.152899
0.153359
0.154433
0.155305
0.155761
0.155796
0.155796
0.156903
0.156903
0.157028
0.157302
0.157941
0.157941
0.159456
0.159456
0.160915
0.160915
0.161596
0.161872
0.161863
0.161863
0.162745
0.162745
0.163062
0.163062
0.163102
0.163263
0.163488
0.163216
0.162731
0.162731
0.163908
0.163908
0.165859
0.166671
0.167051
0.167051
0.169576
0.169576
0.169679
0.169679
0.169139
0.168047
0.166161
0.166161
0.163719
0.163719
0.163344
0.163344
0.160612
0.160612
0.159581
0.159581
0.158487
0.157722
0.158087
0.158334
0.156731
0.156731
0.156201
0.154768
0.153397
0.153397
0.153927
0.153927
0.153354
0.15317
0.153708
0.153796
0.153457
0.153457
0.153653
0.153653
0.15365
0.153482
0.153118
0.15239
0.151765
0.151452
0.150713
0.150071
0.150071
0.150494
0.150494
0.150472
0.15063
0.14865
0.147469
0.146503
0.146503
0.146004
0.146004
0.142081
0.142081
0.142567
0.142567
0.144229
0.147305
0.150182
0.150182
0.15227
0.15227
0.152484
0.153517
0.154871
0.154871
0.153694
0.153694
0.153304
0.153304
0.152961
0.153948
0.155358
0.155769
0.156513
0.156513
0.15769
0.158651
0.158927
0.158927
0.159139
0.159139
0.160215
0.160215
0.160907
0.160907
0.161395
0.161629
0.161516
0.161516
0.161903
0.161903
0.162351
0.16302
0.163425
0.163425
0.16356
0.16356
0.162949
0.162949
0.162904
0.164566
0.165613
0.165995
0.166871
0.166871
0.169209
0.169209
0.169376
0.169376
0.166609
0.166609
0.164463
0.164463
0.163558
0.163558
0.162101
0.162101
0.161354
0.162062
0.162066
0.162066
0.158837
0.158837
0.158985
0.159343
0.159146
0.159146
0.158698
0.158698
0.158102
0.156372
0.155157
0.155157
0.153824
0.152101
0.151072
0.151477
0.151936
0.151936
0.15188
0.15188
0.15231
0.152242
0.152048
0.152048
0.15185
0.151433
0.150778
0.150051
0.149654
0.149654
0.149641
0.150061
0.149925
0.149925
0.147624
0.146684
0.145848
0.145848
0.141409
0.141409
0.141205
0.141205
0.146372
0.146372
0.149422
0.15109
0.152187
0.152187
0.154322
0.154322
0.153904
0.153904
0.154541
0.154161
0.153635
0.153635
0.15408
0.15408
0.153593
0.153749
0.154646
0.154646
0.155147
0.155147
0.156292
0.157649
0.15851
0.15851
0.159373
0.160467
0.16091
0.161083
0.161468
0.161468
0.16267
0.16267
0.163377
0.164239
0.164878
0.164878
0.164863
0.164863
0.164562
0.164222
0.163812
0.163812
0.163477
0.165125
0.167106
0.167106
0.16809
0.168771
0.17017
0.17017
0.171991
0.17293
0.172743
0.171505
0.169257
0.169257
0.165869
0.165869
0.165502
0.164501
0.162252
0.162252
0.159309
0.159309
0.158414
0.15781
0.157501
0.157501
0.157549
0.157549
0.157644
0.157305
0.155723
0.155723
0.151692
0.151692
0.150535
0.150325
0.151087
0.151087
0.15151
0.15151
0.151447
0.151775
0.151847
0.151847
0.151362
0.151362
0.150814
0.149827
0.149249
0.149249
0.149657
0.149657
0.150014
0.148449
0.146686
0.146686
0.144254
0.144254
0.142548
0.141294
0.141366
0.141366
0.145441
0.145441
0.147667
0.149378
0.150442
0.151375
0.152542
0.152542
0.153968
0.154402
0.153464
0.153464
0.153379
0.153379
0.15307
0.15307
0.153223
0.15483
0.156027
0.156027
0.156805
0.156805
0.158532
0.158532
0.159249
0.159249
0.160427
0.160427
0.161299
0.161299
0.16224
0.163017
0.163464
0.163284
0.163304
0.163304
0.164038
0.164038
0.164018
0.16396
0.164096
0.164096
0.163468
0.163468
0.164453
0.166297
0.167263
0.167642
0.168688
0.168688
0.170872
0.170872
0.171174
0.170208
0.168281
0.168281
0.166702
0.166702
0.165937
0.164961
0.164128
0.164128
0.162629
0.162629
0.161447
0.160306
0.159342
0.159342
0.158035
0.158035
0.156402
0.155691
0.155691
0.151691
0.151691
0.149352
0.14889
0.150086
0.150086
0.152129
0.152129
0.152425
0.152466
0.15264
0.152796
0.152833
0.152833
0.151817
0.150987
0.150987
0.150003
0.150003
0.150418
0.150418
0.150874
0.150079
0.147564
0.147564
0.14576
0.14576
0.144415
0.1427
0.141908
0.141908
0.143902
0.145892
0.147503
0.150024
0.152957
0.154468
0.154468
0.155011
0.155325
0.155049
0.153392
0.152396
0.152396
0.152941
0.152941
0.152851
0.153543
0.154943
0.154827
0.155016
0.155016
0.157566
0.157566
0.157383
0.157735
0.159167
0.160358
0.161
0.161
0.162552
0.162552
0.163156
0.163535
0.163535
0.163799
0.163799
0.163815
0.163815
0.163671
0.163722
0.163517
0.163517
0.162989
0.162989
0.16678
0.16678
0.167388
0.167846
0.169089
0.169089
0.171392
0.171392
0.171146
0.170241
0.168608
0.166998
0.165839
0.165839
0.164071
0.164071
0.163218
0.16217
0.160857
0.160316
0.160509
0.160509
0.158937
0.158937
0.157433
0.157433
0.155935
0.155935
0.154325
0.154325
0.151543
0.149307
0.149344
0.150369
0.151462
0.151462
0.152033
0.152033
0.152801
0.152801
0.152469
0.152469
0.15118
0.15118
0.150195
0.150195
0.150369
0.150369
0.151331
0.151331
0.149202
0.149202
0.14731
0.145975
0.143535
0.143535
0.142987
0.142987
0.144466
0.144466
0.147088
0.149534
0.150599
0.151546
0.152456
0.152456
0.155228
0.155228
0.153181
0.153181
0.153477
0.153852
0.153211
0.153434
0.154153
0.154895
0.155142
0.155142
0.157484
0.157484
0.157331
0.157723
0.158721
0.15883
0.159026
0.159026
0.1615
0.1615
0.162346
0.162346
0.162873
0.163165
0.163127
0.163317
0.163807
0.163807
0.164152
0.164152
0.164134
0.163839
0.163429
0.164426
0.16678
0.16678
0.167657
0.167657
0.168558
0.170399
0.171863
0.171863
0.171124
0.171124
0.167597
0.167597
0.166652
0.166652
0.166212
0.164533
0.161729
0.161729
0.15938
0.15938
0.158387
0.158387
0.157843
0.157843
0.157577
0.156744
0.155642
0.154591
0.153508
0.153508
0.150351
0.150351
0.151716
0.151716
0.152162
0.152038
0.152345
0.152594
0.15265
0.15265
0.152345
0.152345
0.150823
0.150823
0.14991
0.149541
0.149695
0.150263
0.150359
0.150359
0.147343
0.147343
0.144895
0.144895
0.143145
0.142089
0.142073
0.142801
0.144739
0.144739
0.150295
