0.244656
0.249665
0.254664
0.259664
0.27278
0.277183
0.294797
0.298482
0.317894
0.321723
0.340283
0.344128
0.363412
0.367561
0.383401
0.38743
0.403813
0.408201
0.419093
0.424135
0.439146
0.443433
0.45641
0.460321
0.474403
0.47938
0.491411
0.495696
0.510406
0.524693
0.528404
0.543408
0.547736
0.559969
0.563877
0.578407
0.582039
0.594414
0.598136
0.611405
0.615768
0.629829
0.634203
0.646551
0.650382
0.663533
0.667858
0.680406
0.685379
0.6967
0.700716
0.713781
0.717525
0.731406
0.735174
0.749658
0.754388
0.769406
0.77438
0.782406
0.786436
0.802411
0.806465
0.819622
0.824109
0.83816
0.842502
0.853404
0.857704
0.870749
0.874562
0.887402
0.891407
0.904101
0.908215
0.918912
0.922628
0.938411
0.943311
0.952995
0.957389
0.97169
0.975532
0.988403
0.993383
1.00848
1.01239
1.0254
1.0292
1.04416
1.0498
1.05941
1.06366
1.07841
1.08208
1.0935
1.09737
1.11343
1.11816
1.12978
1.1344
1.14728
1.151
1.16255
1.16639
1.18102
1.18519
1.19583
1.2
1.2133
1.21779
1.22729
1.23117
1.24722
1.25238
1.26612
1.27107
1.28273
1.28644
1.29841
1.30246
1.31448
1.31847
1.32943
1.33384
1.34777
1.35213
1.36207
1.36581
1.38069
1.38539
1.39537
1.39948
1.41441
1.41867
1.42909
1.43312
1.44941
1.45306
1.4652
1.46915
1.4834
1.48762
1.49829
1.50199
1.51641
1.52047
1.53141
1.53594
1.54872
1.55252
1.56341
1.56839
1.58195
1.58615
1.59741
1.60156
1.61582
1.6198
1.63041
1.63538
1.64942
1.65344
1.66441
1.66939
1.68424
1.68792
1.70041
1.70472
1.71781
1.72168
1.73443
1.73839
1.75094
1.75523
1.76521
1.77038
1.78657
1.79139
1.80242
1.80654
1.82141
1.82635
1.83638
1.84018
1.85441
1.85938
1.86904
1.87305
1.88741
1.89238
1.90266
1.9067
1.92241
1.92738
1.93583
1.93956
1.95402
1.95839
1.96851
1.97244
1.98729
1.99238
2.00112
2.00529
2.02075
2.02482
2.03662
2.04053
2.05515
2.05894
2.07141
2.07587
2.0903
2.09438
2.10709
2.1114
2.1247
2.12866
2.14123
2.14551
2.16042
2.16536
2.17656
2.18075
2.19605
2.20046
2.21086
2.21522
2.22979
2.23415
2.24431
2.24806
2.26242
2.26651
2.27669
2.28098
2.29594
2.30029
2.30987
2.31379
2.3286
2.33339
2.34265
2.34664
2.36241
2.36718
2.37685
2.38108
2.39523
2.39965
2.40979
2.41394
2.42969
2.43405
2.44403
2.44842
2.46293
2.46732
2.4775
2.48126
2.4955
2.49976
2.5111
2.5149
2.53041
2.53435
2.54505
2.54939
2.56442
2.56896
2.57894
2.58301
2.59718
2.60145
2.61177
2.61639
2.62989
2.63363
2.64512
2.6495
2.66542
2.66986
2.67917
2.6834
2.69787
2.70193
2.71368
2.71767
2.73104
2.73544
2.74659
2.75066
2.76486
2.7694
2.77894
2.78339
2.79711
2.80197
2.81317
2.81705
2.83142
2.83629
2.84673
2.85133
2.86513
2.86939
2.88072
2.88433
2.89707
2.90115
2.91199
2.91644
2.93094
2.9352
2.94743
2.95167
2.96696
2.97134
2.98266
2.98696
3
3.0041
3.01583
3.02035
3.03413
3.03821
3.04878
3.05328
3.06675
3.07113
3.08101
3.08472
3.105
3.10906
3.12035
3.1254
3.13832
3.14239
3.15605
3.1604
3.17094
3.17521
3.18611
3.19046
3.20342
3.20728
3.21833
3.22252
3.23483
3.23919
3.25142
3.2554
3.26815
3.27218
3.28479
3.28902
3.30204
3.30584
3.31742
3.32114
3.33795
3.34238
3.35522
3.3595
3.37324
3.37717
3.38781
3.39158
3.40433
3.40845
3.42037
3.42517
3.44266
3.447
3.45619
3.46048
3.47472
3.47896
3.49282
3.49657
3.51063
3.51497
3.5263
3.53023
3.54341
3.54702
3.55864
3.5631
3.57642
3.58117
3.59175
3.61014
3.61449
3.62515
3.62957
3.64441
3.64902
3.65935
3.66323
3.67742
3.68204
3.69381
3.69795
3.71201
3.71639
3.7276
3.73134
3.74588
3.75029
3.76068
3.76501
3.77957
3.78396
3.79521
3.79946
3.81442
3.81892
3.83005
3.83403
3.84741
3.85208
3.86357
3.86776
3.88209
3.88638
3.89792
3.90211
3.91624
3.92064
3.93292
3.93739
3.95138
3.95578
3.96586
3.97014
3.98234
3.98661
3.99679
4.00062
4.01837
4.0224
4.03408
4.03825
4.05241
4.05666
4.06706
4.07132
4.08553
4.08957
4.10261
4.10634
4.12023
4.12399
4.1354
4.1392
4.15541
4.16038
4.17107
4.17531
4.18986
4.19369
4.20555
4.20991
4.22069
4.23591
4.24016
4.2529
4.25748
4.26942
4.27381
4.28786
4.29247
4.30302
4.3204
4.32427
4.3364
4.34035
4.35442
4.35918
4.37062
4.37481
4.38842
4.39305
4.40434
4.40846
4.42271
4.42739
4.43785
4.44214
4.45724
4.46139
4.47079
4.47511
4.4902
4.4944
4.50612
4.51019
4.52414
4.52839
4.53969
4.54386
4.55842
4.5623
4.57406
4.57837
4.59335
4.59753
4.60765
4.61199
4.62677
4.63049
4.6455
4.64966
4.66265
4.66647
4.67971
4.6843
4.69805
4.70168
4.71396
4.71778
4.73205
4.73638
4.74898
4.75322
4.7661
4.7704
4.78258
4.78683
4.80042
4.8043
4.81679
4.82123
4.83542
4.83987
4.85164
4.85563
4.86988
4.87538
4.888
4.89248
4.9044
4.90883
4.92372
4.92767
4.94043
4.94458
4.95895
4.96303
4.97462
4.97901
4.99257
4.99658
5.00794
5.01186
5.02578
5.02986
5.04086
5.04475
5.05873
5.06308
5.07392
5.0784
5.09158
5.09609
5.11043
5.11443
5.1289
5.13293
5.14492
5.14886
5.16294
5.16739
5.17838
5.18251
5.19556
5.19939
5.21142
5.21537
5.23043
5.23501
5.24603
5.25012
5.26649
5.27086
5.28216
5.28592
5.30119
5.30512
5.31992
5.32439
5.33791
5.34199
5.35734
5.36123
5.37442
5.37938
5.38919
5.39347
5.40641
5.41019
5.42412
5.42851
5.44039
5.44454
5.45779
5.46238
5.47323
5.47739
5.48911
5.49348
5.50742
5.51139
5.52442
5.5289
5.54242
5.54638
5.55808
5.56235
5.57442
5.57834
5.59002
5.59539
5.60807
5.612
5.62375
5.6284
5.64182
5.64568
5.65815
5.66252
5.67742
5.68238
5.69269
5.69698
5.71142
5.71539
5.72943
5.73541
5.7462
5.74985
5.76343
5.7684
5.78071
5.78539
5.79949
5.80357
5.81743
5.82238
5.83395
5.83803
5.85068
5.85484
5.86843
5.87339
5.88288
5.88685
5.89991
5.90387
5.91685
5.92139
5.93343
5.93741
5.95242
5.95738
5.96894
5.97339
5.98755
5.99184
6.00521
6.00949
6.02192
6.02738
6.03843
6.04238
6.05783
6.06153
6.07334
6.0778
6.09042
6.09538
6.10687
6.11139
6.12498
6.1289
6.14454
6.14939
6.16153
6.16586
6.17949
6.1834
6.19542
6.1994
6.21343
6.21839
6.23092
6.23466
6.24954
6.25439
6.26555
6.2704
6.2842
6.28831
6.29943
6.30439
6.31567
6.31961
6.3307
6.33539
6.34962
6.35349
6.36495
6.36924
6.38309
6.38827
6.39889
6.40293
6.41847
6.42212
6.4339
6.43817
6.45219
6.45759
6.46694
6.47104
6.48776
6.49229
6.50205
6.5063
6.5211
6.52552
6.54364
6.54812
6.56629
6.5704
6.58442
6.58876
6.59316
6.60504
6.60939
6.61367
6.62772
6.63222
6.65302
6.65739
6.67444
6.6793
6.69142
6.69535
6.70728
6.71173
6.72564
6.73013
6.74387
6.74828
6.76342
6.76798
6.78099
6.78511
6.79691
6.80114
6.81544
6.82042
6.83008
6.83399
6.84812
6.85296
6.86327
6.86763
6.8811
6.88539
6.89653
6.90051
6.91284
6.9166
6.92865
6.93256
6.94432
6.94859
6.96243
6.96726
6.97761
6.98148
6.99643
7.00086
7.01223
7.01617
7.02842
7.03272
7.04643
7.05041
7.06188
7.06564
7.07811
7.08242
7.09561
7.09997
7.11204
7.11663
7.13142
7.13538
7.14804
7.15243
7.16533
7.16894
7.18111
7.18511
7.19784
7.20256
7.21341
7.21803
7.22969
7.23387
7.24542
7.2494
7.2638
7.26748
7.27842
7.28278
7.29853
7.30287
7.31431
7.31805
7.33199
7.3363
7.34909
7.3534
7.36552
7.36932
7.38043
7.38455
7.39795
7.40223
7.41267
7.4174
7.43086
7.4359
7.44643
7.45025
7.46538
7.46974
7.48116
7.48549
7.49898
7.50313
7.51543
7.51984
7.53271
7.53704
7.54776
7.55201
7.56753
7.57188
7.58142
7.58567
7.59943
7.60339
7.61495
7.61939
7.63576
7.64016
7.65315
7.65702
7.67221
7.67625
7.69115
7.6956
7.70775
7.71148
7.72534
7.73001
7.74144
7.74573
7.76005
7.76448
7.77622
7.79223
7.7965
7.80843
7.81242
7.82563
7.83019
7.84242
7.84639
7.86019
7.86491
7.87507
7.87894
7.89244
7.89754
7.90816
7.91187
7.92537
7.92983
7.94229
7.94667
7.958
7.96233
7.97573
7.98008
7.99326
7.99756
8.00943
8.01355
8.02744
8.03214
8.04367
8.04898
8.06118
8.0654
8.07842
8.08277
8.09714
8.10091
8.11512
8.11932
8.13318
8.13696
8.14797
8.15221
8.16827
8.17264
8.18287
8.18664
8.20114
8.2051
8.21829
8.22291
8.23542
8.23952
8.2518
8.25554
8.27021
8.27421
8.28587
8.29
8.30473
8.30841
8.32104
8.32541
8.33892
8.34288
8.35441
8.3584
8.37274
8.37742
8.38788
8.39248
8.40943
8.41423
8.42564
8.42946
8.44355
8.44792
8.46067
8.46541
8.47718
8.48152
8.49283
8.49674
8.51039
8.51439
8.52555
8.53014
8.54414
8.54835
8.56043
8.56439
8.57942
8.58426
8.59342
8.5984
8.61256
8.61697
8.62742
8.63146
8.6464
8.65077
8.66143
8.66587
8.68043
8.68449
8.70244
8.70669
8.71796
8.72192
8.73545
8.74011
8.75186
8.75583
8.76844
8.77337
8.78543
8.79015
8.80043
8.8045
8.81764
8.82127
8.83421
8.83826
8.85043
8.85435
8.86773
8.87177
8.88454
8.8893
8.9011
8.90548
8.91944
8.92389
8.93642
8.94081
8.95317
8.95748
8.96917
8.97369
8.98643
8.99035
9.00516
9.00917
9.02258
9.02742
9.04271
9.04645
9.05957
9.06335
9.07843
9.08253
9.09314
9.09696
9.11124
9.11545
9.12731
9.13239
9.1458
9.14987
9.16244
9.16665
9.18084
9.18506
9.1962
9.20029
9.21644
9.22038
9.23249
9.23642
9.25098
9.25533
9.26958
9.27325
9.28526
9.28927
9.30203
9.30611
9.31944
9.32382
9.33644
9.34054
9.35423
9.35861
9.37062
9.37503
9.38843
9.39263
9.41156
9.41584
9.42997
9.4344
9.44779
9.45188
9.46373
9.46796
9.48269
9.4866
9.49794
9.50216
9.51695
9.52094
9.53344
9.53763
9.55197
9.55682
9.56728
9.57151
9.58832
9.59209
9.60301
9.60741
9.62191
9.62628
9.64196
9.64592
9.66075
9.66504
9.68581
9.68985
9.70479
9.70913
9.71309
9.72739
9.73175
9.75389
9.75825
9.78042
9.78478
9.79932
9.80358
9.80772
9.82543
9.82996
9.85065
9.85483
9.8665
9.87092
9.87493
9.87891
9.89197
9.89633
9.91842
9.9229
9.93689
9.94059
9.95476
9.95904
9.97263
9.97678
9.99024
9.99427
10.007
10.0111
10.0262
10.0303
10.0466
10.0504
10.0667
10.0704
10.09
10.0936
10.1113
10.1153
10.1307
10.1345
10.1509
10.1545
10.1676
10.1713
10.1867
10.1906
10.2031
10.2073
10.2244
10.2282
10.2429
10.2466
10.26
10.2642
10.2755
10.2795
10.2926
10.2963
10.3085
10.3123
10.3258
10.3299
10.3425
10.3468
10.3606
10.3644
10.3764
10.3804
10.3948
10.3989
10.4108
10.4149
10.4283
10.4325
10.4451
10.4495
10.4616
10.4654
10.478
10.4822
10.4958
10.4998
10.5116
10.5158
10.5297
10.5335
10.5459
10.5495
10.5624
10.5664
10.579
10.5832
10.5948
10.5984
10.6099
10.6136
10.6281
10.6321
10.6429
10.6473
10.6621
10.6657
10.6785
10.6825
10.6974
10.701
10.7144
10.7186
10.7316
10.7354
10.7472
10.7515
10.7661
10.7699
10.7813
10.7851
10.799
10.8027
10.8154
10.8196
10.8318
10.8356
10.8472
10.8508
10.8656
10.8692
10.8805
10.8845
10.9014
10.9053
10.9165
10.9206
10.9346
10.939
10.9513
10.9558
10.9689
10.9726
10.9855
10.9894
11.0026
11.0063
11.0179
11.0215
11.0373
11.0415
11.0547
11.0586
11.0709
11.0752
11.0874
11.0914
11.1086
11.1129
11.1271
11.1313
11.1433
11.1473
11.161
11.165
11.1768
11.181
11.1954
11.1994
11.2112
11.2154
11.231
11.2347
11.2469
11.2507
11.2655
11.2699
11.2811
11.2851
11.3026
11.3067
11.3187
11.3228
11.3368
11.3404
11.3531
11.3572
11.3717
11.3757
11.3886
11.3925
11.4096
11.4133
11.4256
11.4294
11.4453
11.4494
11.4707
11.475
11.4881
11.4918
11.5058
11.5095
11.5205
11.5247
11.5404
11.5447
11.5569
11.5608
11.5763
11.5799
11.5965
11.6009
11.6129
11.6168
11.6318
11.6361
11.6469
11.6513
11.6647
11.669
11.6816
11.6857
11.7008
11.7051
11.7182
11.7226
11.737
11.741
11.7526
11.7562
11.7735
11.7779
11.7898
11.7939
11.8095
11.814
11.827
11.8308
11.8457
11.85
11.8612
11.8652
11.8799
11.8836
11.8958
11.8997
11.9149
11.9189
11.9316
11.9358
11.9498
11.9541
11.9682
11.972
11.9847
11.9886
12.002
12.0063
12.0188
12.0231
12.0358
12.0399
12.0536
12.0575
12.071
12.0755
12.0885
12.0928
12.1108
12.1144
12.1268
12.1304
12.146
12.1497
12.1616
12.1657
12.181
12.1849
12.197
12.201
12.2155
12.2194
12.2314
12.2354
12.2494
12.2538
12.2643
12.2683
12.2837
12.2875
12.299
12.3027
12.3175
12.3211
12.333
12.3372
12.3511
12.3548
12.3669
12.3708
12.3841
12.3885
12.3995
12.4037
12.4177
12.4213
12.4324
12.4365
12.451
12.455
12.4666
12.471
12.4856
12.4894
12.5005
12.5047
12.5196
12.5239
12.5357
12.54
12.5545
12.5583
12.5701
12.5744
12.5878
12.592
12.6045
12.6088
12.6224
12.6265
12.6379
12.6417
12.6584
12.6625
12.6746
12.6785
12.6936
12.6977
12.709
12.713
12.7266
12.7306
12.7426
12.7467
12.759
12.7627
12.7749
12.7787
12.7939
12.7979
12.8095
12.8132
12.8289
12.8332
12.8451
12.8492
12.8629
12.8669
12.8798
12.8838
12.8969
12.9013
12.9133
12.9175
12.9326
12.9366
12.9487
12.9526
12.9667
12.971
12.9864
12.9903
13.0026
13.0063
13.0228
13.0271
13.0409
13.0447
13.0589
13.0631
13.0749
13.0792
13.0958
13.1
13.1171
13.1209
13.1337
13.1376
13.1513
13.1553
13.1674
13.1713
13.1847
13.1891
13.202
13.2057
13.2198
13.2234
13.2369
13.241
13.2554
13.2595
13.2709
13.2747
13.2907
13.2947
13.3071
13.3107
13.3274
13.3316
13.3434
13.3483
13.3623
13.3661
13.3774
13.3813
13.3974
13.4014
13.4123
13.4166
13.43
13.4341
13.4474
13.4523
13.4642
13.4686
13.4804
13.4994
13.5044
13.5154
13.5191
13.5344
13.5384
13.5499
13.5544
13.5683
13.572
13.5844
13.5888
13.6021
13.6065
13.6174
13.6226
13.6358
13.6401
13.652
13.6561
13.6716
13.6753
13.688
13.6922
13.7066
13.7105
13.7244
13.7283
13.7408
13.7451
13.7575
13.762
13.7751
13.7787
13.7918
13.7955
13.8106
13.8147
13.8279
13.8317
13.8446
13.8484
13.862
13.8661
13.8778
13.8821
13.895
13.899
13.9119
13.9157
13.9285
13.9327
13.9462
13.9501
13.9617
13.9654
13.9822
13.9863
14.0008
14.0048
14.0168
14.0207
14.0362
14.0399
14.0517
14.0559
14.0712
14.0752
14.087
14.0912
14.1117
14.116
14.129
14.1332
14.1454
14.1497
14.1612
14.1654
14.1785
14.1827
14.1932
14.197
14.2131
14.2175
14.2304
14.2346
14.2484
14.2532
14.2648
14.2691
14.2838
14.2876
14.3003
14.3044
14.3178
14.3222
14.3338
14.3381
14.3514
14.3558
14.3676
14.3718
14.384
14.3882
14.4024
14.4061
14.4177
14.4213
14.4348
14.439
14.4504
14.4544
14.4669
14.4711
14.4868
14.4911
14.5018
14.5055
14.5194
14.5239
14.536
14.5401
14.5524
14.5567
14.5704
14.5753
14.5862
14.5911
14.6041
14.6084
14.6213
14.6257
14.6373
14.6417
14.6534
14.6585
14.6701
14.6738
14.6867
14.691
14.7048
14.709
14.7188
14.7227
14.7357
14.7395
14.7525
14.7563
14.7694
14.7732
14.7869
14.7913
14.8026
14.8068
14.8214
14.8259
14.843
14.847
14.859
14.8634
14.8784
14.8821
14.8943
14.8982
14.9127
14.9166
14.9278
14.9327
14.9502
14.9544
14.9657
14.9695
14.9837
14.9881
14.9991
15.0034
15.0184
15.0232
15.034
15.0386
15.0532
15.0576
15.0694
15.0737
15.0862
15.0912
15.1019
15.1057
15.1097
15.1249
15.1294
15.1414
15.1459
15.1584
15.1635
15.176
15.1802
15.192
15.1962
15.209
15.2141
15.226
15.2299
15.2442
15.2484
15.26
15.2644
15.2784
15.2828
15.2944
15.2992
15.3118
15.3158
15.3284
15.3327
15.3482
15.3525
15.3642
15.3687
15.3823
15.3861
15.3973
15.4014
15.4147
15.419
15.4304
15.4342
15.4492
15.4535
15.4653
15.4701
15.4854
15.4899
15.5009
15.5048
15.5204
15.5252
15.5359
15.5402
15.5552
15.5592
15.5724
15.576
15.591
15.5953
15.6065
15.6109
15.6264
15.6305
15.6419
15.6458
15.6599
15.6644
15.6798
15.6842
15.6953
15.6995
15.7137
15.718
15.7323
15.7364
15.7501
15.754
15.7658
15.7706
15.7855
15.7892
15.8013
15.8052
15.8207
15.8251
15.8358
15.8403
15.8554
15.8597
15.8708
15.875
15.8891
15.8938
15.9047
15.9089
15.924
15.9281
15.9396
15.9439
15.9584
15.9623
15.9741
15.9784
15.993
15.9974
16.009
16.0128
16.027
16.0322
16.0434
16.0472
16.0644
16.0684
16.0798
16.0841
16.0984
16.1025
16.1199
16.1241
16.138
16.1418
16.1574
16.1618
16.1736
16.1783
16.1909
16.1946
16.2071
16.2114
16.2284
16.2324
16.2447
16.2484
16.2638
16.2681
16.2824
16.2869
16.2991
16.303
16.3158
16.3204
16.3354
16.3398
16.3516
16.3557
16.3691
16.3735
16.387
16.391
16.4034
16.4078
16.4213
16.4254
16.4376
16.4417
16.4571
16.4615
16.473
16.4766
16.4931
16.4967
16.5084
16.5133
16.5294
16.534
16.5457
16.5496
16.5636
16.568
16.5792
16.5834
16.5979
16.6022
16.6144
16.6185
16.6343
16.6387
16.6488
16.653
16.6668
16.6711
16.6864
16.6906
16.7022
16.7066
16.7187
16.7227
16.7352
16.7399
16.7519
16.7556
16.7706
16.7749
16.7872
16.7913
16.8038
16.8082
16.8227
16.8271
16.8368
16.8405
16.8544
16.8581
16.8706
16.8752
16.8874
16.8918
16.9054
16.9103
16.9216
16.9254
16.939
16.9434
16.9584
16.9625
16.9744
16.9783
16.9934
16.9975
17.0093
17.0138
17.0294
17.0336
17.0455
17.0496
17.0644
17.068
17.0791
17.0839
17.0991
17.1033
17.1073
17.1202
17.1242
17.1385
17.1425
17.1573
17.1618
17.1724
17.1762
17.1896
17.1939
17.2066
17.2107
17.2239
17.2277
17.2412
17.2451
17.2581
17.2623
17.2749
17.2789
17.2918
17.2964
17.3091
17.3141
17.327
17.331
17.3433
17.3474
17.3645
17.3688
17.3802
17.385
17.4005
17.4048
17.4166
17.4206
17.4361
17.4405
17.4528
17.4567
17.4717
17.4759
17.4888
17.4928
17.5082
17.5122
17.5251
17.5289
17.5434
17.5478
17.562
17.5666
17.5793
17.5837
17.5991
17.6033
17.6154
17.6194
17.6344
17.6385
17.6504
17.6546
17.6697
17.6739
17.6857
17.6899
17.7054
17.7095
17.7216
17.7259
17.7405
17.7444
17.7577
17.7624
17.775
17.7788
17.7912
17.7957
17.8093
17.8132
17.8256
17.8301
17.8437
17.8486
17.8601
17.864
17.8794
17.8843
17.8957
17.8998
17.9134
17.918
17.9305
17.9344
17.9484
17.9528
17.9634
17.9671
17.9804
17.9855
17.9973
18.0016
18.0148
18.0192
18.0313
18.0358
18.0493
18.0536
18.0703
18.0745
18.0866
18.0904
18.1132
18.1169
18.1298
18.1338
18.1468
18.1506
18.1628
18.1666
18.1793
18.1953
18.1994
18.2139
18.218
18.2296
18.2339
18.2488
18.2531
18.2658
18.27
18.2852
18.2892
18.3008
18.3057
18.3195
18.3236
18.3357
18.3397
18.3549
18.3592
18.3706
18.3749
18.3909
18.3952
18.4073
18.4118
18.4263
18.4302
18.4431
18.4471
18.4591
18.463
18.4756
18.48
18.4934
18.4984
18.5098
18.5291
18.5335
18.5462
18.5505
18.563
18.5672
18.5813
18.5858
18.5976
18.6144
18.6185
18.6334
18.6379
18.6494
18.6545
18.6672
18.6715
18.6839
18.6883
18.7002
18.7042
18.7196
18.7234
18.7364
18.7403
18.7561
18.7724
18.7764
18.7892
18.7932
18.8061
18.81
18.8264
18.8312
18.8423
18.846
18.8617
18.866
18.8776
18.8813
18.8972
18.9013
18.9127
18.9168
18.9324
18.9373
18.949
18.9534
18.9674
18.9718
18.9835
18.9878
19.0038
19.0078
19.0201
19.024
19.0389
19.0431
19.0553
19.0592
19.0723
19.0759
19.0912
19.0954
19.1059
19.1096
19.1233
19.1273
19.1397
19.1441
19.1563
19.1606
19.1746
19.179
19.1923
19.1964
19.2096
19.2139
19.229
19.2338
19.2456
19.2498
19.2648
19.2691
19.2809
19.2852
19.3013
19.3054
19.3175
19.3212
19.3374
19.3414
19.3539
19.3585
19.3725
19.3768
19.388
19.3917
19.4064
19.4104
19.4241
19.4288
19.4404
19.4446
19.4574
19.4614
19.4752
19.4794
19.4934
19.4975
19.5115
19.5163
19.5299
19.5341
19.5466
19.5504
19.5668
19.5714
19.5848
19.5888
19.6037
19.608
19.6198
19.624
19.6391
19.6442
19.6545
19.6591
19.676
19.6801
19.6933
19.697
19.7124
19.7162
19.7297
19.7338
19.7476
19.7519
19.7667
19.7708
19.7833
19.7877
19.8022
19.8061
19.8191
19.8227
19.8394
19.8438
19.8566
19.8604
19.8753
19.8796
19.8914
19.8957
19.9108
19.9157
19.9277
19.9318
19.9484
19.9525
19.9655
19.9695
19.9823
19.9864
20.0033
20.007
20.021
20.025
20.0428
20.0471
20.0664
20.0704
20.0864
20.0904
20.1042
20.108
20.1214
20.1259
20.138
20.1424
20.1544
20.1585
20.1735
20.1777
20.1893
20.1937
20.209
20.2129
20.2263
20.2305
20.2472
20.2513
20.2652
20.269
20.2823
20.2866
20.2996
20.3035
20.3182
20.3219
20.3386
20.3427
20.3555
20.3595
20.3766
20.3803
20.3935
20.3972
20.4148
20.4188
20.4356
20.4397
20.4518
20.4557
20.4726
20.4765
20.4907
20.4949
20.5113
20.5157
20.5281
20.5318
20.5481
20.5518
20.5654
20.5694
20.5847
20.5886
20.604
20.608
20.6229
20.6271
20.6493
20.6535
20.6658
20.6695
20.6857
20.6895
20.7072
20.7112
20.7256
20.7296
20.7451
20.7489
20.7616
20.7657
20.7813
20.7849
20.7988
20.8025
20.8187
20.8225
20.8351
20.8394
20.8544
20.8586
20.8726
20.8762
20.892
20.8963
20.9115
20.9157
20.9285
20.9323
20.9495
20.9531
20.9656
20.97
20.9845
20.9884
21.004
21.0085
21.0204
21.0245
21.0379
21.0421
21.0564
21.0605
21.0732
21.0774
21.0908
21.095
21.1091
21.1134
21.1271
21.1311
21.1466
21.1502
21.1631
21.1671
21.1816
21.1856
21.198
21.2023
21.217
21.2208
21.2329
21.2368
21.2528
21.2568
21.2686
21.2729
21.2863
21.2905
21.3048
21.3091
21.3205
21.3241
21.3366
21.3411
21.3539
21.3578
21.3703
21.3746
21.3885
21.3922
21.4041
21.4083
21.4219
21.4259
21.4402
21.4444
21.4564
21.4604
21.4739
21.478
21.4916
21.4956
21.5085
21.5126
21.5258
21.5301
21.5435
21.5479
21.5606
21.5645
21.5809
21.5846
21.597
21.6014
21.6169
21.6206
21.6329
21.6367
21.6519
21.6558
21.6687
21.6727
21.687
21.6912
21.703
21.7072
21.7229
21.7272
21.739
21.7432
21.7589
21.7632
21.7754
21.7793
21.7939
21.7977
21.812
21.8162
21.829
21.8329
21.8466
21.8506
21.8639
21.8682
21.8823
21.8868
21.8989
21.9026
21.9189
21.9227
21.9348
21.9395
21.9559
21.9595
21.9725
21.9764
21.9916
21.9956
22.01
22.0142
22.0269
22.0309
22.0457
22.0501
22.0629
22.0669
22.0807
22.0845
22.0982
22.1022
22.1158
22.1198
22.1347
22.139
22.1541
22.1582
22.1707
22.1743
22.19
22.1943
22.2069
22.2111
22.2258
22.2296
22.242
22.2464
22.2614
22.2656
22.2767
22.2808
22.297
22.3008
22.3138
22.3177
22.3319
22.3361
22.3493
22.353
22.367
22.3714
22.3844
22.3884
22.4016
22.4058
22.4193
22.4235
22.4359
22.4403
22.4549
22.4588
22.4715
22.4755
22.4901
22.494
22.5059
22.51
22.5267
22.5308
22.5428
22.5469
22.5622
22.5661
22.5787
22.583
22.5999
22.6037
22.6169
22.6206
22.6362
22.6398
22.6544
22.6583
22.6716
22.6758
22.6912
22.6951
22.7077
22.7119
22.7266
22.7303
22.7424
22.7464
22.7631
22.7672
22.7803
22.784
22.799
22.8033
22.8148
22.8185
22.8336
22.8377
22.8508
22.8546
22.8702
22.8745
22.888
22.8923
22.9049
22.909
22.9254
22.9298
22.9425
22.9467
22.9619
22.9659
22.9781
22.9819
22.997
23.0012
23.013
23.0172
23.0316
23.0356
23.0484
23.0525
23.068
23.0716
23.0837
23.0877
23.1047
23.1085
23.1233
23.1273
23.1406
23.1446
23.1605
23.1646
23.1782
23.1822
23.1971
23.2014
23.2131
23.2175
23.2328
23.2367
23.2482
23.2519
23.2678
23.272
23.2847
23.2888
23.3035
23.3072
23.3192
23.3232
23.338
23.3417
23.355
23.3596
23.3737
23.3777
23.3902
23.3946
23.4085
23.4122
23.4276
23.4314
23.4437
23.4475
23.4636
23.4674
23.4807
23.4843
23.5007
23.5043
23.5172
23.5212
23.5378
23.542
23.5553
23.5597
23.5747
23.5788
23.5926
23.5965
23.6097
23.6141
23.6306
23.6349
23.6467
23.651
23.667
23.671
23.6824
23.6862
23.702
23.7062
23.7178
23.7215
23.737
23.7407
23.7545
23.7583
23.7734
23.7776
23.7902
23.7944
23.8097
23.8136
23.826
23.8305
23.8456
23.8496
23.8674
23.8713
23.8841
23.8881
23.9039
23.9081
23.9197
23.9234
23.9394
23.9434
23.959
23.9626
23.9771
23.981
23.9932
23.9971
24.0128
24.0171
24.0288
24.0332
24.0486
24.0524
24.0703
24.074
24.0872
24.0916
24.1067
24.1108
24.1239
24.1277
24.143
24.1469
24.1601
24.1637
24.1776
24.1813
24.1944
24.1982
24.2137
24.2174
24.2307
24.235
24.2499
24.2534
24.2728
24.2767
24.2878
24.292
24.3066
24.3103
24.3251
24.3288
24.3441
24.348
24.3609
24.3648
24.3819
24.3856
24.3988
24.4025
24.4172
24.4209
24.4372
24.441
24.456
24.4602
24.4757
24.4794
24.4958
24.4994
24.5146
24.5187
24.5321
24.5363
24.5499
24.5539
24.568
24.5723
24.5844
24.5884
24.6026
24.6068
24.6201
24.6244
24.64
24.6445
24.6569
24.6613
24.678
24.6821
24.6944
24.6982
24.714
24.7181
24.7311
24.735
24.7484
24.7526
24.7645
24.7686
24.7827
24.7871
24.7988
24.8031
24.8182
24.8223
24.835
24.8391
24.8531
24.8568
24.8709
24.8754
24.8881
24.892
24.9097
24.9136
24.9269
24.9313
24.9466
24.9505
24.9636
24.9673
24.9827
24.9866
24.9994
25.0034
25.0189
25.0226
25.0358
25.0404
25.0531
25.057
25.0714
25.0756
25.0887
25.0932
25.1071
25.1108
25.1257
25.13
25.146
25.15
25.1627
25.1669
25.1829
25.1869
25.1986
25.2029
25.2177
25.2213
25.2338
25.2382
25.253
25.2574
25.2726
25.2768
25.2896
25.2935
25.3066
25.3104
25.3237
25.3279
25.3409
25.3447
25.3598
25.3639
25.3832
25.3871
25.4009
25.4048
25.4201
25.424
25.437
25.4408
25.4558
25.4601
25.4723
25.4761
25.4905
25.4945
25.5065
25.5106
25.527
25.5306
25.5448
25.5491
25.5627
25.5666
25.5804
25.5843
25.6003
25.6043
25.6181
25.622
25.6412
25.6454
25.6636
25.683
25.6868
25.7043
25.7085
25.7235
25.7277
25.7462
25.75
25.7665
25.7709
25.7839
25.7877
25.8032
25.807
25.8201
25.8238
25.8388
25.843
25.8562
25.86
25.8749
25.879
25.8931
25.8976
25.9111
25.9151
25.93
25.9344
25.9468
25.9512
25.967
25.9712
25.9845
25.9888
26.003
26.0072
26.0201
26.024
26.0394
26.0433
26.0557
26.0601
26.0748
26.0785
26.0924
26.0964
26.1127
26.117
26.1321
26.1362
26.1496
26.1538
26.1702
26.174
26.1868
26.1907
26.2051
26.2093
26.2222
26.2261
26.2418
26.246
26.2593
26.2636
26.278
26.282
26.2957
26.2997
26.3152
26.3189
26.3339
26.3382
26.3517
26.3558
26.3727
26.3766
26.3917
26.3958
26.4109
26.415
26.428
26.4319
26.4491
26.4535
26.4665
26.4703
26.485
26.4887
26.5057
26.5096
26.523
26.5272
26.543
26.5472
26.5598
26.5641
26.58
26.584
26.596
26.6001
26.6162
26.6201
26.6348
26.6387
26.6524
26.6562
26.6714
26.6756
26.6909
26.6946
26.7125
26.7163
26.7301
26.7339
26.7517
26.7555
26.772
26.7765
26.7919
26.7972
26.8125
26.8289
26.8332
26.8471
26.8633
26.8676
26.8836
26.8876
26.8997
26.9037
26.9198
26.9237
26.9389
26.943
26.9549
26.959
26.9742
26.9782
26.9909
26.995
27.0105
27.0143
27.0263
27.0303
27.0469
27.0511
27.0628
27.0671
27.0822
27.0863
27.0995
27.1032
27.1189
27.1232
27.1362
27.1401
27.154
27.1577
27.1714
27.1753
27.1899
27.1937
27.2092
27.213
27.2261
27.2298
27.2469
27.2506
27.2643
27.2683
27.2874
27.2915
27.3081
27.3123
27.333
27.3371
27.3559
27.3603
27.3767
27.3804
27.3991
27.4028
27.4217
27.441
27.4452
27.4626
27.4668
27.4832
27.4869
27.5043
27.5267
27.531
27.5504
27.5543
27.5736
27.5774
27.5985
27.6022
27.6208
27.6407
27.6446
27.66
27.6638
27.6771
27.6814
27.6976
27.7144
27.7183
27.7344
27.7383
27.7507
27.7543
27.7712
27.7751
27.7896
27.7937
27.8077
27.812
27.8272
27.8312
27.8463
27.8505
27.8661
27.8705
27.8833
27.8873
27.9041
27.9081
27.9215
27.9259
27.9405
27.9442
27.959
27.9626
27.9772
27.981
27.9974
28.0011
28.0154
28.0195
28.0358
28.0395
28.0568
28.0612
28.075
28.0788
28.0946
28.0988
28.1139
28.118
28.1353
28.1396
28.1526
28.1565
28.1733
28.1773
28.1929
28.1973
28.2114
28.2157
28.2291
28.2334
28.2478
28.2518
28.2683
28.2859
28.2902
28.307
28.3111
28.3242
28.3279
28.3458
28.3495
28.3642
28.368
28.3838
28.388
28.4017
28.4058
28.4207
28.4248
28.4407
28.4456
28.4579
28.4617
28.4761
28.4801
28.4932
28.497
28.5133
28.517
28.5339
28.5379
28.5523
28.5562
28.5723
28.5902
28.5939
28.6081
28.6123
28.6258
28.6299
28.6457
28.65
28.6631
28.6668
28.6836
28.6876
28.701
28.7214
28.7252
28.7396
28.7436
28.7589
28.7629
28.7775
28.7813
28.7947
28.7997
28.817
28.8213
28.8343
28.8383
28.8542
28.8582
28.872
28.8759
28.8916
28.8958
28.9111
28.9153
28.928
28.9319
28.948
28.9519
28.9649
28.9688
28.9843
28.988
29.0011
29.0048
29.02
29.024
29.0376
29.0417
29.058
29.0617
29.077
29.0811
29.0949
29.0985
29.1167
29.121
29.1333
29.137
29.1538
29.1578
29.1719
29.1763
29.1942
29.1979
29.2137
29.2179
29.2307
29.2503
29.2539
29.2676
29.2732
29.2897
29.294
29.3071
29.3108
29.3275
29.3316
29.3441
29.3485
29.3648
29.3685
29.3833
29.3877
29.4027
29.407
29.4225
29.4262
29.4404
29.4446
29.4605
29.4772
29.4814
29.4985
29.5022
29.5159
29.5199
29.536
29.5399
29.5549
29.5591
29.5737
29.5775
29.5932
29.5976
29.6109
29.6153
29.6317
29.636
29.6512
29.6553
29.6699
29.6745
29.6887
29.6929
29.7067
29.7105
29.7259
29.7301
29.7446
29.749
29.7656
29.7698
29.7826
29.7866
29.8035
29.8075
29.8219
29.8259
29.841
29.8452
29.8599
29.8637
29.877
29.8812
29.8991
29.9028
29.9179
29.9221
29.939
29.9428
29.9571
29.9613
29.9778
29.9821
29.9988
30.003
30.0158
30.0197
30.0378
30.0422
30.0562
30.0598
30.0802
30.0838
30.1003
30.1047
30.1203
30.1239
30.1421
30.1463
30.1592
30.1631
30.1795
30.1831
30.1978
30.2016
30.2193
30.2233
30.2412
30.2449
30.2583
30.2625
30.2761
30.2801
30.2942
30.2987
30.3127
30.317
30.3295
30.3338
30.3483
30.3522
30.3677
30.3714
30.3893
30.393
30.4088
30.4131
30.4253
30.4291
30.446
30.45
30.462
30.466
30.4806
30.4844
30.4973
30.5013
30.517
30.5212
30.5345
30.5389
30.553
30.5573
30.5736
30.5889
30.5926
30.6089
30.6125
30.6252
30.6294
30.6438
30.6478
30.6609
30.6648
30.6804
30.6847
30.6967
30.7007
30.7159
30.7199
30.7319
30.736
30.7511
30.7552
30.7683
30.7721
30.7887
30.7928
30.8066
30.8105
30.8254
30.8297
30.8429
30.8467
30.8602
30.8769
30.881
30.8963
30.9002
30.9152
30.9194
30.9323
30.9363
30.951
30.9547
30.9671
30.9707
30.9857
30.99
31.0013
31.0052
31.0211
31.0252
31.038
31.042
31.057
31.0612
31.0744
31.0781
31.0946
31.0989
31.1121
31.1157
31.1316
31.1358
31.1519
31.1559
31.1701
31.1742
31.1878
31.1918
31.2036
31.2209
31.2247
31.2372
31.2549
31.2591
31.2723
31.2759
31.29
31.2944
31.306
31.3096
31.325
31.3289
31.3419
31.3456
31.3614
31.3788
31.3825
31.3981
31.4025
31.4144
31.4186
31.4339
31.4378
31.4502
31.4546
31.4707
31.4746
31.4886
31.4932
31.506
31.5098
31.5235
31.5276
31.541
31.5451
31.5595
31.5637
31.5769
31.5812
31.5961
31.6005
31.613
31.6172
31.635
31.6389
31.651
31.6549
31.671
31.6749
31.6871
31.691
31.7065
31.7101
31.7246
31.7287
31.742
31.7462
31.7638
31.7679
31.78
31.7839
31.8007
31.8047
31.8177
31.8216
31.8376
31.8416
31.8542
31.8584
31.8738
31.8776
31.8902
31.8945
31.9098
31.9137
31.9285
31.9322
31.9449
31.9489
31.9638
31.9683
31.9817
31.9859
32.002
32.0058
32.0196
32.0237
32.038
32.0419
32.0551
32.0595
32.0743
32.0779
32.0909
32.0948
32.1105
32.1148
32.1284
32.1325
32.145
32.1492
32.1613
32.1653
32.1785
32.1829
32.1942
32.1981
32.212
32.2157
32.2295
32.2334
32.247
32.251
32.2644
32.2688
32.2853
32.2895
32.3058
32.3095
32.3254
32.3295
32.3468
32.3512
32.3659
32.3696
32.3848
32.3888
32.401
32.4049
32.4181
32.4224
32.4354
32.4394
32.4529
32.4569
32.4707
32.4745
32.4876
32.4914
32.5074
32.5116
32.5265
32.5307
32.5468
32.5506
32.5641
32.5683
32.5836
32.5875
32.6009
32.6051
32.6181
32.622
32.635
32.6388
32.6527
32.6564
32.6693
32.6733
32.6862
32.6901
32.7024
32.7061
32.7218
32.7261
32.7388
32.7431
32.7567
32.7606
32.774
32.7782
32.7919
32.7958
32.81
32.8143
32.826
32.8303
32.8446
32.8487
32.8647
32.8688
32.884
32.888
32.9009
32.9048
32.921
32.9248
32.9376
32.9417
32.9552
32.9593
32.9716
32.9753
32.9921
32.9961
33.0097
33.0138
33.0281
33.0322
33.0482
33.0522
33.0643
33.0682
33.0857
33.0899
33.1032
33.1075
33.1237
33.1275
33.143
33.1469
33.1609
33.1652
33.179
33.183
33.1967
33.2004
33.2168
33.2205
33.2343
33.2381
33.2541
33.2582
33.2706
33.275
33.2899
33.2942
33.3066
33.3112
33.328
33.3318
33.3454
33.3496
33.3637
33.3679
33.383
33.3873
33.4001
33.4039
33.4219
33.4256
33.4381
33.4424
33.4578
33.4616
33.4739
33.4776
33.4932
33.4969
33.5099
33.5138
33.5298
33.5337
33.547
33.5514
33.565
33.569
33.5819
33.586
33.5999
33.6042
33.6173
33.6211
33.6334
33.6371
33.6525
33.6564
33.6688
33.6731
33.69
33.694
33.7066
33.7108
33.7268
33.7309
33.7446
33.7485
33.7619
33.7661
33.78
33.7838
33.7979
33.8021
33.8175
33.8214
33.8361
33.8398
33.8564
33.8606
33.8729
33.8767
33.8934
33.8975
33.9109
33.9151
33.9288
33.9327
33.9466
33.9506
33.964
33.968
33.9819
33.9857
33.9985
34.0024
34.0178
34.0217
34.0343
34.0385
34.0551
34.0593
34.0728
34.077
34.0917
34.0954
34.1091
34.113
34.1289
34.133
34.1458
34.1499
34.1655
34.1699
34.1825
34.1867
34.2028
34.2068
34.2254
34.2292
34.2425
34.2468
34.2637
34.2676
34.2809
34.2853
34.3002
34.3045
34.317
34.3213
34.3381
34.3421
34.3562
34.3598
34.3733
34.3774
34.3909
34.3951
34.4089
34.4127
34.4263
34.4303
34.4459
34.4495
34.4668
34.4711
34.4861
34.4904
34.5076
34.512
34.5258
34.5296
34.545
34.5488
34.5628
34.5665
34.5812
34.5849
34.5988
34.6025
34.6178
34.6218
34.6389
34.6426
34.6562
34.6602
34.6765
34.6802
34.694
34.6979
34.7127
34.7171
34.7296
34.7341
34.7479
34.7516
34.7647
34.7692
34.7845
34.7884
34.8019
34.8062
34.8207
34.8244
34.8419
34.8461
34.8597
34.8637
34.879
34.883
34.8969
34.9006
34.9147
34.919
34.9317
34.9359
34.9498
34.9535
34.9674
34.9711
34.9849
34.9887
35.003
35.0071
35.023
35.0272
35.0448
35.0488
35.0615
35.0656
35.0826
35.0865
35.1017
35.1059
35.1215
35.1257
35.1419
35.1457
35.1591
35.1634
35.1773
35.1818
35.1947
35.1986
35.2147
35.2186
35.2327
35.2372
35.2497
35.2668
35.2707
35.285
35.2892
35.3025
35.3068
35.321
35.3252
35.3405
35.3444
35.36
35.3636
35.3795
35.3837
35.3966
35.4005
35.418
35.4221
35.4345
35.4382
35.4539
35.4582
35.4762
35.4798
35.4941
35.4983
35.514
35.5182
35.5331
35.5375
35.553
35.5567
35.5693
35.5735
35.5866
35.5904
35.6031
35.6072
35.6221
35.6264
35.64
35.6441
35.6573
35.6616
35.6766
35.6809
35.694
35.6977
35.714
35.7178
35.7316
35.7354
35.7507
35.7546
35.767
35.7706
35.7871
35.7906
35.804
35.8084
35.8225
35.8267
35.8407
35.8445
35.8608
35.8651
35.881
35.8852
35.8985
35.9028
35.9182
35.922
35.9356
35.9397
35.9547
35.9589
35.9714
35.9758
35.9903
35.9942
36.008
36.0118
36.0287
36.0326
36.0498
36.0534
36.0665
36.0703
36.0873
36.0911
36.1045
36.1087
36.1262
36.1303
36.1433
36.1472
36.1619
36.1656
36.1818
36.1856
36.1992
36.2033
36.2195
36.2233
36.2364
36.2401
36.2561
36.2601
36.2735
36.2778
36.2929
36.297
36.31
36.3138
36.3307
36.3346
36.3489
36.3536
36.3676
36.3715
36.3889
36.3931
36.4066
36.4108
36.4248
36.4291
36.442
36.446
36.4601
36.4645
36.4767
36.4805
36.4952
36.4989
36.5125
36.5165
36.5314
36.5357
36.5511
36.5551
36.5685
36.5728
36.5901
36.5942
36.61
36.6142
36.6299
36.6343
36.6463
36.6503
36.6671
36.6711
36.6849
36.6889
36.7031
36.7072
36.723
36.7276
36.7403
36.744
36.7619
36.7656
36.779
36.7833
36.8
36.8041
36.8168
36.821
36.8356
36.8394
36.858
36.8618
36.876
36.8802
36.8959
36.9002
36.9137
36.9179
36.9326
36.9363
36.9502
36.9539
36.9688
36.9731
36.988
36.9925
37.0053
37.0092
37.0273
37.0316
37.0448
37.0485
37.0646
37.0685
37.0826
37.0869
37.1022
37.1063
37.1209
37.1261
37.14
37.1438
37.16
37.1638
37.1769
37.1807
37.1979
37.2023
37.2168
37.2214
37.2364
37.2407
37.2545
37.2584
37.2718
37.2764
37.2906
37.295
37.3073
37.3113
37.3284
37.3321
37.3444
37.3482
37.3644
37.3694
37.3811
37.385
37.4024
37.4074
37.4212
37.4253
37.4381
37.4419
37.4574
37.4614
37.4745
37.4787
37.4945
37.4988
37.5124
37.5171
37.5318
37.5356
37.5487
37.5524
37.5714
37.5764
37.5894
37.5934
37.609
37.6133
37.6278
37.6317
37.645
37.6505
37.6665
37.6702
37.6834
37.6878
37.7034
37.7081
37.72
37.7239
37.7413
37.7464
37.7592
37.7633
37.7768
37.7808
37.7937
37.7978
37.811
37.8154
37.8279
37.832
37.8475
37.8524
37.865
37.869
37.8834
37.8873
37.904
37.9081
37.9215
37.9258
37.9403
37.9442
37.9577
37.9619
37.9785
37.9834
37.9975
38.0019
38.0154
38.0209
38.0358
38.0395
38.0527
38.0564
38.0745
38.0794
38.0953
38.0996
38.1165
38.1207
38.136
38.1548
38.1588
38.1755
38.1798
38.193
38.1973
38.2152
38.2194
38.2322
38.2366
38.2542
38.2699
38.2742
38.2913
38.2954
38.3086
38.3127
38.3287
38.3327
38.3504
38.3547
38.3675
38.3714
38.3874
38.3912
38.4064
38.4104
38.4232
38.4276
38.4441
38.4486
38.4603
38.4642
38.4801
38.4844
38.4969
38.5014
38.5185
38.5225
38.5345
38.5386
38.5615
38.5658
38.5872
38.5915
38.6047
38.6091
38.6247
38.6291
38.6436
38.6477
38.6622
38.6659
38.6799
38.6836
38.6964
38.7004
38.7176
38.7214
38.7341
38.7381
38.754
38.7582
38.7739
38.7781
38.7917
38.7967
38.8112
38.8152
38.829
38.8333
38.8509
38.8564
38.868
38.8718
38.8916
38.8959
38.9098
38.9135
38.927
38.9313
38.9464
38.9503
38.9657
38.9696
38.9863
38.9904
39.0032
39.0072
39.0268
39.0304
39.0458
39.0497
39.063
39.0673
39.0828
39.0865
39.1007
39.1049
39.1192
39.1234
39.1374
39.1418
39.1574
39.1623
39.174
39.1784
39.1936
39.1979
39.21
39.2139
39.2301
39.234
39.2467
39.2508
39.2677
39.272
39.2851
39.2894
39.3032
39.3069
39.3241
39.3294
39.3424
39.3461
39.3623
39.3671
39.3793
39.384
39.401
39.4054
39.4195
39.4238
39.437
39.4424
39.457
39.4611
39.474
39.4783
39.4953
39.4994
39.5125
39.5168
39.5334
39.5378
39.5507
39.5544
39.5724
39.5764
39.5907
39.5946
39.6084
39.6134
39.6315
39.6363
39.648
39.6521
39.6685
39.6737
39.6865
39.6908
39.7045
39.7083
39.726
39.7304
39.7434
39.748
39.7626
39.7667
39.7795
39.7844
39.7999
39.8044
39.8171
39.8212
39.8365
39.8414
39.8549
39.8589
39.8734
39.8773
39.8952
39.8994
39.9128
39.9174
39.932
39.9357
39.9495
39.9534
39.9692
39.9734
39.9879
39.9924
40.0055
40.0095
40.0277
40.0319
40.0495
40.0535
40.0743
40.0783
40.0922
40.096
40.1155
40.1194
40.1373
40.1417
40.1553
40.1593
40.1754
40.1799
40.1982
40.2024
40.2147
40.2185
40.2354
40.2394
40.2513
40.2554
40.2714
40.2754
40.2877
40.2914
40.3057
40.31
40.3216
40.3258
40.3414
40.3454
40.3569
40.3612
40.375
40.3788
40.392
40.3964
40.4077
40.4122
40.4247
40.4285
40.4424
40.447
40.4586
40.4629
40.477
40.4814
40.492
40.4964
40.5117
40.5158
40.5311
40.5352
40.5474
40.5518
40.5704
40.5744
40.5859
40.5904
40.6057
40.6098
40.622
40.6264
40.6413
40.6456
40.6579
40.662
40.6769
40.681
40.6953
40.6994
40.7144
40.7188
40.7348
40.7385
40.7517
40.7554
40.7728
40.7771
40.7896
40.7944
40.8104
40.8148
40.8267
40.8306
40.8473
40.8516
40.8638
40.8676
40.8802
40.8849
40.8978
40.9023
40.9152
40.9196
40.9304
40.9344
40.9502
40.9544
40.9687
40.9725
40.9866
40.9909
41.0042
41.0088
41.0214
41.0253
41.042
41.0461
41.0573
41.0614
41.0779
41.0822
41.096
41.1
41.1158
41.1199
41.1355
41.14
41.1541
41.1583
41.1742
41.1784
41.1911
41.1952
41.211
41.2152
41.2281
41.232
41.248
41.2521
41.2661
41.2706
41.2838
41.2881
41.3024
41.3066
41.3191
41.3233
41.3401
41.3442
41.3568
41.361
41.3788
41.3826
41.3949
41.3987
41.4146
41.4187
41.4316
41.4357
41.451
41.4547
41.4678
41.4716
41.4858
41.49
41.5054
41.5093
41.5228
41.5269
41.5444
41.5485
41.5609
41.5645
41.5836
41.5877
41.5995
41.6039
41.6079
41.6119
41.6273
41.6311
41.6565
41.6607
41.6777
41.6815
41.6977
41.7033
41.718
41.7226
41.7367
41.7407
41.7574
41.7616
41.7746
41.7784
41.7947
41.7984
41.8122
41.8161
41.8312
41.8353
41.8489
41.8531
41.867
41.8713
41.8863
41.8907
41.9033
41.9074
41.9223
41.9266
41.9398
41.9434
41.9598
41.9635
41.9768
41.9811
41.9978
42.0019
42.015
42.0188
42.0339
42.038
42.0508
42.0548
42.0707
42.0748
42.0888
42.0925
42.1061
42.1101
42.1265
42.1309
42.1437
42.1477
42.1657
42.1693
42.1829
42.187
42.203
42.207
42.219
42.2231
42.2387
42.2431
42.2555
42.26
42.2748
42.2791
42.294
42.2984
42.3119
42.316
42.3321
42.336
42.3489
42.3529
42.3687
42.3729
42.3875
42.3913
42.4061
42.4235
42.4275
42.4426
42.4466
42.461
42.465
42.4799
42.4842
42.5004
42.5042
42.5182
42.5219
42.5387
42.5427
42.5563
42.5603
42.5762
42.5804
42.5938
42.598
42.6138
42.618
42.6374
42.6412
42.655
42.6589
42.6745
42.6781
42.6917
42.6957
42.7119
42.7157
42.7298
42.7342
42.7487
42.7526
42.7689
42.7726
42.7859
42.7903
42.8063
42.8103
42.8221
42.8263
42.841
42.8447
42.8578
42.8616
42.8759
42.88
42.8923
42.896
42.9131
42.9169
42.9308
42.9353
42.9531
42.9569
42.9751
42.994
42.9978
43.0143
43.0186
43.0317
43.0356
43.0509
43.0546
43.0686
43.0868
43.0906
43.1079
43.1122
43.1276
43.1315
43.1476
43.1515
43.1651
43.1692
43.1857
43.1899
43.2051
43.2092
43.222
43.226
43.2413
43.2453
43.259
43.2629
43.2802
43.2845
43.2962
43.3006
43.3166
43.3205
43.3349
43.3392
43.3551
43.359
43.3732
43.3776
43.3914
43.3951
43.4121
43.4159
43.4297
43.4335
43.4498
43.4535
43.4672
43.4712
43.4868
43.4904
43.5063
43.5105
43.5251
43.5288
43.5432
43.5473
43.5615
43.5657
43.5813
43.5849
43.5992
43.6034
43.6198
43.6234
43.6373
43.6411
43.6569
43.661
43.6749
43.6789
43.6922
43.6963
43.7111
43.7147
43.73
43.734
43.7488
43.7532
43.7661
43.77
43.7866
43.7908
43.8052
43.8093
43.8283
43.8325
43.8473
43.8509
43.8676
43.8718
43.8888
43.8926
43.9057
43.9094
43.9259
43.9302
43.9426
43.9462
43.9628
43.9671
43.9795
43.9839
43.9998
44.0039
44.0165
44.0208
44.035
44.0392
44.0531
44.0569
44.0701
44.0744
44.0919
44.0961
44.1094
44.1137
44.1295
44.1337
44.1469
44.1506
44.171
44.1753
44.1888
44.193
44.2077
44.2114
44.2268
44.2307
44.2441
44.2483
44.2657
44.2699
44.2828
44.2867
44.3031
44.3067
44.3206
44.3244
44.3406
44.3444
44.3609
44.3655
44.3783
44.3821
44.3991
44.4029
44.416
44.4198
44.4369
44.4405
44.4556
44.4599
44.4738
44.4774
44.4959
44.4998
44.5128
44.5166
44.5347
44.5383
44.5525
44.5568
44.5725
44.5767
44.5918
44.596
44.609
44.6128
44.6302
44.6344
44.6499
44.6537
44.6691
44.6729
44.6873
44.6913
44.7066
44.7105
44.726
44.7299
44.7437
44.7474
44.7648
44.769
44.7819
44.7858
44.8049
44.809
44.8235
44.8276
44.8419
44.8459
44.8614
44.8652
44.879
44.8828
44.9004
44.9044
44.9172
44.9212
44.9379
44.942
44.9565
44.9605
44.9748
44.9789
44.9954
44.9997
45.0138
45.0182
45.034
45.0382
45.0518
45.0558
45.0721
45.0758
45.0895
45.0935
45.1086
45.1127
45.1329
45.1367
45.15
45.1543
45.1703
45.1743
45.1862
45.1904
45.2059
45.2096
45.2228
45.2265
45.2423
45.2465
45.2637
45.2681
45.2811
45.2849
45.3026
45.3065
45.3199
45.3242
45.3398
45.3442
45.3577
45.362
45.3774
45.381
45.3969
45.4011
45.4148
45.4187
45.4354
45.4395
45.4531
45.4572
45.4738
45.478
45.491
45.4948
45.5106
45.5148
45.5294
45.5333
45.5477
45.5517
45.5682
45.5726
45.5858
45.5902
45.6076
45.6118
45.6249
45.6286
45.645
45.6495
45.6631
45.6671
45.6829
45.6871
45.7015
45.7055
45.7199
45.724
45.7397
45.7561
45.76
45.7761
45.78
45.7931
45.7969
45.8126
45.8169
45.8315
45.8353
45.8498
45.8537
45.8694
45.8738
45.8879
45.8922
45.9097
45.9138
45.9275
45.9314
45.9467
45.9506
45.965
45.9691
45.9842
45.9883
46.0038
46.0216
46.026
46.0423
46.046
46.0596
46.0636
46.0798
46.0836
46.0976
46.1021
46.1191
46.1229
46.1382
46.1422
46.1567
46.1606
46.1753
46.179
46.193
46.1966
46.2147
46.219
46.2325
46.2366
46.2524
46.2567
46.2718
46.2759
46.2916
46.2959
46.3099
46.3136
46.3271
46.3312
46.3479
46.352
46.3662
46.3712
46.3855
46.3905
46.4024
46.4225
46.4269
46.4402
46.4443
46.4589
46.4785
46.4829
46.496
46.5002
46.516
46.5328
46.537
46.5528
46.5579
46.57
46.5739
46.59
46.5945
46.6076
46.6115
46.6263
46.6307
46.6436
46.6476
46.6634
46.6684
46.6818
46.6874
46.7006
46.7054
46.7215
46.7385
46.7421
46.7564
46.7606
46.7745
46.7781
46.794
46.7986
46.8115
46.816
46.8335
46.8376
46.8508
46.856
46.8705
46.8743
46.8906
46.8946
46.9085
46.9128
46.9299
46.9336
46.9463
46.9504
46.9694
46.9845
47.0053
47.0101
47.0223
47.0265
47.0425
47.0467
47.0606
47.0654
47.0795
47.0834
47.1014
47.1174
47.1218
47.1375
47.1424
47.154
47.1579
47.1745
47.1794
47.1938
47.198
47.2126
47.2166
47.2327
47.2501
47.254
47.2697
47.274
47.2888
47.3111
47.3148
47.3375
47.3412
47.3625
47.3668
47.3854
47.3894
47.3932
47.4095
47.4139
47.4364
47.4405
47.4643
47.4685
47.4814
47.4854
47.4894
47.4935
47.5074
47.5118
47.534
47.5383
47.5565
47.5607
47.5794
47.5831
47.606
47.6104
47.6326
47.6367
47.6559
47.66
47.675
47.6792
47.6966
47.7014
47.7179
47.7224
47.7274
47.7423
47.7466
47.7628
47.7671
47.7824
47.7871
47.8011
47.805
47.8185
47.8226
47.8384
47.8426
47.8562
47.8603
47.877
47.8814
47.8963
47.9004
47.9139
47.9179
47.9355
47.9403
47.9519
47.9556
47.9725
47.9773
47.99
47.994
48.0105
48.0154
48.0305
48.0344
48.0485
48.0526
48.0705
48.0741
48.0885
48.0927
48.1094
48.1134
48.1295
48.1334
48.1481
48.1518
48.1707
48.1754
48.1868
48.2091
48.2135
48.2309
48.2352
48.2501
48.2728
48.2768
48.2944
48.2984
48.3144
48.3325
48.3368
48.3525
48.3575
48.3719
48.3764
48.3907
48.3954
48.4105
48.4154
48.4295
48.4345
48.4505
48.4555
48.4695
48.491
48.4964
48.5105
48.5147
48.5295
48.5338
48.5507
48.5681
48.5723
48.5891
48.5934
48.6079
48.6124
48.6285
48.6481
48.6534
48.6687
48.6724
48.6889
48.6932
48.7058
48.7104
48.7251
48.7292
48.7419
48.7461
48.7628
48.7674
48.7845
48.7886
48.8019
48.8223
48.8264
48.8404
48.8446
48.8615
48.879
48.883
48.9005
48.905
48.9175
48.9223
48.9394
48.9438
48.9586
48.9765
48.9812
48.9955
48.9993
49.0121
49.016
49.0335
49.0376
49.0515
49.0553
49.0714
49.0759
49.0883
49.0921
49.1089
49.1278
49.1321
49.1469
49.1514
49.1678
49.1722
49.1855
49.1903
49.2067
49.2108
49.2236
49.2277
49.2436
49.2479
49.2618
49.2659
49.2827
49.2871
49.3045
49.3084
49.3225
49.3272
49.3435
49.348
49.3603
49.3645
49.3809
49.3852
49.3993
49.4038
49.4193
49.4237
49.4408
49.4445
49.4582
49.4622
49.4801
49.4838
49.4973
49.5024
49.517
49.5206
49.5365
49.5413
49.5551
49.5594
49.5775
49.582
49.5955
49.5991
49.6149
49.6192
49.6329
49.6374
49.653
49.6569
49.672
49.677
49.6901
49.6944
49.7115
49.7154
49.7294
49.7338
49.7498
49.7538
49.7671
49.7714
49.7879
49.7934
49.8082
49.8123
49.8274
49.8316
49.8485
49.8524
49.8649
49.8692
49.8841
49.8884
49.9009
49.9052
49.9208
49.9244
49.9391
49.9431
49.9594
49.9642
49.9805
49.9854
49.9978
50.0022
50.0196
50.0243
50.0383
50.0422
50.0604
50.0647
50.0811
50.0856
50.1016
50.1057
50.122
50.1264
50.1484
50.1534
50.1649
50.1687
50.1851
50.1888
50.2018
50.2067
50.2224
50.227
50.2434
50.2474
50.2597
50.2644
50.2796
50.2833
50.2974
50.3017
50.3174
50.3323
50.3362
50.3524
50.3573
50.3693
50.373
50.3887
50.3931
50.4071
50.4116
50.4274
50.4321
50.4434
50.4476
50.4599
50.4635
50.4774
50.4813
50.4974
50.5027
50.5169
50.5212
50.5338
50.5384
50.5549
50.559
50.5724
50.5775
50.5916
50.5958
50.6085
50.6126
50.6302
50.635
50.649
50.6528
50.6705
50.6742
50.6948
50.6991
50.7126
50.7167
50.734
50.7383
50.7541
50.7583
50.7724
50.7768
50.7948
50.7992
50.8117
50.816
50.8317
50.836
50.8492
50.8531
50.8674
50.8713
50.8857
50.8897
50.9047
50.909
50.9289
50.933
50.9458
50.9498
50.966
50.9698
50.9842
50.9883
51.0048
51.0091
51.0298
51.0339
51.0471
51.0515
51.0705
51.0754
51.0898
51.094
51.1064
51.1108
51.1324
51.1369
51.1499
51.1544
51.1689
51.1725
51.1865
51.1902
51.2051
51.2094
51.2228
51.2274
51.2394
51.2438
51.2572
51.2624
51.2752
51.2794
51.2947
51.2991
51.3118
51.3164
51.3329
51.3373
51.3503
51.3544
51.3686
51.3728
51.3855
51.3904
51.405
51.409
51.421
51.4249
51.4411
51.445
51.4581
51.4626
51.4738
51.4778
51.491
51.4955
51.5129
51.517
51.532
51.5363
51.5522
51.5572
51.5709
51.5747
51.5888
51.5932
51.6098
51.6142
51.6281
51.6325
51.6475
51.6516
51.6644
51.6684
51.6845
51.6891
51.7004
51.7045
51.7206
51.7245
51.7372
51.7414
51.7553
51.7594
51.7731
51.7775
51.7908
51.7951
51.8129
51.8167
51.8305
51.8343
51.8497
51.8535
51.8667
51.8703
51.886
51.8904
51.9037
51.9081
51.9206
51.9248
51.9383
51.9426
51.9541
51.9585
51.9709
51.9754
51.9874
51.9913
52.0043
52.0084
52.0225
52.0266
52.0411
52.045
52.0586
52.0627
52.0795
52.084
52.0969
52.1014
52.1168
52.1211
52.1338
52.138
52.1537
52.1582
52.1694
52.1732
52.1892
52.1934
52.2068
52.211
52.2241
52.2288
52.2418
52.2461
52.2618
52.2662
52.2799
52.2838
52.2974
52.3015
52.3178
52.3219
52.3348
52.3391
52.3542
52.3583
52.3714
52.3758
52.3904
52.3944
52.4079
52.4124
52.4252
52.4305
52.4432
52.4472
52.4625
52.4665
52.4835
52.4878
52.5001
52.5041
52.5203
52.5241
52.5371
52.541
52.5568
52.5617
52.573
52.577
52.593
52.5971
52.6108
52.6147
52.629
52.6331
52.6488
52.6532
52.6664
52.6708
52.6865
52.6908
52.7053
52.7092
52.7249
52.7296
52.7413
52.7453
52.7625
52.7661
52.7802
52.7848
52.7995
52.8037
52.8197
52.8237
52.84
52.8438
52.8596
52.8639
52.8762
52.8799
52.8958
52.9002
52.9137
52.9176
52.9312
52.9351
52.9525
52.9578
52.969
52.9728
52.99
52.9945
53.0074
53.0114
53.0276
53.0319
53.0443
53.0482
53.0635
53.0674
53.0815
53.0859
53.1007
53.105
53.1182
53.1226
53.1372
53.141
53.1542
53.1587
53.1735
53.1908
53.1947
53.2099
53.214
53.2273
53.2316
53.2457
53.25
53.2651
53.2694
53.2833
53.288
53.303
53.3068
53.3199
53.3237
53.34
53.3564
53.3605
53.3768
53.3806
53.3949
53.399
53.4133
53.418
53.4326
53.4372
53.4513
53.4551
53.4712
53.4751
53.488
53.492
53.5072
53.524
53.5279
53.5441
53.5489
53.5617
53.5664
53.5805
53.5851
53.5989
53.6033
53.6187
53.6225
53.6394
53.644
53.6558
53.6601
53.6759
53.6809
53.6935
53.6978
53.7135
53.7184
53.7319
53.7362
53.7529
53.757
53.772
53.7765
53.7908
53.7947
53.8113
53.8283
53.8323
53.8484
53.8524
53.867
53.8708
53.8869
53.8909
53.9053
53.9093
53.9237
53.9277
53.9439
53.9477
53.9611
53.9653
53.9808
53.9846
53.9981
54.0022
54.019
54.023
54.0388
54.0432
54.058
54.0623
54.0783
54.0823
54.0969
54.1008
54.1169
54.1207
54.1353
54.1392
54.1567
54.1608
54.1745
54.1785
54.196
54.2001
54.219
54.2233
54.2373
54.2417
54.2599
54.2641
54.2786
54.2826
54.2987
54.3026
54.3217
54.3258
54.34
54.3443
54.3621
54.3659
54.3864
54.3907
54.4049
54.4091
54.427
54.4308
54.4438
54.4476
54.4662
54.47
54.4852
54.4894
54.504
54.5085
54.5249
54.5293
54.5449
54.5493
54.566
54.5701
54.5841
54.5878
54.6049
54.6086
54.6242
54.6278
54.6432
54.647
54.665
54.6686
54.6859
54.6903
54.7044
54.7087
54.7256
54.7296
54.743
54.7472
54.765
54.7688
54.783
54.7872
54.8039
54.808
54.823
54.8273
54.8418
54.8457
54.8636
54.8673
54.8818
54.8857
54.9028
54.9066
54.9196
54.9234
54.9406
54.9443
54.9588
54.9627
54.9763
54.9803
54.9947
54.9988
55.0138
55.0179
55.0333
55.0373
55.0517
55.0556
55.0738
55.078
55.0922
55.0964
55.1126
55.1165
55.1331
55.1374
55.152
55.1557
55.1736
55.1774
55.1918
55.1958
55.2125
55.2166
55.2307
55.235
55.2518
55.2558
55.2745
55.2783
55.2927
55.2967
55.314
55.3183
55.3322
55.3359
55.3515
55.3552
55.3717
55.376
55.3909
55.3953
55.4122
55.416
55.4294
55.4337
55.4506
55.4545
55.4686
55.473
55.4881
55.4921
55.5102
55.5138
55.5281
55.5322
55.5497
