0, 15.0619
1, 6.9654
2, -22.189
3, -7.20827
4, -2.11179
5, -9.18897
6, 3.90751
7, 11.0619
8, -0.0924931
9, 4.00399
10, 22.1584
11, 9.02329
12, -10.1697
13, 17.1005
14, 23.1777
15, 14.1005
16, 4.9654
17, 22.1584
18, 10.0426
19, 13.004
20, 27.197
21, 9.02329
22, 10.9847
23, 19.1391
24, 12.0426
25, 26.197
26, 12.0233
27, 31.197
28, 36.3127
29, 27.1198
30, 33.2741
31, 51.3513
32, 31.2741
33, 28.1777
34, 48.3706
35, 26.2162
36, 23.1777
37, 31.2355
38, 38.3127
39, 40.3127
40, 37.2355
41, 31.2162
42, 41.2741
43, 36.2355
44, 50.3899
45, 45.4092
46, 45.3706
47, 34.2355
48, 46.332
49, 46.4092
50, 53.5057
51, 57.5057
52, 35.332
53, 53.4478
54, 60.4285
55, 52.3706
56, 54.4092
57, 43.3706
58, 51.4285
59, 51.3706
60, 59.4864
61, 60.4671
62, 58.525
63, 55.4671
64, 63.5057
65, 56.4478
66, 66.525
67, 70.6022
68, 62.5636
69, 65.5829
70, 58.4864
71, 67.525
72, 75.6794
73, 76.5636
74, 77.6408
75, 71.6408
76, 73.6794
77, 69.6408
78, 64.5636
79, 71.5829
80, 80.6601
81, 73.5829
82, 76.6794
83, 75.6408
84, 80.718
85, 82.6794
86, 85.7372
87, 86.7372
88, 82.6987
89, 86.718
90, 92.8144
91, 90.853
92, 79.7372
93, 88.7951
94, 92.7758
95, 92.853
96, 87.7758
97, 93.8144
98, 81.6987
99, 91.7372
100, 92.8337
101, 88.7758
102, 90.7758
103, 106.988
104, 97.853
105, 93.8144
106, 93.8723
107, 102.93
108, 103.969
109, 100.892
110, 111.988
111, 99.0074
112, 103.911
113, 113.988
114, 102.892
115, 101.95
116, 105.988
117, 124.104
118, 115.046
119, 115.065
120, 110.969
121, 113.007
122, 117.027
123, 117.085
124, 116.007
125, 122.104
126, 120.065
127, 128.142
128, 124.123
129, 116.046
130, 133.22
131, 128.123
132, 129.2
133, 121.046
134, 127.162
135, 133.22
136, 124.085
137, 127.162
138, 127.085
139, 124.142
140, 136.239
141, 142.316
142, 137.2
143, 130.181
144, 142.316
145, 126.142
146, 147.355
147, 153.432
148, 141.297
149, 141.297
150, 135.258
151, 157.393
152, 143.316
153, 147.335
154, 151.413
155, 149.413
156, 151.393
157, 152.432
158, 162.432
159, 167.548
160, 147.335
161, 161.451
162, 158.451
163, 163.471
164, 154.393
165, 162.509
166, 174.625
167, 154.471
168, 164.432
169, 162.471
170, 177.625
171, 164.49
172, 166.528
173, 164.548
174, 168.567
175, 166.49
176, 173.606
177, 172.586
178, 168.509
179, 182.663
180, 168.548
181, 182.721
182, 185.683
183, 179.663
184, 182.702
185, 184.721
186, 170.528
187, 184.721
188, 192.741
189, 194.779
190, 201.818
191, 185.683
192, 195.818
193, 194.799
194, 194.837
195, 193.76
196, 192.779
197, 191.76
198, 186.663
199, 201.895
200, 209.972
201, 206.914
202, 186.741
203, 198.895
204, 197.76
205, 193.721
206, 202.856
207, 205.934
208, 205.895
209, 200.76
210, 200.837
211, 215.972
212, 207.895
213, 197.818
214, 212.992
215, 201.856
216, 208.953
217, 209.992
218, 214.011
219, 217.069
220, 209.992
221, 209.876
222, 216.03
223, 219.011
224, 217.972
225, 205.934
226, 222.088
227, 226.088
228, 219.011
229, 224.127
230, 234.242
231, 217.972
232, 219.069
233, 230.088
234, 228.165
235, 233.107
236, 231.146
237, 238.165
238, 233.127
239, 237.242
240, 232.107
241, 224.165
242, 237.204
243, 236.204
244, 237.204
245, 228.107
246, 247.281
247, 252.32
248, 235.204
249, 238.204
250, 252.3
251, 239.262
252, 252.281
253, 244.281
254, 245.358
255, 241.223
256, 254.377
257, 260.474
258, 251.3
259, 250.397
260, 255.377
261, 241.223
262, 258.339
263, 270.513
264, 265.416
265, 266.513
266, 260.435
267, 253.358
268, 266.455
269, 249.3
270, 267.416
271, 261.377
272, 261.474
273, 269.493
274, 262.416
275, 275.59
276, 269.513
277, 277.57
278, 270.532
279, 271.532
280, 267.493
281, 273.513
282, 280.57
283, 277.59
284, 270.532
285, 266.493
286, 271.551
287, 268.493
288, 287.609
289, 281.609
290, 278.57
291, 274.532
292, 298.783
293, 286.686
294, 289.705
295, 287.725
296, 287.686
297, 289.686
298, 291.705
299, 293.763
300, 293.744
301, 279.609
302, 295.802
303, 294.802
304, 292.725
305, 296.763
306, 305.86
307, 294.705
308, 299.744
309, 304.86
310, 305.898
311, 298.783
312, 308.898
313, 314.898
314, 314.956
315, 312.898
316, 316.937
317, 320.014
318, 322.995
319, 317.014
320, 309.976
321, 315.014
322, 309.898
323, 318.014
324, 332.111
325, 317.937
326, 306.86
327, 321.014
328, 325.034
329, 318.956
330, 328.072
331, 328.034
332, 325.072
333, 321.956
334, 325.072
335, 318.976
336, 336.111
337, 326.053
338, 327.072
339, 329.072
340, 320.014
341, 326.053
342, 350.265
343, 352.304
344, 344.226
345, 337.169
346, 345.226
347, 349.304
348, 351.246
349, 330.111
350, 340.188
351, 349.265
352, 349.304
353, 336.149
354, 343.188
355, 344.226
356, 334.091
357, 356.323
358, 357.304
359, 353.323
360, 352.323
361, 341.246
362, 348.246
363, 339.149
364, 348.265
365, 362.381
366, 376.516
367, 359.4
368, 353.284
369, 359.362
370, 362.419
371, 355.284
372, 364.458
373, 372.477
374, 359.381
375, 357.381
376, 366.477
377, 367.419
378, 364.419
379, 360.381
380, 357.4
381, 372.555
382, 383.612
383, 368.497
384, 364.4
385, 383.632
386, 381.535
387, 393.632
388, 373.458
389, 384.593
390, 378.593
391, 384.593
392, 374.516
393, 388.67
394, 374.574
395, 378.555
396, 379.555
397, 389.67
398, 388.67
399, 390.69
400, 390.709
401, 404.767
402, 390.612
403, 401.747
404, 389.709
405, 409.825
406, 398.728
407, 402.805
408, 396.728
409, 401.805
410, 402.805
411, 399.786
412, 408.825
413, 424.979
414, 398.786
415, 404.825
416, 412.902
417, 418.96
418, 412.902
419, 402.747
420, 410.883
421, 417.921
422, 415.863
423, 413.844
424, 421.998
425, 419.979
426, 419.96
427, 419.96
428, 413.863
429, 422.018
430, 423.018
431, 422.94
432, 422.96
433, 427.96
434, 431.056
435, 424.998
436, 433.056
437, 426.998
438, 431.037
439, 437.133
440, 435.037
441, 440.153
442, 435.153
443, 429.056
444, 446.211
445, 441.153
446, 440.211
447, 430.056
448, 441.211
449, 449.249
450, 446.191
451, 462.365
452, 450.268
453, 452.249
454, 448.172
455, 446.153
456, 451.191
457, 449.23
458, 456.307
459, 444.211
460, 454.307
461, 450.23
462, 458.326
463, 452.211
464, 447.172
465, 451.211
466, 452.249
467, 453.211
468, 452.249
469, 460.249
470, 475.461
471, 465.346
472, 464.423
473, 466.404
474, 466.423
475, 470.442
476, 471.404
477, 465.404
478, 480.5
479, 473.461
480, 468.442
481, 479.558
482, 453.307
483, 468.346
484, 472.5
485, 471.404
486, 477.442
487, 474.5
488, 475.539
489, 473.423
490, 489.616
491, 482.577
492, 476.481
493, 475.539
494, 482.577
495, 479.5
496, 480.5
497, 488.558
498, 491.635
499, 491.616
500, 486.577
501, 495.674
502, 497.674
503, 502.789
504, 486.597
505, 497.693
506, 490.635
507, 497.693
508, 503.693
509, 493.597
510, 499.712
511, 484.616
512, 511.809
513, 493.616
514, 497.654
515, 504.732
516, 510.828
517, 504.712
518, 505.77
519, 497.693
520, 510.789
521, 514.828
522, 506.732
523, 509.77
524, 505.732
525, 525.963
526, 518.886
527, 520.867
528, 516.886
529, 503.77
530, 520.905
531, 525.925
532, 521.828
533, 518.847
534, 515.886
535, 521.963
536, 528.963
537, 527.982
538, 512.828
539, 523.944
540, 536.021
541, 542.098
542, 527.963
543, 539.06
544, 533.982
545, 547.175
546, 544.156
547, 530.002
548, 538.06
549, 543.098
550, 526.944
551, 548.156
552, 540.137
553, 559.272
554, 536.06
555, 543.175
556, 541.098
557, 547.118
558, 555.272
559, 564.33
560, 551.195
561, 546.137
562, 547.175
563, 557.253
564, 556.233
565, 559.253
566, 559.291
567, 555.291
568, 561.272
569, 565.31
570, 561.233
571, 566.291
572, 564.368
573, 562.33
574, 567.368
575, 573.446
576, 574.465
577, 559.291
578, 558.291
579, 582.484
580, 576.446
581, 585.542
582, 590.581
583, 581.446
584, 590.561
585, 575.465
586, 571.407
587, 575.407
588, 578.484
589, 578.426
590, 581.446
591, 587.561
592, 581.446
593, 580.484
594, 584.484
595, 579.407
596, 588.581
597, 588.581
598, 590.581
599, 595.619
600, 602.677
601, 585.465
602, 588.561
603, 606.735
604, 600.716
605, 603.716
606, 592.581
607, 583.561
608, 594.581
609, 600.677
610, 594.619
611, 599.677
612, 596.639
613, 603.735
614, 598.658
615, 600.696
616, 618.831
617, 607.716
618, 604.696
619, 615.851
620, 607.754
621, 607.793
622, 606.696
623, 604.677
624, 617.87
625, 624.87
626, 625.909
627, 619.87
628, 617.831
629, 618.831
630, 622.851
631, 622.87
632, 625.967
633, 624.909
634, 625.967
635, 619.909
636, 628.967
637, 621.889
638, 625.947
639, 622.851
640, 627.986
641, 628.928
642, 638.044
643, 633.024
644, 631.986
645, 645.082
646, 632.967
647, 629.005
648, 622.87
649, 628.967
650, 644.14
651, 647.063
652, 647.121
653, 632.986
654, 644.082
655, 639.044
656, 643.102
657, 640.024
658, 656.237
659, 642.082
660, 648.121
661, 648.102
662, 648.14
663, 653.16
664, 652.198
665, 658.16
666, 657.256
667, 648.16
668, 653.198
669, 655.198
670, 663.237
671, 658.179
672, 659.333
673, 651.198
674, 666.237
675, 664.295
676, 667.295
677, 668.333
678, 662.295
679, 667.275
680, 675.391
681, 685.449
682, 672.372
683, 674.391
684, 675.391
685, 680.449
686, 675.391
687, 675.333
688, 676.391
689, 679.449
690, 685.468
691, 682.488
692, 686.545
693, 687.468
694, 678.41
695, 682.41
696, 687.507
697, 691.468
698, 693.545
699, 683.41
700, 689.603
701, 695.526
702, 703.681
703, 694.565
704, 689.526
705, 697.623
706, 694.661
707, 698.603
708, 697.584
709, 694.545
710, 707.738
711, 704.603
712, 702.7
713, 700.642
714, 696.584
715, 714.758
716, 709.7
717, 700.623
718, 714.738
719, 718.796
720, 714.719
721, 717.835
722, 715.758
723, 701.7
724, 711.7
725, 711.777
726, 715.738
727, 709.738
728, 704.681
729, 711.777
730, 719.816
731, 722.854
732, 723.873
733, 714.738
734, 723.873
735, 725.854
736, 729.835
737, 726.873
738, 725.893
739, 731.912
740, 726.912
741, 729.893
742, 730.951
743, 730.951
744, 745.047
745, 738.009
746, 729.873
747, 736.989
748, 728.951
749, 733.989
750, 732.97
751, 752.124
752, 746.028
753, 744.009
754, 752.124
755, 741.97
756, 730.951
757, 738.951
758, 749.047
759, 748.105
760, 752.086
761, 758.202
762, 758.163
763, 750.144
764, 757.144
765, 757.105
766, 746.047
767, 768.24
768, 764.24
769, 761.182
770, 756.163
771, 750.105
772, 761.182
773, 757.124
774, 767.298
775, 765.24
776, 747.086
777, 760.221
778, 758.24
779, 768.259
780, 766.259
781, 770.259
782, 780.394
783, 773.317
784, 762.182
785, 779.375
786, 770.279
787, 758.221
788, 779.433
789, 776.317
790, 787.433
791, 783.433
792, 775.298
793, 783.394
794, 766.221
795, 781.414
796, 773.356
797, 779.414
798, 789.51
799, 780.414
800, 794.491
801, 794.53
802, 792.491
803, 783.452
804, 791.51
805, 789.433
806, 794.549
807, 800.51
808, 793.51
809, 792.51
810, 800.568
811, 805.665
812, 808.665
813, 803.587
814, 799.53
815, 809.684
816, 797.53
817, 814.703
818, 816.723
819, 800.607
820, 809.665
821, 809.645
822, 811.703
823, 812.684
824, 812.723
825, 808.665
826, 809.665
827, 808.645
828, 833.877
829, 812.684
830, 815.78
831, 827.8
832, 825.838
833, 826.8
834, 828.877
835, 825.838
836, 819.8
837, 828.858
838, 815.703
839, 837.896
840, 823.8
841, 836.877
842, 836.915
843, 823.8
844, 827.78
845, 840.973
846, 838.877
847, 841.993
848, 835.877
849, 850.051
850, 838.915
851, 837.935
852, 826.819
853, 841.935
854, 834.954
855, 831.838
856, 836.993
857, 853.031
858, 853.108
859, 851.051
860, 844.954
861, 839.954
862, 845.954
863, 846.993
864, 852.07
865, 848.031
866, 856.147
867, 846.973
868, 854.128
869, 845.973
870, 856.108
871, 860.108
872, 854.089
873, 867.224
874, 859.166
875, 867.224
876, 864.244
877, 867.263
878, 867.205
879, 858.128
880, 860.147
881, 862.205
882, 860.128
883, 864.244
884, 868.224
885, 869.301
886, 871.263
887, 873.321
888, 871.224
889, 870.224
890, 874.321
891, 859.166
892, 874.244
893, 874.263
894, 887.436
895, 877.398
896, 887.436
897, 877.301
898, 889.456
899, 887.436
900, 886.359
901, 886.359
902, 886.34
903, 891.456
904, 892.456
905, 890.398
906, 893.456
907, 904.552
908, 898.514
909, 897.552
910, 895.514
911, 902.572
912, 897.514
913, 893.456
914, 893.475
915, 900.494
916, 899.475
917, 912.629
918, 896.533
919, 902.629
920, 917.707
921, 911.572
922, 903.61
923, 911.591
924, 914.61
925, 910.649
926, 915.629
927, 907.629
928, 910.629
929, 921.784
930, 921.726
931, 918.745
932, 912.668
933, 910.61
934, 918.707
935, 924.803
936, 929.9
937, 914.629
938, 922.726
939, 921.707
940, 942.938
941, 936.842
942, 931.88
943, 926.842
944, 935.88
945, 932.842
946, 931.88
947, 934.9
948, 937.88
949, 948.977
950, 935.9
951, 940.88
952, 942.957
953, 943.938
954, 954.054
955, 928.803
956, 945.977
957, 948.035
958, 950.015
959, 943.919
960, 952.015
961, 938.919
962, 954.035
963, 948.977
964, 942.919
965, 955.015
966, 961.131
967, 953.073
968, 960.112
969, 960.054
970, 961.054
971, 959.073
972, 966.17
973, 972.15
974, 961.093
975, 966.15
976, 967.131
977, 969.17
978, 975.247
979, 961.093
980, 982.324
981, 967.15
982, 961.112
983, 965.112
984, 974.247
985, 972.208
986, 973.189
987, 975.266
988, 966.15
989, 977.286
990, 992.44
991, 983.305
992, 988.401
993, 990.363
994, 992.401
995, 980.266
996, 973.189
997, 977.266
998, 988.324
999, 990.363
1000, 982.286
1001, 985.286
1002, 990.382
1003, 990.382
1004, 984.286
1005, 985.363
1006, 994.44
1007, 990.363
1008, 983.305
1009, 992.401
1010, 998.478
1011, 994.421
1012, 989.498
1013, 1012.56
1014, 1004.57
1015, 996.421
1016, 1000.46
1017, 1000.5
1018, 997.536
1019, 1002.46
1020, 993.498
1021, 1003.54
1022, 1011.61
1023, 1014.63
1024, 1014.59
1025, 1014.59
1026, 1012.63
1027, 1015.69
1028, 1015.65
1029, 1009.61
1030, 1011.59
1031, 1016.71
1032, 1009.57
1033, 1019.63
1034, 1019.69
1035, 1015.61
1036, 1012.59
1037, 1026.77
1038, 1027.83
1039, 1038.83
1040, 1050.94
1041, 1020.67
1042, 1033.81
1043, 1033.81
1044, 1022.77
1045, 1029.79
1046, 1033.85
1047, 1044.9
1048, 1037.88
1049, 1036.83
1050, 1039.83
1051, 1035.85
1052, 1030.81
1053, 1035.83
1054, 1044.88
1055, 1052.98
1056, 1041.9
1057, 1046.96
1058, 1040.85
1059, 1059.1
1060, 1056.04
1061, 1036.83
1062, 1058.04
1063, 1054.98
1064, 1050
1065, 1047.96
1066, 1049.98
1067, 1056.98
1068, 1059
1069, 1060.06
1070, 1053.98
1071, 1050
1072, 1048.92
1073, 1069.15
1074, 1057.98
1075, 1069.17
1076, 1067.08
1077, 1070.15
1078, 1067.15
1079, 1066.15
1080, 1069.1
1081, 1077.19
1082, 1070.13
1083, 1067.17
1084, 1080.25
1085, 1070.23
1086, 1073.21
1087, 1079.23
1088, 1072.17
1089, 1075.23
1090, 1068.12
1091, 1079.29
1092, 1075.19
1093, 1075.27
1094, 1088.37
1095, 1084.27
1096, 1080.23
1097, 1088.39
1098, 1093.33
1099, 1083.31
1100, 1083.29
1101, 1102.42
1102, 1094.39
1103, 1096.39
1104, 1087.33
1105, 1090.35
1106, 1081.33
1107, 1085.33
1108, 1089.37
1109, 1091.35
1110, 1087.37
1111, 1092.31
1112, 1093.4
1113, 1097.4
1114, 1106.48
1115, 1106.52
1116, 1099.44
1117, 1098.44
1118, 1107.56
1119, 1096.39
1120, 1105.5
1121, 1096.44
1122, 1117.52
1123, 1111.54
1124, 1106.52
1125, 1108.52
1126, 1113.64
1127, 1123.66
1128, 1125.67
1129, 1114.64
1130, 1117.6
1131, 1119.62
1132, 1120.66
1133, 1118.66
1134, 1117.58
1135, 1117.64
1136, 1114.62
1137, 1122.64
1138, 1122.66
1139, 1133.77
1140, 1124.73
1141, 1122.64
1142, 1122.6
1143, 1125.71
1144, 1121.62
1145, 1126.73
1146, 1129.69
1147, 1127.66
1148, 1127.67
1149, 1128.69
1150, 1122.62
1151, 1125.67
1152, 1136.79
1153, 1130.69
1154, 1122.73
1155, 1143.83
1156, 1145.85
1157, 1135.79
1158, 1136.77
1159, 1143.87
1160, 1142.87
1161, 1147.93
1162, 1142.81
1163, 1149.91
1164, 1155.95
1165, 1153.91
1166, 1142.91
1167, 1139.85
1168, 1150.95
1169, 1156.96
1170, 1160
1171, 1158
1172, 1154.98
1173, 1150.93
1174, 1162.96
1175, 1170.14
1176, 1160.02
1177, 1161.02
1178, 1158
1179, 1159.96
1180, 1167.14
1181, 1158.1
1182, 1168.12
1183, 1167.06
1184, 1167.04
1185, 1169.12
1186, 1178.16
1187, 1173.12
1188, 1173.12
1189, 1186.2
1190, 1173.22
1191, 1162.06
1192, 1171.1
1193, 1180.18
1194, 1175.18
1195, 1176.22
1196, 1191.31
1197, 1183.27
1198, 1196.35
1199, 1193.29
1200, 1182.23
1201, 1186.23
1202, 1184.18
1203, 1206.47
1204, 1184.18
1205, 1198.39
1206, 1195.37
1207, 1196.31
1208, 1182.18
1209, 1199.37
1210, 1192.29
1211, 1195.41
1212, 1193.31
1213, 1203.41
1214, 1195.37
1215, 1192.31
1216, 1201.39
1217, 1204.41
1218, 1204.41
1219, 1217.56
1220, 1209.43
1221, 1217.54
1222, 1205.45
1223, 1205.45
1224, 1205.47
1225, 1208.49
1226, 1210.45
1227, 1210.52
1228, 1206.45
1229, 1208.5
1230, 1218.56
1231, 1218.58
1232, 1219.54
1233, 1215.52
1234, 1222.58
1235, 1215.52
1236, 1226.62
1237, 1223.6
1238, 1220.66
1239, 1216.54
1240, 1232.72
1241, 1238.79
1242, 1226.7
1243, 1223.66
1244, 1225.72
1245, 1221.6
1246, 1227.68
1247, 1218.56
1248, 1236.76
1249, 1235.72
1250, 1231.64
1251, 1229.72
1252, 1237.72
1253, 1242.81
1254, 1232.68
1255, 1238.72
1256, 1237.79
1257, 1234.74
1258, 1239.81
1259, 1244.83
1260, 1241.79
1261, 1240.79
1262, 1251.87
1263, 1243.79
1264, 1251.91
1265, 1234.76
1266, 1246.87
1267, 1257.95
1268, 1244.81
1269, 1256.89
1270, 1257.95
1271, 1252.87
1272, 1263.95
1273, 1255.93
1274, 1248.81
1275, 1253.95
1276, 1257.97
1277, 1257.95
1278, 1258.93
1279, 1255.95
1280, 1257.93
1281, 1263.01
1282, 1266.99
1283, 1260.99
1284, 1261.99
1285, 1267.01
1286, 1269.06
1287, 1266.08
1288, 1261.04
1289, 1269.06
1290, 1268.08
1291, 1269.04
1292, 1276.08
1293, 1277.16
1294, 1288.26
1295, 1279.16
1296, 1276.1
1297, 1274.16
1298, 1272.06
1299, 1282.16
1300, 1303.37
1301, 1280.14
1302, 1278.2
1303, 1280.12
1304, 1289.18
1305, 1282.22
1306, 1272.14
1307, 1290.24
1308, 1288.26
1309, 1287.26
1310, 1285.18
1311, 1284.28
1312, 1290.26
1313, 1301.37
1314, 1286.22
1315, 1294.28
1316, 1295.32
1317, 1309.47
1318, 1293.33
1319, 1303.33
1320, 1301.33
1321, 1304.41
1322, 1307.39
1323, 1305.39
1324, 1310.45
1325, 1309.41
1326, 1313.47
1327, 1301.35
1328, 1311.47
1329, 1312.39
1330, 1309.43
1331, 1312.49
1332, 1317.43
1333, 1319.53
1334, 1311.45
1335, 1323.55
1336, 1323.57
1337, 1337.7
1338, 1321.66
1339, 1319.55
1340, 1319.51
1341, 1323.66
1342, 1325.62
1343, 1318.53
1344, 1324.6
1345, 1327.62
1346, 1329.62
1347, 1330.59
1348, 1337.68
1349, 1331.66
1350, 1331.66
1351, 1342.74
1352, 1331.72
1353, 1340.72
1354, 1342.7
1355, 1323.59
1356, 1329.62
1357, 1350.8
1358, 1332.68
1359, 1329.62
1360, 1337.72
1361, 1345.76
1362, 1347.86
1363, 1341.76
1364, 1346.82
1365, 1352.89
1366, 1342.76
1367, 1355.87
1368, 1346.8
1369, 1349.86
1370, 1350.8
1371, 1349.86
1372, 1350.89
1373, 1361.95
1374, 1354.91
1375, 1357.84
1376, 1362.97
1377, 1354.82
1378, 1353.89
1379, 1364.95
1380, 1359.99
1381, 1357.93
1382, 1345.8
1383, 1361.93
1384, 1376.09
1385, 1370.03
1386, 1372.99
1387, 1372.01
1388, 1362.91
1389, 1372.05
1390, 1369.03
1391, 1372.05
1392, 1379.11
1393, 1374.09
1394, 1373.07
1395, 1368.97
1396, 1374.09
1397, 1370.05
1398, 1363.97
1399, 1392.2
1400, 1377.05
1401, 1380.07
1402, 1394.2
1403, 1387.18
1404, 1379.11
1405, 1380.11
1406, 1393.26
1407, 1398.28
1408, 1398.3
1409, 1387.16
1410, 1394.18
1411, 1387.2
1412, 1392.2
1413, 1388.13
1414, 1392.2
1415, 1397.26
1416, 1400.32
1417, 1397.22
1418, 1405.34
1419, 1401.41
1420, 1394.26
1421, 1398.26
1422, 1412.47
1423, 1395.3
1424, 1416.47
1425, 1397.3
1426, 1401.34
1427, 1413.4
1428, 1411.45
1429, 1410.45
1430, 1409.41
1431, 1412.41
1432, 1401.32
1433, 1409.38
1434, 1419.55
1435, 1413.47
1436, 1410.43
1437, 1407.41
1438, 1415.45
1439, 1421.57
1440, 1420.47
1441, 1420.47
1442, 1422.53
1443, 1422.49
1444, 1414.47
1445, 1435.65
1446, 1423.55
1447, 1435.65
1448, 1429.65
1449, 1430.57
1450, 1420.49
1451, 1428.65
1452, 1434.7
1453, 1433.65
1454, 1421.53
1455, 1447.78
1456, 1436.72
1457, 1438.7
1458, 1437.69
1459, 1431.63
1460, 1439.67
1461, 1439.7
1462, 1450.76
1463, 1439.67
1464, 1434.63
1465, 1440.74
1466, 1452.78
1467, 1442.72
1468, 1450.8
1469, 1450.82
1470, 1445.76
1471, 1447.8
1472, 1441.7
1473, 1455.78
1474, 1453.84
1475, 1456.88
1476, 1457.9
1477, 1474.03
1478, 1450.74
1479, 1460.92
1480, 1455.84
1481, 1469.92
1482, 1474.03
1483, 1460.94
1484, 1460.9
1485, 1463.86
1486, 1471.94
1487, 1467.99
1488, 1463.94
1489, 1473.01
1490, 1465.96
1491, 1488.13
1492, 1469.01
1493, 1472.01
1494, 1470.99
1495, 1482.13
1496, 1474.03
1497, 1484.13
1498, 1472.99
1499, 1480.09
1500, 1479.05
1501, 1475.99
1502, 1479.11
1503, 1476.09
1504, 1472.99
1505, 1481.07
1506, 1477.05
1507, 1483.15
1508, 1486.11
1509, 1481.09
1510, 1494.24
1511, 1492.13
1512, 1477.03
1513, 1495.13
1514, 1491.17
1515, 1501.19
1516, 1498.32
1517, 1497.23
1518, 1500.3
1519, 1493.19
1520, 1494.19
1521, 1500.26
1522, 1505.32
1523, 1498.26
1524, 1494.19
1525, 1502.26
1526, 1498.21
1527, 1501.32
1528, 1506.38
1529, 1509.32
1530, 1506.32
1531, 1509.36
1532, 1508.32
1533, 1510.42
1534, 1515.4
1535, 1506.32
1536, 1513.4
1537, 1510.38
1538, 1509.38
1539, 1519.5
1540, 1517.38
1541, 1522.38
1542, 1514.44
1543, 1521.48
1544, 1521.48
1545, 1514.38
1546, 1524.46
1547, 1529.61
1548, 1530.51
1549, 1523.5
1550, 1523.48
1551, 1524.48
1552, 1535.59
1553, 1536.61
1554, 1527.51
1555, 1523.53
1556, 1541.61
1557, 1523.55
1558, 1550.69
1559, 1529.59
1560, 1543.65
1561, 1544.63
1562, 1532.63
1563, 1543.65
1564, 1543.69
1565, 1542.67
1566, 1555.78
1567, 1545.67
1568, 1539.69
1569, 1556.78
1570, 1541.63
1571, 1544.73
1572, 1552.78
1573, 1552.73
1574, 1550.8
1575, 1551.73
1576, 1541.69
1577, 1551.77
1578, 1553.75
1579, 1576.98
1580, 1561.9
1581, 1561.88
1582, 1555.84
1583, 1559.8
1584, 1564.88
1585, 1563.88
1586, 1558.8
1587, 1572.96
1588, 1567.94
1589, 1570.9
1590, 1564.86
1591, 1566.94
1592, 1573.02
1593, 1566.9
1594, 1581.06
1595, 1576.02
1596, 1578.04
1597, 1574
1598, 1578.02
1599, 1575.98
1600, 1583.06
1601, 1584.04
1602, 1581.07
1603, 1584.04
1604, 1581.02
1605, 1580
1606, 1580.02
1607, 1582.02
1608, 1586.06
1609, 1587.13
1610, 1588.13
1611, 1590.11
1612, 1598.21
1613, 1595.13
1614, 1602.27
1615, 1594.15
1616, 1596.21
1617, 1590.13
1618, 1611.31
1619, 1591.09
1620, 1590.17
1621, 1605.27
1622, 1611.33
1623, 1602.29
1624, 1604.21
1625, 1596.27
1626, 1597.25
1627, 1599.25
1628, 1618.42
1629, 1614.33
1630, 1612.33
1631, 1615.33
1632, 1616.31
1633, 1610.31
1634, 1612.33
1635, 1618.36
1636, 1612.33
1637, 1613.31
1638, 1621.42
1639, 1604.31
1640, 1620.4
1641, 1616.4
1642, 1611.36
1643, 1616.36
1644, 1626.38
1645, 1622.42
1646, 1617.36
1647, 1626.42
1648, 1633.52
1649, 1625.46
1650, 1629.48
1651, 1621.38
1652, 1629.56
1653, 1635.56
1654, 1623.48
1655, 1634.52
1656, 1636.58
1657, 1628.5
1658, 1631.52
1659, 1631.48
1660, 1634.58
1661, 1629.5
1662, 1635.58
1663, 1637.56
1664, 1646.61
1665, 1640.58
1666, 1640.65
1667, 1643.65
1668, 1649.71
1669, 1645.65
1670, 1646.63
1671, 1650.65
1672, 1642.61
1673, 1649.65
1674, 1652.71
1675, 1656.75
1676, 1649.69
1677, 1652.71
1678, 1655.75
1679, 1641.6
1680, 1653.75
1681, 1659.87
1682, 1666.81
1683, 1671.92
1684, 1658.77
1685, 1662.77
1686, 1661.77
1687, 1663.87
1688, 1667.83
1689, 1667.87
1690, 1659.79
1691, 1665.87
1692, 1671.92
1693, 1671.9
1694, 1673.87
1695, 1674.88
1696, 1677.98
1697, 1678
1698, 1667.87
1699, 1671.92
1700, 1678.94
1701, 1673.98
1702, 1684.98
1703, 1668.98
1704, 1674.96
1705, 1674.92
1706, 1685.04
1707, 1684
1708, 1679.96
1709, 1687
1710, 1696.12
1711, 1686.12
1712, 1689.1
1713, 1678.02
1714, 1685.04
1715, 1693.08
1716, 1691.12
1717, 1686.06
1718, 1702.17
1719, 1715.31
1720, 1701.21
1721, 1697.1
1722, 1701.19
1723, 1697.16
1724, 1706.21
1725, 1704.21
1726, 1705.27
1727, 1701.16
1728, 1703.16
1729, 1706.21
1730, 1711.31
1731, 1706.21
1732, 1703.17
1733, 1705.27
1734, 1717.37
1735, 1717.29
1736, 1717.33
1737, 1712.29
1738, 1704.23
1739, 1714.31
1740, 1717.37
1741, 1716.31
1742, 1712.27
1743, 1720.35
1744, 1721.33
1745, 1723.44
1746, 1721.35
1747, 1724.43
1748, 1725.39
1749, 1723.48
1750, 1737.56
1751, 1737.52
1752, 1719.39
1753, 1728.46
1754, 1728.46
1755, 1735.52
1756, 1730.48
1757, 1735.48
1758, 1736.54
1759, 1728.46
1760, 1742.54
1761, 1725.46
1762, 1736.48
1763, 1730.48
1764, 1751.64
1765, 1730.46
1766, 1737.52
1767, 1738.5
1768, 1746.62
1769, 1745.6
1770, 1738.5
1771, 1732.46
1772, 1762.7
1773, 1732.58
1774, 1746.66
1775, 1749.6
1776, 1747.64
1777, 1751.68
1778, 1748.68
1779, 1753.7
1780, 1755.68
1781, 1763.81
1782, 1755.71
1783, 1758.71
1784, 1759.79
1785, 1764.83
1786, 1761.77
1787, 1754.73
1788, 1765.81
1789, 1761.81
1790, 1767.79
1791, 1760.73
1792, 1775.87
1793, 1761.75
1794, 1758.77
1795, 1762.75
1796, 1769.87
1797, 1770.89
1798, 1769.85
1799, 1767.79
1800, 1771.85
1801, 1770.83
1802, 1777.87
1803, 1779.93
1804, 1769.95
1805, 1784.98
1806, 1782.98
1807, 1784
1808, 1782.95
1809, 1781.93
1810, 1779.93
1811, 1785.02
1812, 1794.04
1813, 1794.02
1814, 1786.08
1815, 1793.08
1816, 1791.04
1817, 1793.04
1818, 1799.06
1819, 1786.98
1820, 1784.98
1821, 1804.16
1822, 1796.14
1823, 1797.14
1824, 1791.08
1825, 1794.06
1826, 1785.08
1827, 1804.14
1828, 1795.06
1829, 1792.18
1830, 1789.08
1831, 1806.24
1832, 1808.14
1833, 1807.14
1834, 1813.25
1835, 1799.22
1836, 1815.27
1837, 1817.25
1838, 1813.29
1839, 1803.18
1840, 1812.22
1841, 1808.22
1842, 1826.33
1843, 1818.27
1844, 1816.31
1845, 1821.33
1846, 1821.35
1847, 1830.37
1848, 1827.35
1849, 1820.37
1850, 1829.41
1851, 1823.37
1852, 1825.39
1853, 1827.39
1854, 1829.41
1855, 1823.47
1856, 1829.41
1857, 1835.47
1858, 1836.49
1859, 1838.45
1860, 1825.37
1861, 1840.47
1862, 1838.54
1863, 1835.45
1864, 1837.51
1865, 1847.56
1866, 1845.54
1867, 1846.56
1868, 1841.56
1869, 1831.49
1870, 1837.45
1871, 1844.56
1872, 1839.49
1873, 1830.43
1874, 1842.58
1875, 1844.51
1876, 1852.68
1877, 1847.66
1878, 1854.62
1879, 1852.6
1880, 1862.74
1881, 1856.64
1882, 1850.58
1883, 1851.6
1884, 1856.7
1885, 1855.62
1886, 1843.6
1887, 1863.66
1888, 1857.7
1889, 1856.68
1890, 1859.7
1891, 1856.7
1892, 1856.7
1893, 1864.74
1894, 1864.72
1895, 1859.72
1896, 1861.72
1897, 1865.78
1898, 1861.72
1899, 1870.76
1900, 1864.74
1901, 1881.93
1902, 1867.8
1903, 1871.85
1904, 1875.85
1905, 1875.89
1906, 1877.85
1907, 1871.85
1908, 1867.74
1909, 1883.91
1910, 1884.99
1911, 1872.83
1912, 1875.83
1913, 1872.89
1914, 1893.01
1915, 1882.91
1916, 1890.99
1917, 1892.05
1918, 1884.99
1919, 1884.91
1920, 1892.99
1921, 1893.05
1922, 1896.03
1923, 1896.01
1924, 1891.99
1925, 1892.97
1926, 1897.1
1927, 1902.1
1928, 1908.2
1929, 1898.03
1930, 1904.1
1931, 1913.22
1932, 1895.05
1933, 1908.12
1934, 1907.12
1935, 1898.08
1936, 1908.1
1937, 1906.12
1938, 1908.16
1939, 1895.05
1940, 1903.07
1941, 1911.16
1942, 1921.32
1943, 1918.28
1944, 1907.22
1945, 1919.26
1946, 1914.22
1947, 1927.32
1948, 1917.22
1949, 1913.28
1950, 1912.2
1951, 1931.34
1952, 1932.45
1953, 1928.32
1954, 1915.28
1955, 1929.34
1956, 1926.3
1957, 1926.35
1958, 1935.43
1959, 1928.34
1960, 1941.47
1961, 1934.41
1962, 1938.47
1963, 1935.45
1964, 1933.39
1965, 1929.41
1966, 1927.43
1967, 1949.53
1968, 1937.49
1969, 1933.43
1970, 1940.51
1971, 1949.55
1972, 1950.55
1973, 1941.53
1974, 1945.55
1975, 1945.57
1976, 1952.57
1977, 1949.59
1978, 1954.59
1979, 1949.55
1980, 1957.66
1981, 1966.66
1982, 1968.66
1983, 1952.61
1984, 1959.62
1985, 1958.66
1986, 1946.55
1987, 1955.61
1988, 1956.59
1989, 1969.76
1990, 1961.66
1991, 1964.64
1992, 1951.57
1993, 1974.82
1994, 1959.8
1995, 1962.72
1996, 1976.78
1997, 1974.78
1998, 1969.76
1999, 1962.74
2000, 1966.72
2001, 1980.88
2002, 1968.78
2003, 1978.78
2004, 1977.82
2005, 1973.8
2006, 1976.84
2007, 1974.82
2008, 1973.8
2009, 1985.9
2010, 1971.78
2011, 1977.82
2012, 1983.91
2013, 1976.82
2014, 1987.95
2015, 1979.91
2016, 1980.82
2017, 1988.9
2018, 1994.93
2019, 1984.9
2020, 1982.86
2021, 1994.97
2022, 1991.93
2023, 1999.05
2024, 1996.03
2025, 1996.05
2026, 1987.97
2027, 1998.99
2028, 2002.09
2029, 1996.99
2030, 2003.09
2031, 2006.09
2032, 2003.09
2033, 1996.05
2034, 2009.11
2035, 2016.18
2036, 1998.01
2037, 2016.15
2038, 2010.07
2039, 2009.18
2040, 2014.2
2041, 2001.15
2042, 2007.13
2043, 2005.11
2044, 2015.22
2045, 2012.15
2046, 2006.11
2047, 2004.15
2048, 2014.15
2049, 2025.22
2050, 2015.24
2051, 2027.34
2052, 2022.3
2053, 2016.2
2054, 2024.24
2055, 2022.26
2056, 2020.28
2057, 2027.28
2058, 2025.32
2059, 2024.28
2060, 2021.26
2061, 2034.36
2062, 2030.28
2063, 2032.38
2064, 2025.3
2065, 2030.34
2066, 2040.44
2067, 2039.47
2068, 2038.4
2069, 2036.36
2070, 2037.38
2071, 2031.34
2072, 2039.42
2073, 2051.53
2074, 2043.45
2075, 2050.49
2076, 2051.53
2077, 2055.63
2078, 2041.42
2079, 2052.57
2080, 2041.42
2081, 2067.63
2082, 2049.53
2083, 2055.59
2084, 2061.65
2085, 2057.51
2086, 2067.74
2087, 2052.57
2088, 2072.69
2089, 2047.49
2090, 2058.59
2091, 2062.61
2092, 2059.65
2093, 2064.63
2094, 2075.72
2095, 2075.74
2096, 2074.71
2097, 2065.65
2098, 2073.69
2099, 2065.69
2100, 2071.71
2101, 2071.76
2102, 2074.78
2103, 2078.8
2104, 2075.74
2105, 2076.8
2106, 2091.88
2107, 2071.76
2108, 2078.76
2109, 2086.88
2110, 2074.8
2111, 2079.82
2112, 2089.88
2113, 2090.96
2114, 2086.84
2115, 2088.86
2116, 2087.88
2117, 2103.03
2118, 2094.96
2119, 2090.92
2120, 2087.88
2121, 2091.88
2122, 2083.9
2123, 2098.01
2124, 2092.88
2125, 2094.94
2126, 2096.92
2127, 2098
2128, 2100.98
2129, 2102
2130, 2097
2131, 2106.05
2132, 2102.05
2133, 2099.98
2134, 2099.05
2135, 2110.07
2136, 2102.01
2137, 2108
2138, 2110.07
2139, 2103.05
2140, 2104.01
2141, 2111.15
2142, 2103.05
2143, 2111.05
2144, 2109.05
2145, 2112.11
2146, 2117.15
2147, 2113.13
2148, 2116.19
2149, 2107.09
2150, 2128.27
2151, 2121.19
2152, 2123.25
2153, 2125.23
2154, 2123.17
2155, 2120.21
2156, 2127.25
2157, 2134.28
2158, 2126.23
2159, 2121.27
2160, 2128.28
2161, 2128.23
2162, 2129.27
2163, 2135.28
2164, 2140.38
2165, 2137.38
2166, 2135.34
2167, 2142.4
2168, 2133.3
2169, 2148.48
2170, 2133.28
2171, 2139.32
2172, 2136.32
2173, 2146.48
2174, 2155.54
2175, 2144.42
2176, 2141.42
2177, 2145.42
2178, 2146.38
2179, 2144.44
2180, 2156.52
2181, 2151.48
2182, 2149.46
2183, 2147.4
2184, 2144.44
2185, 2154.48
2186, 2149.46
2187, 2147.5
2188, 2153.55
2189, 2152.52
2190, 2148.52
2191, 2157.52
2192, 2174.67
2193, 2164.57
2194, 2155.52
2195, 2163.63
2196, 2159.59
2197, 2157.63
2198, 2163.65
2199, 2170.69
2200, 2169.69
2201, 2171.63
2202, 2178.77
2203, 2165.63
2204, 2165.59
2205, 2167.67
2206, 2176.73
2207, 2179.73
2208, 2173.73
2209, 2181.77
2210, 2179.69
2211, 2186.82
2212, 2179.79
2213, 2176.75
2214, 2181.75
2215, 2174.75
2216, 2187.82
2217, 2181.81
2218, 2184.79
2219, 2185.84
2220, 2185.84
2221, 2192.92
2222, 2193.9
2223, 2186.79
2224, 2194.84
2225, 2201.96
2226, 2193.86
2227, 2197.9
2228, 2198.96
2229, 2202.96
2230, 2198.9
2231, 2197.98
2232, 2205.02
2233, 2197.96
2234, 2196.9
2235, 2218.09
2236, 2208.04
2237, 2204.02
2238, 2209.04
2239, 2200.96
2240, 2209.02
2241, 2224.13
2242, 2211.08
2243, 2208
2244, 2210.04
2245, 2203.02
2246, 2204.02
2247, 2225.19
2248, 2217.09
2249, 2213.08
2250, 2213.09
2251, 2216.09
2252, 2217.11
2253, 2226.25
2254, 2224.19
2255, 2225.19
2256, 2231.17
2257, 2224.13
2258, 2235.35
2259, 2227.19
2260, 2229.17
2261, 2228.23
2262, 2230.17
2263, 2230.25
2264, 2229.21
2265, 2238.31
2266, 2232.25
2267, 2239.29
2268, 2231.29
2269, 2230.29
2270, 2246.38
2271, 2243.35
2272, 2243.31
2273, 2242.31
2274, 2242.33
2275, 2239.35
2276, 2239.35
2277, 2249.37
2278, 2244.38
2279, 2251.48
2280, 2252.38
2281, 2246.4
2282, 2243.35
2283, 2250.44
2284, 2234.29
2285, 2244.42
2286, 2246.38
2287, 2255.46
2288, 2254.52
2289, 2253.44
2290, 2255.5
2291, 2245.35
2292, 2273.58
2293, 2260.52
2294, 2261.54
2295, 2258.48
2296, 2267.6
2297, 2263.54
2298, 2270.58
2299, 2271.58
2300, 2261.56
2301, 2263.64
2302, 2260.52
2303, 2250.48
2304, 2267.58
2305, 2267.62
2306, 2276.65
2307, 2264.64
2308, 2268.64
2309, 2265.58
2310, 2273.65
2311, 2272.62
2312, 2279.71
2313, 2275.67
2314, 2279.71
2315, 2277.73
2316, 2276.73
2317, 2276.71
2318, 2291.79
2319, 2288.79
2320, 2289.79
2321, 2288.83
2322, 2291.81
2323, 2288.83
2324, 2287.73
2325, 2291.85
2326, 2295.83
2327, 2293.87
2328, 2298.94
2329, 2287.75
2330, 2304.94
2331, 2296.85
2332, 2298.92
2333, 2302.94
2334, 2292.83
2335, 2310.98
2336, 2311
2337, 2296.87
2338, 2298.87
2339, 2301.92
2340, 2310.02
2341, 2302.92
2342, 2297.96
2343, 2301.96
2344, 2305.04
2345, 2304.96
2346, 2303.96
2347, 2317.02
2348, 2311.04
2349, 2302.96
2350, 2319.08
2351, 2323.14
2352, 2317.12
2353, 2311.98
2354, 2323.04
2355, 2326.16
2356, 2319.04
2357, 2318.04
2358, 2318.12
2359, 2325.12
2360, 2324.21
2361, 2328.16
2362, 2328.16
2363, 2339.23
2364, 2330.21
2365, 2340.25
2366, 2327.18
2367, 2335.19
2368, 2329.18
2369, 2336.27
2370, 2337.25
2371, 2340.31
2372, 2337.23
2373, 2333.19
2374, 2338.29
2375, 2333.23
2376, 2343.31
2377, 2346.33
2378, 2340.27
2379, 2342.31
2380, 2352.35
2381, 2343.31
2382, 2343.31
2383, 2351.35
2384, 2356.41
2385, 2354.45
2386, 2353.35
2387, 2352.43
2388, 2343.33
2389, 2350.41
2390, 2353.41
2391, 2359.48
2392, 2348.39
2393, 2358.48
2394, 2360.5
2395, 2358.46
2396, 2362.45
2397, 2355.48
2398, 2365.56
2399, 2366.52
2400, 2363.48
2401, 2366.52
2402, 2378.58
2403, 2368.58
2404, 2371.56
2405, 2361.52
2406, 2377.56
2407, 2362.52
2408, 2371.56
2409, 2371.56
2410, 2381.64
2411, 2371.58
2412, 2370.56
2413, 2371.62
2414, 2388.75
2415, 2383.66
2416, 2373.64
2417, 2369.58
2418, 2375.68
2419, 2380.7
2420, 2384.72
2421, 2385.75
2422, 2388.79
2423, 2384.72
2424, 2378.66
2425, 2387.72
2426, 2389.79
2427, 2397.83
2428, 2389.81
2429, 2389.81
2430, 2390.77
2431, 2384.77
2432, 2387.77
2433, 2389.77
2434, 2393.75
2435, 2403.87
2436, 2397.85
2437, 2404.95
2438, 2402.85
2439, 2399.85
2440, 2402.87
2441, 2397.83
2442, 2400.91
2443, 2402.91
2444, 2406.95
2445, 2410.97
2446, 2403.87
2447, 2413.93
2448, 2416.99
2449, 2408.95
2450, 2412.97
2451, 2408.99
2452, 2414.02
2453, 2423.01
2454, 2418.06
2455, 2436.18
2456, 2413.02
2457, 2418.06
2458, 2415.06
2459, 2420.04
2460, 2430.16
2461, 2425.12
2462, 2426.08
2463, 2428.2
2464, 2433.18
2465, 2440.24
2466, 2433.2
2467, 2432.16
2468, 2430.16
2469, 2431.18
2470, 2429.12
2471, 2430.2
2472, 2431.2
2473, 2429.18
2474, 2438.2
2475, 2445.29
2476, 2440.26
2477, 2439.26
2478, 2440.33
2479, 2461.39
2480, 2463.45
2481, 2434.2
2482, 2448.35
2483, 2445.37
2484, 2446.35
2485, 2442.22
2486, 2459.41
2487, 2458.47
2488, 2454.43
2489, 2448.37
2490, 2453.41
2491, 2457.43
2492, 2458.45
2493, 2446.33
2494, 2465.45
2495, 2449.37
2496, 2465.45
2497, 2453.37
2498, 2468.51
2499, 2462.43
2500, 2467.51
2501, 2460.45
2502, 2466.51
2503, 2477.53
2504, 2467.56
2505, 2466.47
2506, 2466.51
2507, 2473.53
2508, 2468.51
2509, 2467.53
2510, 2471.55
2511, 2470.56
2512, 2470.6
2513, 2475.64
2514, 2479.62
2515, 2474.56
2516, 2479.64
2517, 2476.62
2518, 2480.6
2519, 2485.62
2520, 2485.66
2521, 2482.7
2522, 2492.76
2523, 2481.66
2524, 2498.74
2525, 2498.74
2526, 2483.66
2527, 2490.7
2528, 2495.8
2529, 2496.78
2530, 2487.7
2531, 2485.74
2532, 2494.8
2533, 2491.76
2534, 2493.8
2535, 2498.76
2536, 2494.78
2537, 2500.85
2538, 2489.78
2539, 2494.78
2540, 2503.85
2541, 2510.91
2542, 2511.89
2543, 2502.85
2544, 2503.87
2545, 2508.87
2546, 2516.03
2547, 2501.87
2548, 2518.01
2549, 2519.99
2550, 2509.87
2551, 2512.91
2552, 2518.99
2553, 2507.95
2554, 2514.99
2555, 2516.99
2556, 2512.95
2557, 2513.93
2558, 2520.95
2559, 2522.99
2560, 2524.03
2561, 2514.97
2562, 2530.07
2563, 2524.05
2564, 2528.05
2565, 2523.07
2566, 2525.07
2567, 2516.99
2568, 2534.16
2569, 2527.11
2570, 2543.18
2571, 2534.12
2572, 2534.09
2573, 2534.14
2574, 2531.12
2575, 2544.24
2576, 2547.26
2577, 2551.3
2578, 2534.14
2579, 2553.28
2580, 2536.18
2581, 2547.26
2582, 2544.22
2583, 2556.36
2584, 2543.2
2585, 2544.22
2586, 2549.28
2587, 2551.26
2588, 2552.34
2589, 2559.34
2590, 2553.28
2591, 2560.41
2592, 2559.36
2593, 2555.32
2594, 2554.36
2595, 2571.49
2596, 2564.47
2597, 2551.34
2598, 2569.53
2599, 2556.39
2600, 2568.47
2601, 2562.43
2602, 2566.47
2603, 2559.43
2604, 2567.47
2605, 2567.41
2606, 2564.47
2607, 2581.55
2608, 2581.61
2609, 2575.53
2610, 2574.51
2611, 2572.51
2612, 2582.53
2613, 2575.53
2614, 2585.59
2615, 2581.61
2616, 2576.57
2617, 2570.51
2618, 2580.57
2619, 2581.59
2620, 2578.57
2621, 2591.61
2622, 2585.59
2623, 2589.66
2624, 2585.59
2625, 2592.7
2626, 2587.66
2627, 2587.66
2628, 2590.65
2629, 2593.68
2630, 2596.72
2631, 2593.72
2632, 2593.7
2633, 2598.78
2634, 2595.72
2635, 2598.78
2636, 2599.8
2637, 2599.74
2638, 2606.76
2639, 2598.8
2640, 2596.72
2641, 2605.8
2642, 2608.86
2643, 2602.82
2644, 2604.82
2645, 2612.88
2646, 2596.8
2647, 2606.84
2648, 2606.92
2649, 2603.8
2650, 2617.93
2651, 2611.86
2652, 2615.92
2653, 2615.92
2654, 2604.88
2655, 2619.95
2656, 2628.03
2657, 2618.92
2658, 2616.95
2659, 2635.05
2660, 2624.99
2661, 2621.97
2662, 2620.01
2663, 2622.95
2664, 2619.99
2665, 2621.97
2666, 2632.01
2667, 2629.07
2668, 2630.03
2669, 2622.97
2670, 2634.11
2671, 2626.05
2672, 2636.19
2673, 2630.05
2674, 2641.17
2675, 2633.13
2676, 2628.05
2677, 2634.07
2678, 2641.19
2679, 2634.17
2680, 2637.17
2681, 2637.15
2682, 2650.17
2683, 2637.19
2684, 2648.24
2685, 2641.15
2686, 2641.21
2687, 2637.15
2688, 2650.3
2689, 2645.24
2690, 2650.3
2691, 2650.28
2692, 2639.21
2693, 2654.28
2694, 2654.28
2695, 2648.22
2696, 2656.28
2697, 2653.21
2698, 2660.38
2699, 2654.32
2700, 2666.44
2701, 2661.34
2702, 2667.4
2703, 2657.3
2704, 2669.36
2705, 2663.42
2706, 2658.36
2707, 2666.38
2708, 2665.36
2709, 2661.38
2710, 2669.46
2711, 2662.38
2712, 2672.46
2713, 2678.53
2714, 2681.53
2715, 2672.49
2716, 2669.38
2717, 2677.51
2718, 2682.51
2719, 2682.53
2720, 2674.48
2721, 2685.59
2722, 2686.57
2723, 2677.53
2724, 2673.51
2725, 2687.57
2726, 2686.67
2727, 2686.65
2728, 2687.55
2729, 2695.65
2730, 2688.61
2731, 2688.71
2732, 2682.63
2733, 2696.69
2734, 2694.67
2735, 2707.78
2736, 2695.67
2737, 2703.75
2738, 2703.73
2739, 2704.76
2740, 2692.63
2741, 2701.76
2742, 2709.82
2743, 2695.69
2744, 2705.8
2745, 2703.8
2746, 2711.82
2747, 2710.78
2748, 2702.76
2749, 2715.86
2750, 2720.9
2751, 2703.8
2752, 2718.84
2753, 2710.88
2754, 2713.82
2755, 2721.94
2756, 2713.9
2757, 2715.88
2758, 2721.94
2759, 2715.9
2760, 2725.98
2761, 2709.86
2762, 2734
2763, 2714.86
2764, 2719.9
2765, 2724.9
2766, 2723.92
2767, 2730.02
2768, 2727.02
2769, 2722.96
2770, 2724.96
2771, 2730.02
2772, 2737.13
2773, 2730.07
2774, 2731.13
2775, 2740.15
2776, 2734.05
2777, 2735.07
2778, 2733.02
2779, 2736.02
2780, 2751.27
2781, 2740.09
2782, 2740.15
2783, 2740.17
2784, 2744.17
2785, 2743.19
2786, 2745.15
2787, 2747.13
2788, 2749.19
2789, 2742.11
2790, 2746.17
2791, 2751.21
2792, 2753.25
2793, 2748.21
2794, 2750.17
2795, 2760.23
2796, 2763.32
2797, 2757.25
2798, 2758.29
2799, 2768.4
2800, 2765.34
2801, 2767.32
2802, 2763.36
2803, 2755.27
2804, 2768.34
2805, 2775.44
2806, 2753.27
2807, 2765.34
2808, 2757.32
2809, 2771.36
2810, 2759.36
2811, 2765.36
2812, 2774.44
2813, 2765.38
2814, 2784.54
2815, 2771.4
2816, 2775.44
2817, 2769.36
2818, 2772.48
2819, 2763.36
2820, 2791.56
2821, 2784.58
2822, 2775.44
2823, 2788.56
2824, 2775.44
2825, 2785.56
2826, 2782.52
2827, 2778.56
2828, 2782.54
2829, 2796.63
2830, 2784.54
2831, 2784.58
2832, 2785.58
2833, 2795.59
2834, 2801.65
2835, 2785.65
2836, 2797.65
2837, 2794.56
2838, 2791.63
2839, 2804.75
2840, 2804.73
2841, 2791.65
2842, 2801.71
2843, 2800.73
2844, 2802.73
2845, 2801.67
2846, 2802.73
2847, 2789.59
2848, 2810.77
2849, 2807.75
2850, 2822.81
2851, 2803.71
2852, 2799.73
2853, 2807.85
2854, 2810.81
2855, 2809.71
2856, 2810.79
2857, 2809.85
2858, 2814.86
2859, 2815.85
2860, 2822.92
2861, 2824.9
2862, 2824.9
2863, 2815.83
2864, 2818.88
2865, 2821.9
2866, 2832.96
2867, 2827.98
2868, 2826.9
2869, 2831.02
2870, 2832
2871, 2833.02
2872, 2827.98
2873, 2816.9
2874, 2851.15
2875, 2826.02
2876, 2828.02
2877, 2836.04
2878, 2838.04
2879, 2841.1
2880, 2835.06
2881, 2846.06
2882, 2855.23
2883, 2839.08
2884, 2846.1
2885, 2847.15
2886, 2837.06
2887, 2847.06
2888, 2848.1
2889, 2843.12
2890, 2865.29
2891, 2853.23
2892, 2856.19
2893, 2855.23
2894, 2851.13
2895, 2853.17
2896, 2863.27
2897, 2859.21
2898, 2861.23
2899, 2857.19
2900, 2846.17
2901, 2865.27
2902, 2853.21
2903, 2870.35
2904, 2862.29
2905, 2871.35
2906, 2853.21
2907, 2868.31
2908, 2870.33
2909, 2871.33
2910, 2869.33
2911, 2857.27
2912, 2882.42
2913, 2866.33
2914, 2872.37
2915, 2871.4
2916, 2872.42
2917, 2872.35
2918, 2864.35
2919, 2877.4
2920, 2880.46
2921, 2882.44
2922, 2883.48
2923, 2872.39
2924, 2882.48
2925, 2881.52
2926, 2874.39
2927, 2884.48
2928, 2889.5
2929, 2893.54
2930, 2881.44
2931, 2887.52
2932, 2886.5
2933, 2891.56
2934, 2886.48
2935, 2888.52
2936, 2894.6
2937, 2894.58
2938, 2893.62
2939, 2893.58
2940, 2898.67
2941, 2887.46
2942, 2903.67
2943, 2886.52
2944, 2887.66
2945, 2894.58
2946, 2910.69
2947, 2907.66
2948, 2901.66
2949, 2914.81
2950, 2903.64
2951, 2900.67
2952, 2915.71
2953, 2904.64
2954, 2903.67
2955, 2914.79
2956, 2914.81
2957, 2903.67
2958, 2919.79
2959, 2918.75
2960, 2907.71
2961, 2912.79
2962, 2913.83
2963, 2917.77
2964, 2917.79
2965, 2923.81
2966, 2920.87
2967, 2908.77
2968, 2915.81
2969, 2924.89
2970, 2931.91
2971, 2924.87
2972, 2933.98
2973, 2933
2974, 2918.85
2975, 2930.98
2976, 2922.91
2977, 2928.96
2978, 2942
2979, 2930.96
2980, 2927.96
2981, 2930.93
2982, 2936.98
2983, 2940
2984, 2941.98
2985, 2940.04
2986, 2937.02
2987, 2932.96
2988, 2942
2989, 2943.04
2990, 2939.04
2991, 2940.04
2992, 2947.04
2993, 2939
2994, 2950.1
2995, 2947.08
2996, 2947.12
2997, 2949.14
2998, 2959.18
2999, 2954.16
3000, 2951.14
3001, 2964.23
3002, 2965.2
3003, 2955.18
3004, 2958.23
3005, 2959.23
3006, 2960.25
3007, 2964.27
3008, 2967.27
3009, 2967.31
3010, 2961.22
3011, 2968.27
3012, 2970.29
3013, 2972.29
3014, 2977.39
3015, 2979.47
3016, 2977.41
3017, 2973.41
3018, 2978.49
3019, 2983.39
3020, 2980.43
3021, 2972.39
3022, 2986.5
3023, 2979.39
3024, 2978.45
3025, 2985.47
3026, 2977.41
3027, 2985.45
3028, 2979.45
3029, 2987.43
3030, 2984.5
3031, 2985.41
3032, 2987.47
3033, 2992.5
3034, 2988.58
3035, 2998.6
3036, 2985.47
3037, 3000.6
3038, 2986.47
3039, 2994.56
3040, 3001.6
3041, 2990.54
3042, 3001.62
3043, 2997.58
3044, 3001.6
3045, 2999.56
3046, 2999.56
3047, 3002.64
3048, 3003.58
3049, 3004.66
3050, 2996.58
3051, 2997.58
3052, 3003.6
3053, 3014.74
3054, 3011.76
3055, 3012.74
3056, 3006.66
3057, 3011.68
3058, 3008.7
3059, 3012.72
3060, 3027.83
3061, 3002.68
3062, 3020.79
3063, 3026.77
3064, 3020.76
3065, 3019.85
3066, 3025.81
3067, 3022.81
3068, 3018.76
3069, 3020.81
3070, 3026.83
3071, 3019.79
3072, 3018.83
3073, 3027.89
3074, 3024.87
3075, 3031.87
3076, 3019.79
3077, 3031.89
3078, 3036.99
3079, 3030.85
3080, 3036.91
3081, 3049.01
3082, 3032.93
3083, 3033.93
3084, 3038.01
3085, 3040.95
3086, 3045.03
3087, 3039.99
3088, 3033.93
3089, 3038.03
3090, 3048.08
3091, 3045.01
3092, 3050.08
3093, 3049.08
3094, 3047.06
3095, 3044.08
3096, 3047.08
3097, 3064.14
3098, 3049.08
3099, 3047.1
3100, 3063.14
3101, 3049.03
3102, 3057.14
3103, 3051.1
3104, 3058.1
3105, 3061.16
3106, 3062.2
3107, 3070.24
3108, 3059.18
3109, 3072.26
3110, 3074.26
3111, 3056.12
3112, 3073.26
3113, 3070.3
3114, 3084.41
3115, 3067.24
3116, 3084.33
3117, 3074.33
3118, 3059.18
3119, 3082.33
3120, 3079.32
3121, 3075.3
3122, 3074.3
3123, 3077.35
3124, 3078.37
3125, 3079.35
3126, 3081.39
3127, 3087.45
3128, 3079.43
3129, 3087.43
3130, 3092.49
3131, 3088.41
3132, 3095.45
3133, 3084.39
3134, 3082.41
3135, 3083.43
3136, 3093.45
3137, 3092.49
3138, 3093.47
3139, 3090.47
3140, 3090.49
3141, 3094.49
3142, 3097.53
3143, 3108.62
3144, 3109.57
3145, 3096.49
3146, 3103.53
3147, 3102.59
3148, 3105.57
3149, 3106.6
3150, 3110.62
3151, 3108.62
3152, 3118.68
3153, 3112.64
3154, 3104.64
3155, 3113.7
3156, 3122.76
3157, 3122.8
3158, 3112.64
3159, 3118.66
3160, 3117.66
3161, 3120.7
3162, 3112.7
3163, 3118.68
3164, 3120.72
3165, 3112.66
3166, 3120.7
3167, 3113.76
3168, 3117.72
3169, 3126.84
3170, 3123.78
3171, 3126.8
3172, 3131.82
3173, 3125.76
3174, 3129.89
3175, 3127.84
3176, 3131.86
3177, 3133.89
3178, 3129.8
3179, 3134.86
3180, 3130.84
3181, 3140.95
3182, 3142.95
3183, 3136.86
3184, 3145.97
3185, 3141.89
3186, 3134.93
3187, 3141.97
3188, 3148.03
3189, 3147.05
3190, 3131.87
3191, 3145.99
3192, 3150.01
3193, 3153.03
3194, 3137.97
3195, 3146.99
3196, 3154.03
3197, 3153.05
3198, 3151.07
3199, 3151.09
3200, 3162.14
3201, 3145.03
3202, 3144.95
3203, 3151.07
3204, 3155.13
3205, 3158.11
3206, 3159.07
3207, 3161.11
3208, 3151.13
3209, 3157.14
3210, 3158.13
3211, 3159.16
3212, 3168.2
3213, 3166.14
3214, 3167.22
3215, 3175.24
3216, 3163.2
3217, 3178.28
3218, 3174.3
3219, 3167.2
3220, 3183.34
3221, 3175.3
3222, 3175.24
3223, 3181.38
3224, 3180.3
3225, 3178.34
3226, 3178.34
3227, 3174.3
3228, 3192.42
3229, 3186.38
3230, 3171.24
3231, 3179.4
3232, 3188.4
3233, 3186.36
3234, 3192.43
3235, 3188.42
3236, 3195.42
3237, 3177.38
3238, 3191.45
3239, 3199.47
3240, 3201.49
3241, 3206.53
3242, 3198.49
3243, 3198.51
3244, 3193.43
3245, 3194.47
3246, 3201.49
3247, 3195.49
3248, 3199.49
3249, 3202.53
3250, 3200.49
3251, 3209.55
3252, 3210.57
3253, 3208.59
3254, 3207.61
3255, 3201.61
3256, 3200.61
3257, 3206.59
3258, 3212.63
3259, 3221.74
3260, 3227.74
3261, 3216.63
3262, 3215.67
3263, 3213.59
3264, 3215.67
3265, 3217.67
3266, 3224.72
3267, 3215.63
3268, 3224.74
3269, 3229.74
3270, 3238.86
3271, 3230.76
3272, 3227.74
3273, 3233.8
3274, 3235.84
3275, 3226.78
3276, 3227.74
3277, 3231.82
3278, 3230.82
3279, 3242.92
3280, 3230.84
3281, 3237.9
3282, 3231.84
3283, 3225.76
3284, 3232.88
3285, 3237.84
3286, 3247.97
3287, 3238.84
3288, 3241.94
3289, 3245.92
3290, 3236.84
3291, 3244.97
3292, 3244.94
3293, 3245.99
3294, 3247.92
3295, 3258.09
3296, 3240.96
3297, 3249.03
3298, 3253.03
3299, 3270.19
3300, 3243.94
3301, 3253.01
3302, 3258.03
3303, 3254.03
3304, 3255.05
3305, 3258.01
3306, 3257.07
3307, 3257.03
3308, 3268.13
3309, 3258.05
3310, 3263.05
3311, 3263.05
3312, 3263.09
3313, 3267.13
3314, 3268.13
3315, 3274.19
3316, 3269.21
3317, 3268.13
3318, 3268.21
3319, 3273.19
3320, 3280.26
3321, 3281.28
3322, 3273.23
3323, 3272.17
3324, 3283.28
3325, 3273.21
3326, 3278.26
3327, 3269.21
3328, 3278.32
3329, 3281.26
3330, 3282.28
3331, 3281.3
3332, 3279.26
3333, 3289.4
3334, 3285.3
3335, 3285.34
3336, 3284.32
3337, 3288.36
3338, 3299.5
3339, 3285.4
3340, 3301.42
3341, 3303.5
3342, 3297.38
3343, 3305.48
3344, 3295.46
3345, 3303.51
3346, 3295.46
3347, 3300.46
3348, 3301.46
3349, 3313.57
3350, 3310.53
3351, 3310.51
3352, 3301.48
3353, 3311.51
3354, 3305.5
3355, 3308.55
3356, 3300.53
3357, 3312.53
3358, 3303.48
3359, 3314.53
3360, 3321.61
3361, 3317.55
3362, 3309.61
3363, 3311.61
3364, 3318.57
3365, 3319.63
3366, 3324.73
3367, 3315.61
3368, 3319.63
3369, 3324.69
3370, 3321.73
3371, 3322.71
3372, 3325.73
3373, 3320.69
3374, 3326.69
3375, 3322.71
3376, 3322.65
3377, 3332.77
3378, 3337.84
3379, 3331.71
3380, 3336.86
3381, 3335.84
3382, 3344.84
3383, 3330.8
3384, 3328.79
3385, 3336.82
3386, 3339.82
3387, 3336.82
3388, 3336.79
3389, 3337.92
3390, 3337.8
3391, 3335.84
3392, 3341.88
3393, 3340.84
3394, 3373.09
3395, 3349.88
3396, 3350.96
3397, 3339.9
3398, 3350.94
3399, 3361.04
3400, 3348.98
3401, 3344.94
3402, 3359.04
3403, 3369.11
3404, 3363.09
3405, 3370.09
3406, 3352.96
3407, 3363.09
3408, 3364.07
3409, 3367.07
3410, 3364.04
3411, 3369.09
3412, 3360.07
3413, 3361.07
3414, 3358.06
3415, 3366.13
3416, 3370.09
3417, 3372.15
3418, 3370.09
3419, 3372.15
3420, 3382.21
3421, 3369.09
3422, 3371.17
3423, 3373.15
3424, 3362.11
3425, 3369.17
3426, 3369.17
3427, 3382.27
3428, 3379.21
3429, 3373.17
3430, 3378.23
3431, 3381.21
3432, 3388.29
3433, 3376.17
3434, 3393.29
3435, 3388.34
3436, 3393.36
3437, 3394.34
3438, 3382.27
3439, 3389.34
3440, 3388.31
3441, 3394.38
3442, 3396.38
3443, 3393.34
3444, 3389.33
3445, 3385.31
3446, 3396.34
3447, 3401.38
3448, 3410.46
3449, 3399.44
3450, 3402.42
3451, 3401.46
3452, 3401.44
3453, 3410.44
3454, 3399.44
3455, 3401.42
3456, 3402.46
3457, 3406.48
3458, 3402.44
3459, 3406.5
3460, 3410.5
3461, 3404.42
3462, 3414.6
3463, 3420.61
3464, 3412.52
3465, 3406.54
3466, 3435.73
3467, 3421.61
3468, 3410.58
3469, 3427.65
3470, 3421.61
3471, 3416.56
3472, 3417.56
3473, 3411.58
3474, 3426.65
3475, 3420.65
3476, 3427.71
3477, 3434.75
3478, 3428.71
3479, 3423.67
3480, 3418.63
3481, 3439.75
3482, 3428.71
3483, 3431.71
3484, 3433.75
3485, 3436.77
3486, 3443.83
3487, 3444.79
3488, 3438.81
3489, 3432.75
3490, 3447.87
3491, 3436.79
3492, 3445.77
3493, 3444.81
3494, 3449.87
3495, 3446.87
3496, 3444.85
3497, 3450.87
3498, 3451.9
3499, 3455.9
3500, 3454.96
3501, 3453.9
3502, 3447.9
3503, 3440.85
3504, 3446.9
3505, 3447.92
3506, 3460.96
3507, 3466.08
3508, 3460.02
3509, 3459
3510, 3457.96
3511, 3471.1
3512, 3457.02
3513, 3467.04
3514, 3468.06
3515, 3452.98
3516, 3470.12
3517, 3463.04
3518, 3481.19
3519, 3468.08
3520, 3483.21
3521, 3471.08
3522, 3479.16
3523, 3472.1
3524, 3475.17
3525, 3478.14
3526, 3479.12
3527, 3486.27
3528, 3473.14
3529, 3477.12
3530, 3477.17
3531, 3475.17
3532, 3484.21
3533, 3484.23
3534, 3478.16
3535, 3484.25
3536, 3485.19
3537, 3489.27
3538, 3491.25
3539, 3483.25
3540, 3488.25
3541, 3492.31
3542, 3500.35
3543, 3486.21
3544, 3486.25
3545, 3497.33
3546, 3492.35
3547, 3503.41
3548, 3502.41
3549, 3501.37
3550, 3496.35
3551, 3505.39
3552, 3506.37
3553, 3497.41
3554, 3501.43
3555, 3506.46
3556, 3507.41
3557, 3514.46
3558, 3505.44
3559, 3506.41
3560, 3504.44
3561, 3510.43
3562, 3512.5
3563, 3514.52
3564, 3507.48
3565, 3507.5
3566, 3513.54
3567, 3515.48
3568, 3511.52
3569, 3507.52
3570, 3517.52
3571, 3519.54
3572, 3516.54
3573, 3521.56
3574, 3522.56
3575, 3534.68
3576, 3529.58
3577, 3526.6
3578, 3532.64
3579, 3526.62
3580, 3532.7
3581, 3522.62
3582, 3524.62
3583, 3530.66
3584, 3537.7
3585, 3535.73
3586, 3532.68
3587, 3523.68
3588, 3534.68
3589, 3546.81
3590, 3546.75
3591, 3540.77
3592, 3544.71
3593, 3541.79
3594, 3543.83
3595, 3552.81
3596, 3542.81
3597, 3546.87
3598, 3551.89
3599, 3549.83
3600, 3551.83
3601, 3538.81
3602, 3538.77
3603, 3548.83
3604, 3556.93
3605, 3554.87
3606, 3557.95
3607, 3555.87
3608, 3551.91
3609, 3557.95
3610, 3558.91
3611, 3561.97
3612, 3562.97
3613, 3560.97
3614, 3560.97
3615, 3566.02
3616, 3571.04
3617, 3566.02
3618, 3567.08
3619, 3570.08
3620, 3555.97
3621, 3558.95
3622, 3581.14
3623, 3567.02
3624, 3577.12
3625, 3579.12
3626, 3590.2
3627, 3574.1
3628, 3576.16
3629, 3576.14
3630, 3588.2
3631, 3570.1
3632, 3578.12
3633, 3591.27
3634, 3580.16
3635, 3588.18
3636, 3586.22
3637, 3579.18
3638, 3588.22
3639, 3584.2
3640, 3590.31
3641, 3587.18
3642, 3598.31
3643, 3598.31
3644, 3597.31
3645, 3598.29
3646, 3596.24
3647, 3597.27
3648, 3605.35
3649, 3590.25
3650, 3602.29
3651, 3590.22
3652, 3599.29
3653, 3595.35
3654, 3607.39
3655, 3599.35
3656, 3602.39
3657, 3618.47
3658, 3609.41
3659, 3608.43
3660, 3608.41
3661, 3617.49
3662, 3610.39
3663, 3620.58
3664, 3603.37
3665, 3602.35
3666, 3611.51
3667, 3610.45
3668, 3614.53
3669, 3610.45
3670, 3629.53
3671, 3615.49
3672, 3634.62
3673, 3616.51
3674, 3617.49
3675, 3625.54
3676, 3622.56
3677, 3626.62
3678, 3619.51
3679, 3618.56
3680, 3632.6
3681, 3636.72
3682, 3637.66
3683, 3634.6
3684, 3642.72
3685, 3648.78
3686, 3639.76
3687, 3634.64
3688, 3645.8
3689, 3638.66
3690, 3640.76
3691, 3643.7
3692, 3642.78
3693, 3641.74
3694, 3639.7
3695, 3648.78
3696, 3639.68
3697, 3646.74
3698, 3642.76
3699, 3645.8
3700, 3637.8
3701, 3653.83
3702, 3647.74
3703, 3651.85
3704, 3651.83
3705, 3649.8
3706, 3642.81
3707, 3646.76
3708, 3653.87
3709, 3645.83
3710, 3654.89
3711, 3660.87
3712, 3656.91
3713, 3661.91
3714, 3652.81
3715, 3656.87
3716, 3664.97
3717, 3658.89
3718, 3662.97
3719, 3673.99
3720, 3658.87
3721, 3667.99
3722, 3665.97
3723, 3660.93
3724, 3666.97
3725, 3663.01
3726, 3672.05
3727, 3675.01
3728, 3667.97
3729, 3682.12
3730, 3680.07
3731, 3682.14
3732, 3673.07
3733, 3680.12
3734, 3677.1
3735, 3679.07
3736, 3674.05
3737, 3681.1
3738, 3695.24
3739, 3693.22
3740, 3683.14
3741, 3679.14
3742, 3686.14
3743, 3695.22
3744, 3696.3
3745, 3691.18
3746, 3706.3
3747, 3694.26
3748, 3695.22
3749, 3706.3
3750, 3696.24
3751, 3698.3
3752, 3707.34
3753, 3702.3
3754, 3696.22
3755, 3697.32
3756, 3697.32
3757, 3707.34
3758, 3706.3
3759, 3713.37
3760, 3715.41
3761, 3711.39
3762, 3710.37
3763, 3712.41
3764, 3704.32
3765, 3714.43
3766, 3711.39
3767, 3711.39
3768, 3711.43
3769, 3715.45
3770, 3714.35
3771, 3723.51
3772, 3713.47
3773, 3731.57
3774, 3724.51
3775, 3728.57
3776, 3730.57
3777, 3719.49
3778, 3730.57
3779, 3735.59
3780, 3717.51
3781, 3733.57
3782, 3728.57
3783, 3735.63
3784, 3735.59
3785, 3737.64
3786, 3737.66
3787, 3734.59
3788, 3739.64
3789, 3732.57
3790, 3737.61
3791, 3748.7
3792, 3746.7
3793, 3735.59
3794, 3751.76
3795, 3734.63
3796, 3748.68
3797, 3743.7
3798, 3740.7
3799, 3747.76
3800, 3753.78
3801, 3747.72
3802, 3747.72
3803, 3750.78
3804, 3748.74
3805, 3755.84
3806, 3750.78
3807, 3754.86
3808, 3761.82
3809, 3754.8
3810, 3744.74
3811, 3759.82
3812, 3772.91
3813, 3750.8
3814, 3768.9
3815, 3754.84
3816, 3743.76
3817, 3762.9
3818, 3776.01
3819, 3767.88
3820, 3759.9
3821, 3776.97
3822, 3771.01
3823, 3768.95
3824, 3757.86
3825, 3766.95
3826, 3772.99
3827, 3781.05
3828, 3767.95
3829, 3778.99
3830, 3770.97
3831, 3785.15
3832, 3775.95
3833, 3776.03
3834, 3772.01
3835, 3776.07
3836, 3773.95
3837, 3781.11
3838, 3782.09
3839, 3778.07
3840, 3786.07
3841, 3789.11
3842, 3781.01
3843, 3798.15
3844, 3791.13
3845, 3795.18
3846, 3794.11
3847, 3787.13
3848, 3795.13
3849, 3797.2
3850, 3799.24
3851, 3803.26
3852, 3799.22
3853, 3788.09
3854, 3799.26
3855, 3794.18
3856, 3797.24
3857, 3802.26
3858, 3805.26
3859, 3808.28
3860, 3798.26
3861, 3809.4
3862, 3804.36
3863, 3818.45
3864, 3811.38
3865, 3813.36
3866, 3812.34
3867, 3818.38
3868, 3818.42
3869, 3809.32
3870, 3814.36
3871, 3807.32
3872, 3806.34
3873, 3810.36
3874, 3809.38
3875, 3820.44
3876, 3816.38
3877, 3818.45
3878, 3817.42
3879, 3838.61
3880, 3829.53
3881, 3820.44
3882, 3821.42
3883, 3842.61
3884, 3833.53
3885, 3827.53
3886, 3822.45
3887, 3832.53
3888, 3831.55
3889, 3840.57
3890, 3835.61
3891, 3832.59
3892, 3837.55
3893, 3839.59
3894, 3828.47
3895, 3840.61
3896, 3845.59
3897, 3834.55
3898, 3848.63
3899, 3844.65
3900, 3850.69
3901, 3842.61
3902, 3851.72
3903, 3846.67
3904, 3846.63
3905, 3846.69
3906, 3846.69
3907, 3847.72
3908, 3847.72
3909, 3852.78
3910, 3857.78
3911, 3859.8
3912, 3862.86
3913, 3851.74
3914, 3854.74
3915, 3857.8
3916, 3844.72
3917, 3865.82
3918, 3858.82
3919, 3867.88
3920, 3862.8
3921, 3868.86
3922, 3863.86
3923, 3864.86
3924, 3870.88
3925, 3870.94
3926, 3861.84
3927, 3877.98
3928, 3860.86
3929, 3867.88
3930, 3867.92
3931, 3874.92
3932, 3871.94
3933, 3887.05
3934, 3873.98
3935, 3877
3936, 3874.98
3937, 3877.96
3938, 3884.03
3939, 3882
3940, 3875.98
3941, 3888.03
3942, 3887.07
3943, 3891.05
3944, 3892.13
3945, 3877.01
3946, 3892.11
3947, 3881.07
3948, 3891.11
3949, 3882.01
3950, 3884.05
3951, 3894.15
3952, 3897.17
3953, 3897.17
3954, 3888.13
3955, 3898.17
3956, 3892.11
3957, 3902.23
3958, 3898.17
3959, 3896.13
3960, 3894.19
3961, 3906.25
3962, 3893.19
3963, 3901.17
3964, 3888.11
3965, 3910.32
3966, 3897.19
3967, 3903.23
3968, 3915.3
3969, 3898.21
3970, 3911.28
3971, 3911.34
3972, 3914.3
3973, 3918.36
3974, 3915.32
3975, 3912.28
3976, 3908.3
3977, 3923.4
3978, 3921.38
3979, 3919.34
3980, 3924.44
3981, 3930.44
3982, 3916.4
3983, 3924.4
3984, 3928.46
3985, 3924.4
3986, 3927.42
3987, 3928.46
3988, 3934.52
3989, 3940.55
3990, 3925.46
3991, 3930.48
3992, 3933.52
3993, 3932.55
3994, 3926.46
3995, 3940.55
3996, 3939.57
3997, 3934.55
3998, 3929.48
3999, 3927.52
4000, 3940.57
4001, 3934.52
4002, 3933.55
4003, 3942.57
4004, 3937.57
4005, 3937.57
4006, 3942.59
4007, 3934.65
4008, 3941.63
4009, 3949.67
4010, 3957.71
4011, 3949.67
4012, 3949.69
4013, 3945.69
4014, 3954.67
4015, 3952.67
4016, 3955.71
4017, 3958.75
4018, 3956.75
4019, 3961.73
4020, 3957.73
4021, 3953.71
4022, 3948.71
4023, 3960.79
4024, 3964.82
4025, 3962.81
4026, 3971.82
4027, 3966.86
4028, 3962.81
4029, 3968.84
4030, 3960.84
4031, 3964.82
4032, 3973.88
4033, 3962.82
4034, 3974.86
4035, 3977.92
4036, 3967.82
4037, 3967.82
4038, 3978.9
4039, 3974.9
4040, 3970.9
4041, 3973.92
4042, 3973.92
4043, 3971.86
4044, 3978.92
4045, 3972.94
4046, 3971.88
4047, 3978.94
4048, 3972.92
4049, 3962.81
4050, 3972.92
4051, 3980.96
4052, 3983.94
4053, 3979.92
4054, 3977.94
4055, 3982.94
4056, 3976.96
4057, 3976.9
4058, 3982.96
4059, 3973.94
4060, 3973.92
4061, 3980.94
4062, 3970.92
4063, 3982.96
4064, 3976.9
4065, 3981.96
4066, 3979.94
4067, 3983.94
4068, 3987.96
4069, 3982.94
4070, 3968.92
4071, 3969.9
4072, 3980.94
4073, 3978.92
4074, 3976.96
4075, 3976.96
4076, 3968.9
4077, 3969.94
4078, 3973.94
4079, 3980.9
4080, 3976.9
4081, 3978.92
4082, 3985.94
4083, 3975.94
4084, 3969.94
4085, 3975.92
4086, 3983.96
4087, 3972.9
4088, 3976.94
4089, 3973.9
4090, 3975.94
4091, 3981.96
4092, 3972.9
4093, 3971.92
4094, 3982.94
4095, 3981.92
