0, -2.11035
1, -4.13387
2, -0.110351
3, -0.0868311
4, 0.913169
5, 2.93669
6, -0.110351
7, -1.08683
8, -1.08683
9, -2.08683
10, 0.936689
11, 2.93669
12, 5.96021
13, 6.98373
14, 11.0308
15, 2.93669
16, 8.00725
17, 9.03077
18, 13.0308
19, 12.0543
20, 11.0308
21, 17.1013
22, 12.0543
23, 16.0778
24, 20.1249
25, 22.1484
26, 16.0778
27, 20.1484
28, 23.1719
29, 21.1249
30, 18.1249
31, 24.1719
32, 25.1954
33, 25.1954
34, 29.2425
35, 36.313
36, 31.266
37, 32.266
38, 32.313
39, 27.2425
40, 37.3365
41, 34.2895
42, 38.3365
43, 38.3601
44, 35.3365
45, 39.3601
46, 44.4071
47, 45.4306
48, 40.3836
49, 40.3836
50, 46.4306
51, 44.4306
52, 47.4541
53, 48.4777
54, 47.4541
55, 47.4541
56, 48.4777
57, 50.5012
58, 50.4777
59, 56.5482
60, 58.5953
61, 52.5247
62, 53.5482
63, 59.6188
64, 55.5482
65, 56.5717
66, 62.6188
67, 59.5953
68, 63.6423
69, 64.6658
70, 61.6423
71, 66.6658
72, 63.6658
73, 67.7129
74, 69.7129
75, 74.7599
76, 68.7129
77, 72.7364
78, 69.7364
79, 68.6893
80, 76.7834
81, 69.7364
82, 73.7599
83, 77.8069
84, 74.7834
85, 78.8305
86, 73.7834
87, 80.8305
88, 83.8775
89, 79.8305
90, 77.8069
91, 81.854
92, 83.901
93, 83.8775
94, 86.901
95, 82.901
96, 87.9245
97, 93.9951
98, 89.9481
99, 94.9951
100, 90.9716
101, 92.9951
102, 89.9481
103, 95.9951
104, 93.9951
105, 97.0421
106, 97.0186
107, 95.9951
108, 97.0421
109, 103.113
110, 100.066
111, 102.113
112, 98.0657
113, 103.089
114, 102.113
115, 107.136
116, 105.136
117, 103.136
118, 107.16
119, 106.16
120, 111.207
121, 109.183
122, 113.207
123, 110.207
124, 114.277
125, 116.254
126, 113.23
127, 114.23
128, 117.277
129, 116.254
130, 117.277
131, 120.301
132, 119.301
133, 120.301
134, 121.324
135, 125.348
136, 125.348
137, 120.301
138, 125.371
139, 127.395
140, 128.395
141, 129.395
142, 130.442
143, 126.371
144, 130.418
145, 133.466
146, 133.466
147, 135.489
148, 136.489
149, 137.489
150, 138.489
151, 143.56
152, 144.56
153, 137.536
154, 146.583
155, 147.63
156, 146.607
157, 147.607
158, 149.63
159, 150.654
160, 151.654
161, 148.63
162, 150.654
163, 151.701
164, 152.677
165, 151.677
166, 157.724
167, 152.677
168, 159.748
169, 159.748
170, 162.795
171, 160.771
172, 161.795
173, 159.795
174, 161.795
175, 166.842
176, 167.865
177, 162.795
178, 172.889
179, 168.842
180, 167.865
181, 172.889
182, 171.889
183, 171.889
184, 175.959
185, 175.936
186, 174.936
187, 173.936
188, 178.983
189, 179.006
190, 180.006
191, 183.03
192, 185.054
193, 181.03
194, 183.054
195, 184.054
196, 184.054
197, 186.077
198, 188.077
199, 187.101
200, 192.148
201, 190.101
202, 191.148
203, 191.124
204, 196.171
205, 193.148
206, 194.195
207, 198.195
208, 200.242
209, 198.195
210, 204.289
211, 199.218
212, 200.218
213, 201.218
214, 199.242
215, 203.265
216, 205.265
217, 201.265
218, 205.312
219, 204.289
220, 210.359
221, 204.289
222, 211.359
223, 210.359
224, 209.359
225, 213.383
226, 212.383
227, 208.359
228, 222.5
229, 211.383
230, 213.406
231, 217.43
232, 213.43
233, 219.43
234, 222.477
235, 222.477
236, 223.5
237, 222.477
238, 224.524
239, 225.524
240, 221.5
241, 229.594
242, 223.5
243, 226.547
244, 226.571
245, 228.547
246, 230.594
247, 225.547
248, 233.618
249, 235.642
250, 234.642
251, 234.642
252, 233.618
253, 232.642
254, 236.665
255, 237.665
256, 237.665
257, 241.712
258, 243.736
259, 243.736
260, 246.759
261, 245.736
262, 245.759
263, 243.736
264, 248.806
265, 248.806
266, 252.83
267, 250.83
268, 251.83
269, 255.877
270, 255.877
271, 255.9
272, 254.877
273, 256.9
274, 258.924
275, 257.924
276, 257.9
277, 261.947
278, 258.924
279, 267.018
280, 262.947
281, 269.018
282, 266.994
283, 273.065
284, 268.041
285, 273.088
286, 272.088
287, 270.065
288, 274.088
289, 273.088
290, 276.135
291, 278.159
292, 277.135
293, 279.159
294, 280.183
295, 281.183
296, 279.159
297, 283.183
298, 280.183
299, 286.206
300, 286.23
301, 285.23
302, 290.277
303, 288.253
304, 293.324
305, 292.277
306, 290.3
307, 294.324
308, 291.3
309, 291.3
310, 294.347
311, 298.371
312, 295.347
313, 303.418
314, 300.394
315, 302.441
316, 296.371
317, 299.394
318, 304.441
319, 306.465
320, 304.465
321, 311.512
322, 311.535
323, 310.512
324, 310.512
325, 310.488
326, 312.535
327, 310.535
328, 310.535
329, 311.535
330, 313.559
331, 312.559
332, 313.535
333, 314.559
334, 317.606
335, 322.653
336, 318.606
337, 320.653
338, 322.629
339, 323.676
340, 325.676
341, 326.7
342, 327.723
343, 322.676
344, 328.723
345, 328.723
346, 331.771
347, 331.771
348, 329.723
349, 329.747
350, 336.818
351, 328.771
352, 332.794
353, 334.818
354, 339.865
355, 338.818
356, 332.794
357, 337.865
358, 337.841
359, 345.912
360, 338.888
361, 342.888
362, 342.888
363, 345.935
364, 341.935
365, 346.935
366, 345.912
367, 353.006
368, 348.959
369, 347.982
370, 349.982
371, 353.006
372, 348.982
373, 352.006
374, 357.053
375, 353.006
376, 358.076
377, 356.053
378, 359.053
379, 364.123
380, 361.1
381, 364.147
382, 366.147
383, 362.1
384, 365.17
385, 367.147
386, 367.17
387, 363.123
388, 368.194
389, 364.147
390, 369.194
391, 373.241
392, 372.241
393, 373.241
394, 373.241
395, 374.241
396, 372.241
397, 380.335
398, 377.288
399, 380.335
400, 378.311
401, 381.335
402, 383.359
403, 382.359
404, 382.359
405, 387.406
406, 382.359
407, 386.406
408, 391.453
409, 387.429
410, 390.429
411, 392.453
412, 391.476
413, 394.476
414, 392.453
415, 396.523
416, 395.523
417, 396.5
418, 400.547
419, 399.57
420, 401.594
421, 402.594
422, 404.57
423, 405.641
424, 403.617
425, 405.641
426, 406.641
427, 407.641
428, 407.664
429, 411.688
430, 412.711
431, 411.688
432, 415.735
433, 405.641
434, 415.758
435, 413.735
436, 417.758
437, 421.805
438, 416.758
439, 417.758
440, 418.805
441, 421.805
442, 429.899
443, 427.876
444, 424.852
445, 424.852
446, 429.899
447, 433.923
448, 431.899
449, 429.899
450, 432.923
451, 429.899
452, 433.947
453, 437.994
454, 434.947
455, 432.97
456, 436.97
457, 442.041
458, 438.994
459, 436.994
460, 437.994
461, 435.994
462, 439.017
463, 444.088
464, 445.064
465, 448.111
466, 442.064
467, 443.088
468, 447.111
469, 448.135
470, 454.182
471, 451.135
472, 455.182
473, 453.158
474, 453.182
475, 453.182
476, 454.205
477, 458.229
478, 457.229
479, 454.205
480, 455.205
481, 460.252
482, 457.229
483, 460.276
484, 465.323
485, 461.276
486, 466.346
487, 466.346
488, 461.299
489, 464.323
490, 467.346
491, 468.346
492, 467.346
493, 470.37
494, 472.393
495, 466.346
496, 474.44
497, 475.44
498, 472.417
499, 476.44
500, 477.44
501, 472.417
502, 474.44
503, 481.487
504, 478.464
505, 480.487
506, 483.487
507, 481.487
508, 487.582
509, 483.558
510, 486.558
511, 485.558
512, 487.582
513, 493.652
514, 492.652
515, 492.605
516, 490.605
517, 496.676
518, 493.652
519, 496.676
520, 496.676
521, 495.652
522, 496.676
523, 498.699
524, 499.699
525, 493.676
526, 499.723
527, 502.746
528, 504.77
529, 502.793
530, 504.793
531, 505.817
532, 500.77
533, 508.84
534, 509.84
535, 516.887
536, 509.84
537, 509.864
538, 512.887
539, 512.887
540, 519.934
541, 515.911
542, 508.864
543, 525.005
544, 522.981
545, 523.005
546, 519.958
547, 527.028
548, 525.005
549, 528.028
550, 528.052
551, 526.028
552, 529.052
553, 531.076
554, 533.099
555, 532.099
556, 534.099
557, 529.052
558, 535.146
559, 536.17
560, 534.146
561, 538.17
562, 537.146
563, 538.17
564, 540.193
565, 540.193
566, 540.217
567, 544.24
568, 548.287
569, 549.287
570, 549.287
571, 546.264
572, 552.311
573, 553.334
574, 549.287
575, 550.311
576, 554.358
577, 551.334
578, 552.358
579, 556.358
580, 556.381
581, 567.499
582, 563.452
583, 558.405
584, 557.381
585, 561.428
586, 564.475
587, 569.499
588, 560.452
589, 567.522
590, 569.522
591, 567.522
592, 572.569
593, 563.475
594, 574.569
595, 573.569
596, 570.522
597, 572.569
598, 570.522
599, 575.593
600, 574.569
601, 575.593
602, 580.664
603, 574.593
604, 575.616
605, 577.64
606, 582.664
607, 583.711
608, 587.734
609, 586.711
610, 585.711
611, 586.711
612, 586.711
613, 587.734
614, 589.781
615, 592.781
616, 593.781
617, 592.781
618, 591.781
619, 591.781
620, 594.805
621, 590.781
622, 595.828
623, 598.852
624, 595.828
625, 600.875
626, 595.828
627, 599.899
628, 597.875
629, 602.875
630, 602.899
631, 601.922
632, 603.946
633, 599.922
634, 606.969
635, 604.946
636, 606.969
637, 605.946
638, 609.993
639, 607.969
640, 608.993
641, 608.993
642, 614.063
643, 613.04
644, 618.087
645, 619.11
646, 618.087
647, 614.063
648, 618.087
649, 620.134
650, 619.11
651, 622.157
652, 624.157
653, 627.204
654, 626.181
655, 626.204
656, 624.157
657, 631.228
658, 633.275
659, 631.228
660, 628.228
661, 636.299
662, 632.275
663, 630.252
664, 638.346
665, 636.299
666, 639.346
667, 640.369
668, 639.346
669, 641.369
670, 642.369
671, 644.393
672, 644.416
673, 644.393
674, 647.44
675, 650.463
676, 645.416
677, 647.44
678, 654.51
679, 652.51
680, 656.534
681, 651.487
682, 654.51
683, 653.51
684, 658.557
685, 655.534
686, 656.557
687, 662.604
688, 654.534
689, 662.604
690, 658.581
691, 662.604
692, 659.581
693, 668.675
694, 666.698
695, 670.698
696, 668.675
697, 670.698
698, 672.722
699, 670.722
700, 675.745
701, 673.745
702, 673.745
703, 678.816
704, 679.792
705, 677.769
706, 681.84
707, 679.816
708, 684.84
709, 683.84
710, 685.887
711, 685.887
712, 683.863
713, 687.91
714, 687.91
715, 687.91
716, 690.934
717, 689.934
718, 692.934
719, 685.887
720, 688.957
721, 690.957
722, 691.981
723, 693.957
724, 692.981
725, 699.028
726, 698.028
727, 698.028
728, 697.028
729, 699.028
730, 703.075
731, 698.051
732, 700.051
733, 702.051
734, 700.051
735, 708.145
736, 709.169
737, 703.075
738, 710.145
739, 710.145
740, 715.169
741, 715.216
742, 712.169
743, 710.192
744, 713.192
745, 713.216
746, 716.216
747, 713.216
748, 717.239
749, 720.263
750, 715.239
751, 725.31
752, 717.239
753, 722.286
754, 723.31
755, 725.333
756, 727.357
757, 723.31
758, 727.357
759, 730.381
760, 725.357
761, 723.333
762, 732.404
763, 729.381
764, 729.381
765, 731.404
766, 736.475
767, 733.451
768, 731.451
769, 738.498
770, 734.451
771, 736.475
772, 745.545
773, 744.569
774, 738.522
775, 743.545
776, 742.545
777, 746.569
778, 741.522
779, 748.592
780, 744.569
781, 743.569
782, 745.592
783, 750.639
784, 751.663
785, 757.686
786, 750.663
787, 751.663
788, 753.663
789, 756.686
790, 759.757
791, 755.686
792, 767.804
793, 761.78
794, 763.757
795, 763.78
796, 762.78
797, 765.804
798, 766.827
799, 761.78
800, 766.804
801, 767.804
802, 772.874
803, 772.874
804, 773.874
805, 771.874
806, 772.898
807, 772.921
808, 778.969
809, 778.945
810, 783.016
811, 775.945
812, 780.992
813, 786.039
814, 780.992
815, 784.016
816, 786.039
817, 785.039
818, 785.039
819, 790.086
820, 792.11
821, 791.11
822, 786.039
823, 794.133
824, 792.133
825, 796.157
826, 797.18
827, 799.18
828, 799.157
829, 799.204
830, 800.204
831, 797.18
832, 800.227
833, 802.251
834, 804.274
835, 804.227
836, 804.227
837, 806.274
838, 808.298
839, 809.321
840, 808.298
841, 809.321
842, 814.392
843, 814.368
844, 811.321
845, 814.368
846, 818.415
847, 819.415
848, 817.415
849, 813.368
850, 816.392
851, 821.439
852, 820.439
853, 820.439
854, 822.486
855, 823.486
856, 830.557
857, 823.509
858, 826.509
859, 826.509
860, 827.533
861, 835.604
862, 832.604
863, 832.58
864, 832.58
865, 832.604
866, 837.627
867, 831.58
868, 834.604
869, 836.627
870, 834.627
871, 837.627
872, 839.674
873, 836.651
874, 836.627
875, 842.698
876, 842.721
877, 840.674
878, 842.721
879, 847.745
880, 848.768
881, 851.792
882, 849.768
883, 846.768
884, 849.768
885, 847.768
886, 850.815
887, 849.815
888, 858.862
889, 850.792
890, 853.839
891, 854.839
892, 859.886
893, 857.862
894, 858.886
895, 863.933
896, 862.956
897, 861.909
898, 861.909
899, 866.98
900, 863.956
901, 864.956
902, 864.933
903, 868.003
904, 871.027
905, 869.003
906, 870.027
907, 868.027
908, 874.05
909, 874.074
910, 872.05
911, 875.074
912, 873.074
913, 878.097
914, 883.168
915, 878.121
916, 880.121
917, 881.168
918, 883.192
919, 884.215
920, 888.215
921, 888.215
922, 888.239
923, 888.239
924, 889.239
925, 891.262
926, 894.286
927, 887.239
928, 890.262
929, 895.309
930, 893.333
931, 895.309
932, 896.333
933, 902.403
934, 902.38
935, 904.427
936, 903.403
937, 904.427
938, 901.38
939, 909.474
940, 907.45
941, 910.474
942, 908.45
943, 909.474
944, 908.474
945, 915.544
946, 914.521
947, 913.521
948, 912.521
949, 915.544
950, 917.568
951, 918.591
952, 916.568
953, 916.568
954, 921.615
955, 922.591
956, 923.638
957, 926.686
958, 926.662
959, 928.686
960, 924.662
961, 923.638
962, 929.709
963, 927.686
964, 929.709
965, 929.709
966, 933.756
967, 933.756
968, 932.756
969, 935.78
970, 938.803
971, 933.78
972, 938.827
973, 939.827
974, 941.85
975, 942.85
976, 935.803
977, 937.803
978, 942.874
979, 943.874
980, 944.897
981, 944.897
982, 942.874
983, 943.874
984, 947.921
985, 946.921
986, 947.944
987, 951.968
988, 948.944
989, 953.991
990, 953.991
991, 953.991
992, 953.015
993, 954.015
994, 956.038
995, 959.062
996, 958.038
997, 965.085
998, 961.085
999, 962.085
1000, 961.085
1001, 966.109
1002, 963.109
1003, 967.156
1004, 964.109
1005, 970.156
1006, 970.179
1007, 968.156
1008, 969.179
1009, 970.179
1010, 970.179
1011, 973.203
1012, 972.226
1013, 973.25
1014, 973.25
1015, 979.297
1016, 977.274
1017, 976.25
1018, 982.297
1019, 980.297
1020, 982.344
1021, 979.297
1022, 985.344
1023, 985.344
1024, 984.344
1025, 986.368
1026, 988.391
1027, 987.391
1028, 989.415
1029, 989.415
1030, 989.415
1031, 994.438
1032, 989.415
1033, 996.485
1034, 995.485
1035, 997.509
1036, 997.509
1037, 1002.53
1038, 1000.53
1039, 997.532
1040, 1000.53
1041, 999.532
1042, 1001.56
1043, 1002.56
1044, 1000.58
1045, 1006.6
1046, 1007.63
1047, 1007.63
1048, 1009.65
1049, 1007.6
1050, 1008.63
1051, 1011.67
1052, 1010.65
1053, 1016.72
1054, 1013.7
1055, 1019.77
1056, 1010.7
1057, 1018.74
1058, 1018.74
1059, 1017.74
1060, 1026.81
1061, 1020.77
1062, 1020.79
1063, 1026.84
1064, 1019.77
1065, 1024.81
1066, 1028.86
1067, 1029.86
1068, 1029.89
1069, 1027.89
1070, 1027.86
1071, 1032.91
1072, 1036.96
1073, 1032.93
1074, 1034.93
1075, 1038.98
1076, 1037.96
1077, 1038.98
1078, 1041
1079, 1040
1080, 1042.03
1081, 1048.1
1082, 1046.05
1083, 1040
1084, 1035.96
1085, 1050.1
1086, 1047.12
1087, 1048.1
1088, 1053.14
1089, 1051.12
1090, 1049.12
1091, 1049.12
1092, 1059.21
1093, 1052.14
1094, 1056.19
1095, 1054.17
1096, 1060.21
1097, 1058.21
1098, 1060.24
1099, 1057.21
1100, 1062.24
1101, 1061.24
1102, 1065.26
1103, 1062.26
1104, 1066.31
1105, 1068.33
1106, 1067.31
1107, 1066.31
1108, 1066.33
1109, 1068.33
1110, 1073.38
1111, 1070.36
1112, 1070.36
1113, 1070.36
1114, 1072.38
1115, 1076.43
1116, 1075.4
1117, 1083.47
1118, 1081.47
1119, 1078.45
1120, 1075.43
1121, 1074.4
1122, 1080.45
1123, 1083.5
1124, 1083.5
1125, 1079.47
1126, 1082.5
1127, 1084.52
1128, 1082.5
1129, 1081.5
1130, 1091.59
1131, 1087.54
1132, 1087.57
1133, 1089.57
1134, 1091.61
1135, 1092.61
1136, 1097.66
1137, 1091.61
1138, 1094.61
1139, 1098.66
1140, 1098.66
1141, 1099.68
1142, 1102.73
1143, 1098.68
1144, 1102.73
1145, 1102.71
1146, 1100.71
1147, 1109.8
1148, 1108.78
1149, 1106.76
1150, 1104.76
1151, 1106.8
1152, 1107.83
1153, 1108.8
1154, 1113.83
1155, 1106.8
1156, 1111.83
1157, 1115.87
1158, 1116.87
1159, 1115.87
1160, 1114.87
1161, 1119.9
1162, 1112.85
1163, 1117.9
1164, 1120.94
1165, 1121.94
1166, 1127.01
1167, 1124.99
1168, 1122.97
1169, 1118.94
1170, 1127.01
1171, 1124.99
1172, 1129.04
1173, 1127.01
1174, 1129.04
1175, 1131.08
1176, 1131.06
1177, 1131.04
1178, 1131.06
1179, 1139.13
1180, 1140.16
1181, 1136.11
1182, 1136.13
1183, 1134.11
1184, 1139.16
1185, 1146.23
1186, 1141.18
1187, 1143.2
1188, 1148.25
1189, 1148.25
1190, 1144.23
1191, 1150.3
1192, 1147.25
1193, 1151.27
1194, 1153.3
1195, 1152.32
1196, 1154.32
1197, 1153.32
1198, 1156.34
1199, 1155.34
1200, 1156.34
1201, 1154.34
1202, 1162.41
1203, 1160.41
1204, 1162.41
1205, 1165.44
1206, 1163.44
1207, 1163.44
1208, 1164.46
1209, 1165.44
1210, 1167.46
1211, 1170.51
1212, 1172.53
1213, 1173.53
1214, 1172.55
1215, 1171.51
1216, 1173.55
1217, 1177.58
1218, 1172.53
1219, 1176.58
1220, 1177.6
1221, 1177.6
1222, 1182.63
1223, 1180.63
1224, 1181.65
1225, 1183.67
1226, 1185.67
1227, 1185.7
1228, 1183.65
1229, 1179.63
1230, 1184.7
1231, 1185.7
1232, 1185.7
1233, 1187.72
1234, 1187.72
1235, 1190.74
1236, 1194.77
1237, 1195.81
1238, 1193.79
1239, 1199.84
1240, 1198.84
1241, 1197.84
1242, 1201.86
1243, 1188.74
1244, 1197.84
1245, 1197.84
1246, 1199.86
1247, 1204.91
1248, 1206.93
1249, 1203.88
1250, 1205.91
1251, 1200.86
1252, 1206.93
1253, 1206.93
1254, 1212.98
1255, 1212
1256, 1210.98
1257, 1203.91
1258, 1216.03
1259, 1211
1260, 1211
1261, 1210.98
1262, 1213.03
1263, 1212
1264, 1216.05
1265, 1214.03
1266, 1216.05
1267, 1218.07
1268, 1226.14
1269, 1221.12
1270, 1219.1
1271, 1223.12
1272, 1223.12
1273, 1221.1
1274, 1225.14
1275, 1227.17
1276, 1228.17
1277, 1228.19
1278, 1234.24
1279, 1224.14
1280, 1232.24
1281, 1234.24
1282, 1236.24
1283, 1236.28
1284, 1235.28
1285, 1235.28
1286, 1234.26
1287, 1240.33
1288, 1239.31
1289, 1239.31
1290, 1244.38
1291, 1242.33
1292, 1242.35
1293, 1243.38
1294, 1244.38
1295, 1246.4
1296, 1246.4
1297, 1243.38
1298, 1251.45
1299, 1247.43
1300, 1254.5
1301, 1250.45
1302, 1254.5
1303, 1251.47
1304, 1259.52
1305, 1254.5
1306, 1256.52
1307, 1260.57
1308, 1259.57
1309, 1262.59
1310, 1261.57
1311, 1262.59
1312, 1260.57
1313, 1259.57
1314, 1268.64
1315, 1264.61
1316, 1265.61
1317, 1273.68
1318, 1272.71
1319, 1271.71
1320, 1272.68
1321, 1271.71
1322, 1273.71
1323, 1275.71
1324, 1275.75
1325, 1274.75
1326, 1278.78
1327, 1276.73
1328, 1281.8
1329, 1278.78
1330, 1280.8
1331, 1281.8
1332, 1276.75
1333, 1286.85
1334, 1285.85
1335, 1284.87
1336, 1286.87
1337, 1287.9
1338, 1292.92
1339, 1290.92
1340, 1292.92
1341, 1289.94
1342, 1293.97
1343, 1294.94
1344, 1287.92
1345, 1292.97
1346, 1294.99
1347, 1295.99
1348, 1298.01
1349, 1298.01
1350, 1301.04
1351, 1294.97
1352, 1305.06
1353, 1303.06
1354, 1302.04
1355, 1306.06
1356, 1304.08
1357, 1306.08
1358, 1304.06
1359, 1310.15
1360, 1310.15
1361, 1309.13
1362, 1312.15
1363, 1315.2
1364, 1318.22
1365, 1316.2
1366, 1313.18
1367, 1318.22
1368, 1315.2
1369, 1320.25
1370, 1319.25
1371, 1316.22
1372, 1321.27
1373, 1323.3
1374, 1324.3
1375, 1327.34
1376, 1325.3
1377, 1324.3
1378, 1329.34
1379, 1326.34
1380, 1324.32
1381, 1329.39
1382, 1332.39
1383, 1330.37
1384, 1331.37
1385, 1332.39
1386, 1334.41
1387, 1337.44
1388, 1339.44
1389, 1343.51
1390, 1343.51
1391, 1337.46
1392, 1337.46
1393, 1340.48
1394, 1340.51
1395, 1342.53
1396, 1341.48
1397, 1343.53
1398, 1342.53
1399, 1347.55
1400, 1343.53
1401, 1346.58
1402, 1345.53
1403, 1352.62
1404, 1350.6
1405, 1351.62
1406, 1349.6
1407, 1351.62
1408, 1354.65
1409, 1357.67
1410, 1356.67
1411, 1356.67
1412, 1360.7
1413, 1357.67
1414, 1358.72
1415, 1360.74
1416, 1358.74
1417, 1360.74
1418, 1364.77
1419, 1367.79
1420, 1370.84
1421, 1365.79
1422, 1367.81
1423, 1367.81
1424, 1373.88
1425, 1369.84
1426, 1372.88
1427, 1370.86
1428, 1376.91
1429, 1375.88
1430, 1379.93
1431, 1377.93
1432, 1374.91
1433, 1375.91
1434, 1380.95
1435, 1385
1436, 1382.98
1437, 1381.98
1438, 1378.95
1439, 1375.91
1440, 1389.05
1441, 1382
1442, 1392.05
1443, 1391.05
1444, 1395.1
1445, 1387.05
1446, 1392.1
1447, 1394.12
1448, 1393.12
1449, 1397.14
1450, 1400.17
1451, 1397.14
1452, 1394.1
1453, 1397.14
1454, 1402.19
1455, 1400.19
1456, 1404.21
1457, 1402.21
1458, 1405.26
1459, 1408.28
1460, 1403.24
1461, 1406.26
1462, 1408.26
1463, 1412.33
1464, 1409.28
1465, 1408.26
1466, 1411.33
1467, 1410.33
1468, 1414.35
1469, 1418.38
1470, 1415.33
1471, 1419.4
1472, 1420.42
1473, 1418.4
1474, 1420.42
1475, 1424.47
1476, 1424.45
1477, 1421.42
1478, 1424.47
1479, 1426.47
1480, 1427.47
1481, 1428.52
1482, 1426.5
1483, 1427.5
1484, 1427.52
1485, 1428.54
1486, 1432.54
1487, 1434.59
1488, 1438.64
1489, 1438.61
1490, 1435.59
1491, 1437.64
1492, 1434.59
1493, 1439.66
1494, 1444.68
1495, 1440.64
1496, 1437.61
1497, 1445.71
1498, 1443.68
1499, 1447.73
1500, 1443.68
1501, 1449.75
1502, 1447.73
1503, 1447.73
1504, 1448.75
1505, 1449.75
1506, 1450.78
1507, 1450.75
1508, 1448.73
1509, 1452.78
1510, 1455.82
1511, 1453.82
1512, 1454.82
1513, 1457.85
1514, 1458.87
1515, 1459.87
1516, 1462.89
1517, 1462.89
1518, 1463.92
1519, 1461.89
1520, 1463.89
1521, 1461.89
1522, 1461.92
1523, 1463.94
1524, 1473.01
1525, 1468.99
1526, 1471.01
1527, 1470.01
1528, 1474.01
1529, 1473.04
1530, 1472.04
1531, 1473.06
1532, 1476.06
1533, 1475.04
1534, 1473.04
1535, 1476.06
1536, 1479.11
1537, 1479.11
1538, 1475.06
1539, 1484.13
1540, 1478.11
1541, 1489.18
1542, 1485.18
1543, 1487.2
1544, 1490.22
1545, 1486.18
1546, 1487.22
1547, 1491.25
1548, 1488.18
1549, 1493.27
1550, 1494.29
1551, 1494.27
1552, 1494.29
1553, 1494.27
1554, 1495.29
1555, 1494.29
1556, 1501.37
1557, 1500.34
1558, 1499.34
1559, 1500.34
1560, 1501.39
1561, 1501.37
1562, 1505.41
1563, 1499.37
1564, 1509.44
1565, 1508.44
1566, 1508.44
1567, 1506.41
1568, 1510.44
1569, 1513.48
1570, 1512.48
1571, 1514.51
1572, 1516.53
1573, 1516.53
1574, 1514.51
1575, 1515.51
1576, 1520.55
1577, 1519.58
1578, 1520.58
1579, 1519.53
1580, 1522.6
1581, 1524.62
1582, 1526.65
1583, 1523.6
1584, 1527.67
1585, 1530.72
1586, 1528.67
1587, 1534.74
1588, 1529.72
1589, 1531.72
1590, 1533.72
1591, 1533.74
1592, 1530.69
1593, 1532.74
1594, 1537.74
1595, 1542.84
1596, 1534.77
1597, 1540.81
1598, 1544.84
1599, 1541.81
1600, 1540.81
1601, 1543.86
1602, 1546.88
1603, 1544.88
1604, 1548.91
1605, 1550.93
1606, 1549.93
1607, 1548.88
1608, 1553.98
1609, 1551.95
1610, 1554.95
1611, 1553
1612, 1557
1613, 1554
1614, 1555
1615, 1557
1616, 1556
1617, 1559.02
1618, 1561.05
1619, 1563.09
1620, 1563.07
1621, 1563.07
1622, 1566.12
1623, 1564.07
1624, 1565.09
1625, 1567.12
1626, 1563.12
1627, 1569.14
1628, 1572.14
1629, 1574.16
1630, 1577.24
1631, 1576.19
1632, 1571.19
1633, 1569.14
1634, 1572.19
1635, 1576.21
1636, 1574.21
1637, 1580.28
1638, 1577.24
1639, 1574.21
1640, 1580.28
1641, 1578.26
1642, 1581.31
1643, 1583.31
1644, 1581.28
1645, 1582.33
1646, 1585.33
1647, 1583.33
1648, 1586.35
1649, 1584.35
1650, 1588.38
1651, 1589.38
1652, 1594.45
1653, 1592.42
1654, 1593.4
1655, 1592.42
1656, 1596.45
1657, 1601.52
1658, 1597.49
1659, 1597.47
1660, 1601.54
1661, 1598.49
1662, 1605.56
1663, 1604.56
1664, 1598.49
1665, 1605.56
1666, 1607.59
1667, 1604.56
1668, 1605.59
1669, 1604.56
1670, 1609.61
1671, 1609.61
1672, 1610.64
1673, 1611.64
1674, 1607.61
1675, 1609.64
1676, 1610.64
1677, 1617.71
1678, 1617.71
1679, 1617.71
1680, 1617.71
1681, 1618.73
1682, 1617.73
1683, 1622.78
1684, 1620.75
1685, 1622.75
1686, 1624.78
1687, 1625.8
1688, 1623.78
1689, 1628.82
1690, 1628.82
1691, 1633.87
1692, 1632.87
1693, 1629.87
1694, 1631.87
1695, 1636.94
1696, 1636.92
1697, 1633.89
1698, 1641.99
1699, 1633.92
1700, 1634.89
1701, 1637.94
1702, 1638.94
1703, 1639.94
1704, 1641.99
1705, 1648.06
1706, 1645.04
1707, 1647.04
1708, 1650.11
1709, 1647.06
1710, 1644.04
1711, 1652.11
1712, 1646.06
1713, 1650.08
1714, 1649.06
1715, 1655.13
1716, 1655.13
1717, 1655.15
1718, 1652.13
1719, 1654.15
1720, 1653.13
1721, 1658.18
1722, 1662.22
1723, 1664.22
1724, 1662.22
1725, 1664.25
1726, 1665.25
1727, 1664.25
1728, 1660.2
1729, 1666.27
1730, 1669.32
1731, 1665.27
1732, 1671.32
1733, 1668.32
1734, 1670.32
1735, 1675.36
1736, 1672.34
1737, 1671.32
1738, 1673.36
1739, 1676.39
1740, 1677.41
1741, 1677.39
1742, 1680.44
1743, 1683.48
1744, 1682.46
1745, 1683.46
1746, 1682.46
1747, 1683.51
1748, 1680.46
1749, 1683.48
1750, 1684.48
1751, 1684.51
1752, 1683.46
1753, 1688.53
1754, 1689.55
1755, 1690.55
1756, 1689.55
1757, 1694.6
1758, 1690.58
1759, 1691.58
1760, 1693.6
1761, 1691.58
1762, 1697.62
1763, 1698.65
1764, 1696.62
1765, 1698.67
1766, 1702.69
1767, 1701.67
1768, 1702.69
1769, 1701.69
1770, 1705.74
1771, 1703.72
1772, 1703.72
1773, 1707.74
1774, 1705.74
1775, 1708.79
1776, 1709.79
1777, 1708.76
1778, 1710.81
1779, 1711.79
1780, 1713.83
1781, 1713.83
1782, 1716.86
1783, 1718.88
1784, 1710.81
1785, 1716.86
1786, 1716.86
1787, 1718.91
1788, 1727.98
1789, 1717.88
1790, 1723.93
1791, 1718.88
1792, 1731.02
1793, 1725.98
1794, 1724.95
1795, 1724.95
1796, 1724.95
1797, 1728
1798, 1726
1799, 1730.02
1800, 1737.09
1801, 1733.07
1802, 1734.07
1803, 1735.09
1804, 1735.09
1805, 1741.12
1806, 1736.09
1807, 1739.12
1808, 1739.12
1809, 1741.14
1810, 1741.14
1811, 1744.16
1812, 1743.16
1813, 1745.19
1814, 1750.26
1815, 1753.28
1816, 1750.23
1817, 1748.23
1818, 1751.26
1819, 1752.28
1820, 1753.28
1821, 1756.33
1822, 1753.31
1823, 1754.31
1824, 1755.33
1825, 1754.31
1826, 1762.38
1827, 1764.4
1828, 1758.35
1829, 1768.45
1830, 1761.38
1831, 1762.4
1832, 1765.42
1833, 1767.47
1834, 1762.4
1835, 1757.38
1836, 1771.49
1837, 1773.49
1838, 1769.47
1839, 1768.47
1840, 1772.52
1841, 1769.49
1842, 1775.52
1843, 1773.54
1844, 1776.56
1845, 1778.56
1846, 1775.56
1847, 1777.56
1848, 1780.61
1849, 1780.59
1850, 1785.63
1851, 1783.63
1852, 1785.66
1853, 1784.66
1854, 1789.73
1855, 1789.71
1856, 1787.71
1857, 1788.71
1858, 1790.73
1859, 1790.73
1860, 1793.75
1861, 1789.71
1862, 1792.75
1863, 1795.8
1864, 1793.75
1865, 1796.78
1866, 1799.82
1867, 1798.85
1868, 1799.85
1869, 1802.85
1870, 1800.85
1871, 1803.87
1872, 1802.87
1873, 1804.89
1874, 1802.87
1875, 1809.92
1876, 1804.87
1877, 1804.89
1878, 1809.94
1879, 1811.99
1880, 1807.92
1881, 1811.96
1882, 1807.92
1883, 1812.99
1884, 1812.99
1885, 1813.01
1886, 1817.03
1887, 1819.06
1888, 1822.06
1889, 1817.03
1890, 1820.06
1891, 1818.03
1892, 1821.06
1893, 1823.11
1894, 1826.13
1895, 1827.13
1896, 1827.15
1897, 1825.15
1898, 1827.15
1899, 1828.15
1900, 1830.18
1901, 1832.2
1902, 1830.18
1903, 1832.22
1904, 1832.22
1905, 1833.22
1906, 1837.27
1907, 1837.27
1908, 1834.22
1909, 1840.29
1910, 1839.29
1911, 1845.34
1912, 1841.32
1913, 1844.34
1914, 1841.32
1915, 1845.34
1916, 1849.39
1917, 1849.41
1918, 1845.36
1919, 1846.36
1920, 1849.39
1921, 1848.39
1922, 1847.36
1923, 1851.43
1924, 1851.43
1925, 1856.48
1926, 1851.43
1927, 1852.43
1928, 1858.5
1929, 1858.5
1930, 1860.53
1931, 1861.53
1932, 1857.5
1933, 1861.55
1934, 1859.53
1935, 1864.55
1936, 1862.55
1937, 1866.62
1938, 1864.58
1939, 1863.58
1940, 1870.62
1941, 1870.62
1942, 1869.62
1943, 1870.65
1944, 1870.67
1945, 1870.67
1946, 1873.67
1947, 1873.69
1948, 1878.74
1949, 1882.76
1950, 1880.74
1951, 1882.79
1952, 1877.79
1953, 1879.76
1954, 1880.76
1955, 1882.79
1956, 1878.74
1957, 1886.83
1958, 1886.83
1959, 1884.83
1960, 1881.79
1961, 1888.86
1962, 1889.88
1963, 1891.9
1964, 1893.88
1965, 1887.88
1966, 1890.9
1967, 1897.95
1968, 1893.93
1969, 1893.93
1970, 1899
1971, 1900
1972, 1898.98
1973, 1896.98
1974, 1904.02
1975, 1902.05
1976, 1905.07
1977, 1905.05
1978, 1906.07
1979, 1907.07
1980, 1910.09
1981, 1908.09
1982, 1908.09
1983, 1911.14
1984, 1911.12
1985, 1916.16
1986, 1915.16
1987, 1919.21
1988, 1915.14
1989, 1916.16
1990, 1913.16
1991, 1919.21
1992, 1918.21
1993, 1922.26
1994, 1922.23
1995, 1918.21
1996, 1917.21
1997, 1926.28
1998, 1925.28
1999, 1923.26
2000, 1923.28
2001, 1923.26
2002, 1933.4
2003, 1932.35
2004, 1929.33
2005, 1931.35
2006, 1928.35
2007, 1935.4
2008, 1936.4
2009, 1932.38
2010, 1935.4
2011, 1943.52
2012, 1934.4
2013, 1942.47
2014, 1942.49
2015, 1937.42
2016, 1944.49
2017, 1944.49
2018, 1943.49
2019, 1941.47
2020, 1942.49
2021, 1941.52
2022, 1947.56
2023, 1950.56
2024, 1946.56
2025, 1950.56
2026, 1954.61
2027, 1949.59
2028, 1953.61
2029, 1950.59
2030, 1959.66
2031, 1952.61
2032, 1955.63
2033, 1958.66
2034, 1952.63
2035, 1959.73
2036, 1962.7
2037, 1962.73
2038, 1963.73
2039, 1965.73
2040, 1963.7
2041, 1969.8
2042, 1966.75
2043, 1967.77
2044, 1965.77
2045, 1966.77
2046, 1971.8
2047, 1972.82
2048, 1969.8
2049, 1968.8
2050, 1970.85
2051, 1982.94
2052, 1972.85
2053, 1974.87
2054, 1979.92
2055, 1978.92
2056, 1981.92
2057, 1975.89
2058, 1981.94
2059, 1976.89
2060, 1986.01
2061, 1984.99
2062, 1983.99
2063, 1989.03
2064, 1985.99
2065, 1988.01
2066, 1989.03
2067, 1989.03
2068, 1988.01
2069, 1992.08
2070, 1992.03
2071, 1996.1
2072, 1998.13
2073, 1999.15
2074, 1995.08
2075, 2001.15
2076, 2000.17
2077, 2003.2
2078, 2006.25
2079, 2002.17
2080, 2000.17
2081, 2001.17
2082, 2006.25
2083, 2005.2
2084, 2009.25
2085, 2008.27
2086, 2011.29
2087, 2013.32
2088, 2012.29
2089, 2017.34
2090, 2017.34
2091, 2015.34
2092, 2018.36
2093, 2019.36
2094, 2017.36
2095, 2019.36
2096, 2015.36
2097, 2023.43
2098, 2016.36
2099, 2024.43
2100, 2027.48
2101, 2025.46
2102, 2024.46
2103, 2025.46
2104, 2025.48
2105, 2029.5
2106, 2029.53
2107, 2031.53
2108, 2038.6
2109, 2032.53
2110, 2034.55
2111, 2036.57
2112, 2039.62
2113, 2040.6
2114, 2040.62
2115, 2043.65
2116, 2042.65
2117, 2044.67
2118, 2041.65
2119, 2046.67
2120, 2044.67
2121, 2048.72
2122, 2051.74
2123, 2048.69
2124, 2049.74
2125, 2044.69
2126, 2051.76
2127, 2049.72
2128, 2045.69
2129, 2052.76
2130, 2053.79
2131, 2052.79
2132, 2057.81
2133, 2055.79
2134, 2060.83
2135, 2058.88
2136, 2059.83
2137, 2057.83
2138, 2062.88
2139, 2061.9
2140, 2062.88
2141, 2063.9
2142, 2065.9
2143, 2064.9
2144, 2066.93
2145, 2063.88
2146, 2067.95
2147, 2063.9
2148, 2071
2149, 2068.95
2150, 2071.97
2151, 2064.93
2152, 2075
2153, 2075.02
2154, 2077.05
2155, 2075.02
2156, 2076.05
2157, 2077.07
2158, 2082.07
2159, 2080.09
2160, 2080.07
2161, 2081.12
2162, 2087.16
2163, 2085.14
2164, 2085.14
2165, 2084.14
2166, 2085.14
2167, 2090.19
2168, 2089.19
2169, 2088.19
2170, 2089.19
2171, 2090.21
2172, 2089.21
2173, 2090.21
2174, 2096.26
2175, 2092.26
2176, 2095.28
2177, 2096.3
2178, 2098.28
2179, 2101.3
2180, 2100.33
2181, 2098.3
2182, 2104.35
2183, 2105.37
2184, 2102.35
2185, 2104.37
2186, 2107.42
2187, 2105.37
2188, 2108.4
2189, 2110.47
2190, 2113.47
2191, 2116.49
2192, 2112.47
2193, 2117.49
2194, 2112.44
2195, 2110.47
2196, 2116.49
2197, 2117.52
2198, 2113.49
2199, 2114.52
2200, 2113.47
2201, 2118.56
2202, 2116.52
2203, 2123.61
2204, 2125.61
2205, 2128.63
2206, 2128.63
2207, 2127.63
2208, 2128.66
2209, 2125.61
2210, 2132.7
2211, 2134.73
2212, 2130.68
2213, 2131.68
2214, 2131.68
2215, 2134.73
2216, 2135.73
2217, 2135.73
2218, 2138.77
2219, 2141.77
2220, 2141.77
2221, 2138.77
2222, 2140.8
2223, 2142.82
2224, 2145.87
2225, 2143.84
2226, 2146.87
2227, 2146.87
2228, 2149.89
2229, 2147.84
2230, 2148.89
2231, 2151.92
2232, 2149.92
2233, 2150.89
2234, 2160.01
2235, 2154.96
2236, 2156.99
2237, 2160.01
2238, 2155.99
2239, 2162.03
2240, 2159.01
2241, 2161.03
2242, 2171.13
2243, 2163.06
2244, 2160.03
2245, 2164.08
2246, 2165.08
2247, 2166.08
2248, 2161.06
2249, 2170.1
2250, 2165.08
2251, 2173.15
2252, 2174.17
2253, 2172.17
2254, 2172.15
2255, 2178.22
2256, 2173.17
2257, 2178.2
2258, 2175.17
2259, 2177.22
2260, 2176.2
2261, 2178.22
2262, 2178.24
2263, 2182.27
2264, 2179.27
2265, 2184.29
2266, 2180.27
2267, 2183.32
2268, 2187.32
2269, 2184.29
2270, 2187.34
2271, 2187.32
2272, 2191.36
2273, 2188.34
2274, 2191.39
2275, 2189.34
2276, 2196.43
2277, 2193.41
2278, 2194.41
2279, 2195.43
2280, 2193.43
2281, 2196.43
2282, 2196.43
2283, 2199.46
2284, 2197.46
2285, 2199.48
2286, 2201.5
2287, 2201.48
2288, 2201.53
2289, 2205.55
2290, 2206.55
2291, 2209.6
2292, 2206.55
2293, 2209.57
2294, 2209.6
2295, 2207.55
2296, 2212.62
2297, 2209.62
2298, 2212.6
2299, 2217.67
2300, 2211.64
2301, 2215.67
2302, 2213.64
2303, 2216.67
2304, 2218.69
2305, 2216.67
2306, 2217.69
2307, 2221.74
2308, 2219.74
2309, 2218.72
2310, 2221.72
2311, 2225.79
2312, 2223.74
2313, 2224.79
2314, 2231.83
2315, 2229.83
2316, 2228.81
2317, 2230.83
2318, 2225.81
2319, 2233.86
2320, 2229.86
2321, 2228.83
2322, 2233.88
2323, 2236.9
2324, 2237.93
2325, 2235.9
2326, 2239.93
2327, 2240.95
2328, 2239.97
2329, 2248.02
2330, 2242.97
2331, 2242.97
2332, 2243
2333, 2253.07
2334, 2249.04
2335, 2249.04
2336, 2248.04
2337, 2242.97
2338, 2250.04
2339, 2251.09
2340, 2254.09
2341, 2251.09
2342, 2257.14
2343, 2254.11
2344, 2259.16
2345, 2260.19
2346, 2259.16
2347, 2257.14
2348, 2261.19
2349, 2262.21
2350, 2260.19
2351, 2268.28
2352, 2265.23
2353, 2266.26
2354, 2266.26
2355, 2275.33
2356, 2270.28
2357, 2277.35
2358, 2269.28
2359, 2269.3
2360, 2272.3
2361, 2278.37
2362, 2276.37
2363, 2274.37
2364, 2278.4
2365, 2281.42
2366, 2276.37
2367, 2280.42
2368, 2278.4
2369, 2282.44
2370, 2288.49
2371, 2285.47
2372, 2287.49
2373, 2286.47
2374, 2290.51
2375, 2290.54
2376, 2291.54
2377, 2294.59
2378, 2295.56
2379, 2294.59
2380, 2294.56
2381, 2295.59
2382, 2297.61
2383, 2295.59
2384, 2291.56
2385, 2294.56
2386, 2300.63
2387, 2292.59
2388, 2299.63
2389, 2301.66
2390, 2304.68
2391, 2299.68
2392, 2302.68
2393, 2304.68
2394, 2302.68
2395, 2304.68
2396, 2306.7
2397, 2312.77
2398, 2308.7
2399, 2310.75
2400, 2313.8
2401, 2315.82
2402, 2315.84
2403, 2308.75
2404, 2315.82
2405, 2314.8
2406, 2312.8
2407, 2316.84
2408, 2319.87
2409, 2319.87
2410, 2316.87
2411, 2315.84
2412, 2323.94
2413, 2320.87
2414, 2325.94
2415, 2325.94
2416, 2327.96
2417, 2328.99
2418, 2324.94
2419, 2330.99
2420, 2333.01
2421, 2330.99
2422, 2331.01
2423, 2338.08
2424, 2335.06
2425, 2333.03
2426, 2338.08
2427, 2336.06
2428, 2337.08
2429, 2335.06
2430, 2343.13
2431, 2336.06
2432, 2345.15
2433, 2341.1
2434, 2342.13
2435, 2346.17
2436, 2346.17
2437, 2349.22
2438, 2352.22
2439, 2351.22
2440, 2351.24
2441, 2347.2
2442, 2351.22
2443, 2351.22
2444, 2350.24
2445, 2356.29
2446, 2357.29
2447, 2356.29
2448, 2357.29
2449, 2359.31
2450, 2365.38
2451, 2357.31
2452, 2361.36
2453, 2363.38
2454, 2360.34
2455, 2368.43
2456, 2360.34
2457, 2366.43
2458, 2361.36
2459, 2366.43
2460, 2369.43
2461, 2370.5
2462, 2375.5
2463, 2371.48
2464, 2375.5
2465, 2372.48
2466, 2379.55
2467, 2375.53
2468, 2375.53
2469, 2378.57
2470, 2377.55
2471, 2377.57
2472, 2383.62
2473, 2386.64
2474, 2385.62
2475, 2384.62
2476, 2390.69
2477, 2386.64
2478, 2384.62
2479, 2388.67
2480, 2392.69
2481, 2391.71
2482, 2389.69
2483, 2394.74
2484, 2391.69
2485, 2392.71
2486, 2392.71
2487, 2402.83
2488, 2397.78
2489, 2400.81
2490, 2400.78
2491, 2400.83
2492, 2400.81
2493, 2397.78
2494, 2405.88
2495, 2404.88
2496, 2405.9
2497, 2407.88
2498, 2409.93
2499, 2408.9
2500, 2405.88
2501, 2409.93
2502, 2403.86
2503, 2408.9
2504, 2405.9
2505, 2416.97
2506, 2409.93
2507, 2416
2508, 2414.97
2509, 2417
2510, 2417
2511, 2421.04
2512, 2421.04
2513, 2423.07
2514, 2425.09
2515, 2421.07
2516, 2427.11
2517, 2424.09
2518, 2424.09
2519, 2425.11
2520, 2430.16
2521, 2432.16
2522, 2428.14
2523, 2430.14
2524, 2431.16
2525, 2431.18
2526, 2434.21
2527, 2443.3
2528, 2435.21
2529, 2437.23
2530, 2439.26
2531, 2436.23
2532, 2443.3
2533, 2445.33
2534, 2439.26
2535, 2441.28
2536, 2445.33
2537, 2442.3
2538, 2442.3
2539, 2443.33
2540, 2447.35
2541, 2445.33
2542, 2447.35
2543, 2449.37
2544, 2449.4
2545, 2450.4
2546, 2446.37
2547, 2449.37
2548, 2457.49
2549, 2456.47
2550, 2455.47
2551, 2453.42
2552, 2456.47
2553, 2459.49
2554, 2460.49
2555, 2462.49
2556, 2458.47
2557, 2461.54
2558, 2461.51
2559, 2466.54
2560, 2463.54
2561, 2467.58
2562, 2468.61
2563, 2466.58
2564, 2466.61
2565, 2467.58
2566, 2469.61
2567, 2468.61
2568, 2470.61
2569, 2474.66
2570, 2471.66
2571, 2477.7
2572, 2472.68
2573, 2472.66
2574, 2482.75
2575, 2478.73
2576, 2478.73
2577, 2477.73
2578, 2482.75
2579, 2482.77
2580, 2484.77
2581, 2486.82
2582, 2487.82
2583, 2484.8
2584, 2481.8
2585, 2490.84
2586, 2489.84
2587, 2491.87
2588, 2492.89
2589, 2491.87
2590, 2490.87
2591, 2500.96
2592, 2493.89
2593, 2495.91
2594, 2496.94
2595, 2499.96
2596, 2500.96
2597, 2500.98
2598, 2504.01
2599, 2507.03
2600, 2505.03
2601, 2506.05
2602, 2506.03
2603, 2508.05
2604, 2514.1
2605, 2508.08
2606, 2510.08
2607, 2509.08
2608, 2512.1
2609, 2514.13
2610, 2514.13
2611, 2515.13
2612, 2520.2
2613, 2521.22
2614, 2520.2
2615, 2522.2
2616, 2521.2
2617, 2525.24
2618, 2522.22
2619, 2525.27
2620, 2523.24
2621, 2528.31
2622, 2526.27
2623, 2530.31
2624, 2533.34
2625, 2527.29
2626, 2535.38
2627, 2530.31
2628, 2532.36
2629, 2536.38
2630, 2529.31
2631, 2534.36
2632, 2535.38
2633, 2538.41
2634, 2537.41
2635, 2539.43
2636, 2535.38
2637, 2538.43
2638, 2539.45
2639, 2545.48
2640, 2547.53
2641, 2542.48
2642, 2543.48
2643, 2545.5
2644, 2544.5
2645, 2546.53
2646, 2553.57
2647, 2549.57
2648, 2553.6
2649, 2550.57
2650, 2553.6
2651, 2551.6
2652, 2556.6
2653, 2558.64
2654, 2558.64
2655, 2557.62
2656, 2556.62
2657, 2558.67
2658, 2559.69
2659, 2556.62
2660, 2561.69
2661, 2563.69
2662, 2563.71
2663, 2568.76
2664, 2564.74
2665, 2563.71
2666, 2571.78
2667, 2567.74
2668, 2572.83
2669, 2575.85
2670, 2571.78
2671, 2572.83
2672, 2571.81
2673, 2577.85
2674, 2574.85
2675, 2579.88
2676, 2575.83
2677, 2580.88
2678, 2578.88
2679, 2579.88
2680, 2580.9
2681, 2586.95
2682, 2583.93
2683, 2580.88
2684, 2588.97
2685, 2581.95
2686, 2589.97
2687, 2588
2688, 2589
2689, 2584.97
2690, 2587
2691, 2595.07
2692, 2593.02
2693, 2594.04
2694, 2595.04
2695, 2595.09
2696, 2599.11
2697, 2596.07
2698, 2600.11
2699, 2598.11
2700, 2604.14
2701, 2603.16
2702, 2605.21
2703, 2600.14
2704, 2598.14
2705, 2604.16
2706, 2609.23
2707, 2612.23
2708, 2611.25
2709, 2611.25
2710, 2610.25
2711, 2613.28
2712, 2613.28
2713, 2611.25
2714, 2614.3
2715, 2614.28
2716, 2616.33
2717, 2621.37
2718, 2618.35
2719, 2617.35
2720, 2620.37
2721, 2617.33
2722, 2625.42
2723, 2620.37
2724, 2625.44
2725, 2625.42
2726, 2626.44
2727, 2630.47
2728, 2628.44
2729, 2630.47
2730, 2630.49
2731, 2635.51
2732, 2632.49
2733, 2635.56
2734, 2637.56
2735, 2638.58
2736, 2643.61
2737, 2640.61
2738, 2638.58
2739, 2640.58
2740, 2643.63
2741, 2643.63
2742, 2643.63
2743, 2647.65
2744, 2641.61
2745, 2646.65
2746, 2645.68
2747, 2649.7
2748, 2651.75
2749, 2650.72
2750, 2655.77
2751, 2651.75
2752, 2653.75
2753, 2650.72
2754, 2658.82
2755, 2654.77
2756, 2658.82
2757, 2657.8
2758, 2653.75
2759, 2659.82
2760, 2660.84
2761, 2660.82
2762, 2660.82
2763, 2658.82
2764, 2665.89
2765, 2666.91
2766, 2666.91
2767, 2666.89
2768, 2665.89
2769, 2666.91
2770, 2669.94
2771, 2675.98
2772, 2671.96
2773, 2674.98
2774, 2678.03
2775, 2677.03
2776, 2673.98
2777, 2674.01
2778, 2680.05
2779, 2679.03
2780, 2680.05
2781, 2680.08
2782, 2683.08
2783, 2684.1
2784, 2686.12
2785, 2685.12
2786, 2684.12
2787, 2684.12
2788, 2687.15
2789, 2684.12
2790, 2686.12
2791, 2688.15
2792, 2693.22
2793, 2693.22
2794, 2690.17
2795, 2692.2
2796, 2702.29
2797, 2694.22
2798, 2691.2
2799, 2690.22
2800, 2695.27
2801, 2699.29
2802, 2702.31
2803, 2699.29
2804, 2702.31
2805, 2702.31
2806, 2702.31
2807, 2701.31
2808, 2700.31
2809, 2708.36
2810, 2707.38
2811, 2707.38
2812, 2710.43
2813, 2705.36
2814, 2708.38
2815, 2709.41
2816, 2711.41
2817, 2714.43
2818, 2711.43
2819, 2718.52
2820, 2718.5
2821, 2715.48
2822, 2721.52
2823, 2719.52
2824, 2724.6
2825, 2725.6
2826, 2720.52
2827, 2719.5
2828, 2722.55
2829, 2721.55
2830, 2727.62
2831, 2729.64
2832, 2723.57
2833, 2732.64
2834, 2729.64
2835, 2733.67
2836, 2732.69
2837, 2730.67
2838, 2734.69
2839, 2736.69
2840, 2731.67
2841, 2734.71
2842, 2733.67
2843, 2737.71
2844, 2736.74
2845, 2741.76
2846, 2743.81
2847, 2743.78
2848, 2746.83
2849, 2742.81
2850, 2746.83
2851, 2747.85
2852, 2747.83
2853, 2749.88
2854, 2749.88
2855, 2748.88
2856, 2754.92
2857, 2752.9
2858, 2752.9
2859, 2754.92
2860, 2752.9
2861, 2761.99
2862, 2753.92
2863, 2758.97
2864, 2757.95
2865, 2758.97
2866, 2763.04
2867, 2761.99
2868, 2766.04
2869, 2768.09
2870, 2768.07
2871, 2767.07
2872, 2769.11
2873, 2771.14
2874, 2769.11
2875, 2766.07
2876, 2774.14
2877, 2775.16
2878, 2770.11
2879, 2775.18
2880, 2778.21
2881, 2776.18
2882, 2778.18
2883, 2781.23
2884, 2780.21
2885, 2776.21
2886, 2783.25
2887, 2784.28
2888, 2783.28
2889, 2783.25
2890, 2782.25
2891, 2786.28
2892, 2785.28
2893, 2785.28
2894, 2787.3
2895, 2787.3
2896, 2793.37
2897, 2791.35
2898, 2795.39
2899, 2794.39
2900, 2796.39
2901, 2799.44
2902, 2794.37
2903, 2797.42
2904, 2796.42
2905, 2800.44
2906, 2800.44
2907, 2806.51
2908, 2805.51
2909, 2803.49
2910, 2801.47
2911, 2802.47
2912, 2801.47
2913, 2808.54
2914, 2809.54
2915, 2805.51
2916, 2804.49
2917, 2812.58
2918, 2816.65
2919, 2812.61
2920, 2815.63
2921, 2808.56
2922, 2812.61
2923, 2811.58
2924, 2813.61
2925, 2816.63
2926, 2817.65
2927, 2818.68
2928, 2819.68
2929, 2818.68
2930, 2821.68
2931, 2827.75
2932, 2822.7
2933, 2827.77
2934, 2827.75
2935, 2827.77
2936, 2825.75
2937, 2826.77
2938, 2829.79
2939, 2829.79
2940, 2830.79
2941, 2831.82
2942, 2830.82
2943, 2834.84
2944, 2836.84
2945, 2834.87
2946, 2837.89
2947, 2836.89
2948, 2839.91
2949, 2839.94
2950, 2842.96
2951, 2839.91
2952, 2840.94
2953, 2843.96
2954, 2840.94
2955, 2842.96
2956, 2844.98
2957, 2847.01
2958, 2847.01
2959, 2848.03
2960, 2853.05
2961, 2855.08
2962, 2854.08
2963, 2858.12
2964, 2853.08
2965, 2861.15
2966, 2855.1
2967, 2859.15
2968, 2855.1
2969, 2863.19
2970, 2857.12
2971, 2864.19
2972, 2858.12
2973, 2866.22
2974, 2865.19
2975, 2865.22
2976, 2868.24
2977, 2867.24
2978, 2866.24
2979, 2871.29
2980, 2870.27
2981, 2868.24
2982, 2872.27
2983, 2872.29
2984, 2877.38
2985, 2879.36
2986, 2873.31
2987, 2880.38
2988, 2876.34
2989, 2881.38
2990, 2883.41
2991, 2880.41
2992, 2884.43
2993, 2882.41
2994, 2884.45
2995, 2886.48
2996, 2888.48
2997, 2885.45
2998, 2886.48
2999, 2888.48
3000, 2890.5
3001, 2890.5
3002, 2892.52
3003, 2893.55
3004, 2895.55
3005, 2894.52
3006, 2895.57
3007, 2898.59
3008, 2898.59
3009, 2902.62
3010, 2899.62
3011, 2906.66
3012, 2905.66
3013, 2902.64
3014, 2902.66
3015, 2907.71
3016, 2907.69
3017, 2911.74
3018, 2908.71
3019, 2911.74
3020, 2908.71
3021, 2913.78
3022, 2913.76
3023, 2911.74
3024, 2908.74
3025, 2916.81
3026, 2913.76
3027, 2916.83
3028, 2915.81
3029, 2913.78
3030, 2919.85
3031, 2916.83
3032, 2922.88
3033, 2923.9
3034, 2918.85
3035, 2930.97
3036, 2921.88
3037, 2921.9
3038, 2923.92
3039, 2926.92
3040, 2928.95
3041, 2931.99
3042, 2928.95
3043, 2930.97
3044, 2930.97
3045, 2928.97
3046, 2935.02
3047, 2938.04
3048, 2936.04
3049, 2940.06
3050, 2938.06
3051, 2937.02
3052, 2936.04
3053, 2939.09
3054, 2941.09
3055, 2945.14
3056, 2950.18
3057, 2943.16
3058, 2944.14
3059, 2947.16
3060, 2953.21
3061, 2949.18
3062, 2950.21
3063, 2948.16
3064, 2950.21
3065, 2949.21
3066, 2951.23
3067, 2953.23
3068, 2951.21
3069, 2953.25
3070, 2955.25
3071, 2960.32
3072, 2959.3
3073, 2959.32
3074, 2965.35
3075, 2964.35
3076, 2961.32
3077, 2965.37
3078, 2965.37
3079, 2967.37
3080, 2968.42
3081, 2963.32
3082, 2969.42
3083, 2965.37
3084, 2970.44
3085, 2974.46
3086, 2972.46
3087, 2972.46
3088, 2977.51
3089, 2976.49
3090, 2978.51
3091, 2980.56
3092, 2978.51
3093, 2977.51
3094, 2981.56
3095, 2985.61
3096, 2985.61
3097, 2981.58
3098, 2986.61
3099, 2983.58
3100, 2988.65
3101, 2988.65
3102, 2985.61
3103, 2993.7
3104, 2990.68
3105, 2990.65
3106, 2994.72
3107, 2994.72
3108, 2994.72
3109, 2992.7
3110, 2995.72
3111, 3000.79
3112, 2995.75
3113, 3002.79
3114, 3000.79
3115, 2999.79
3116, 3001.79
3117, 3006.84
3118, 3004.84
3119, 3011.89
3120, 3007.86
3121, 3009.91
3122, 3010.91
3123, 3009.89
3124, 3003.84
3125, 3013.94
3126, 3013.94
3127, 3015.96
3128, 3014.94
3129, 3016.96
3130, 3014.94
3131, 3022.03
3132, 3021.01
3133, 3021.03
3134, 3026.05
3135, 3023.08
3136, 3023.05
3137, 3025.05
3138, 3027.1
3139, 3024.08
3140, 3027.1
3141, 3029.12
3142, 3030.12
3143, 3033.15
3144, 3024.08
3145, 3036.19
3146, 3034.17
3147, 3035.17
3148, 3038.22
3149, 3037.22
3150, 3035.19
3151, 3034.19
3152, 3040.24
3153, 3040.24
3154, 3041.26
3155, 3041.26
3156, 3047.31
3157, 3041.26
3158, 3044.31
3159, 3044.31
3160, 3042.29
3161, 3046.31
3162, 3045.33
3163, 3055.41
3164, 3056.41
3165, 3051.38
3166, 3052.38
3167, 3054.41
3168, 3050.36
3169, 3053.41
3170, 3053.38
3171, 3054.41
3172, 3053.38
3173, 3061.5
3174, 3060.5
3175, 3060.5
3176, 3059.48
3177, 3061.48
3178, 3060.48
3179, 3066.55
3180, 3057.48
3181, 3064.52
3182, 3069.57
3183, 3065.55
3184, 3070.59
3185, 3067.57
3186, 3068.59
3187, 3076.64
3188, 3071.62
3189, 3073.62
3190, 3076.66
3191, 3072.64
3192, 3075.64
3193, 3076.66
3194, 3080.71
3195, 3075.69
3196, 3078.69
3197, 3080.73
3198, 3080.71
3199, 3086.78
3200, 3083.76
3201, 3087.78
3202, 3084.76
3203, 3081.73
3204, 3087.78
3205, 3093.85
3206, 3091.83
3207, 3089.83
3208, 3093.85
3209, 3094.88
3210, 3097.9
3211, 3094.88
3212, 3095.88
3213, 3097.92
3214, 3095.9
3215, 3098.95
3216, 3101.95
3217, 3102.95
3218, 3100.95
3219, 3102.97
3220, 3102.99
3221, 3108.02
3222, 3106.02
3223, 3107.02
3224, 3103.99
3225, 3110.04
3226, 3114.09
3227, 3107.04
3228, 3116.13
3229, 3113.09
3230, 3114.11
3231, 3116.13
3232, 3113.09
3233, 3115.13
3234, 3115.13
3235, 3120.18
3236, 3119.16
3237, 3123.21
3238, 3123.21
3239, 3126.28
3240, 3123.21
3241, 3125.23
3242, 3127.25
3243, 3132.3
3244, 3129.28
3245, 3127.28
3246, 3131.32
3247, 3129.28
3248, 3137.37
3249, 3134.37
3250, 3132.3
3251, 3136.35
3252, 3138.39
3253, 3137.37
3254, 3136.37
3255, 3140.42
3256, 3139.39
3257, 3140.42
3258, 3146.46
3259, 3143.44
3260, 3142.44
3261, 3149.51
3262, 3147.49
3263, 3151.51
3264, 3152.53
3265, 3150.51
3266, 3152.53
3267, 3150.53
3268, 3157.58
3269, 3155.6
3270, 3155.58
3271, 3153.58
3272, 3158.6
3273, 3157.6
3274, 3157.63
3275, 3160.65
3276, 3157.6
3277, 3157.6
3278, 3164.68
3279, 3158.65
3280, 3165.7
3281, 3161.68
3282, 3163.68
3283, 3169.77
3284, 3162.68
3285, 3167.72
3286, 3167.72
3287, 3170.75
3288, 3166.72
3289, 3171.79
3290, 3171.77
3291, 3170.77
3292, 3175.82
3293, 3172.77
3294, 3170.77
3295, 3177.82
3296, 3175.82
3297, 3178.84
3298, 3177.84
3299, 3177.84
3300, 3178.84
3301, 3181.89
3302, 3181.89
3303, 3183.91
3304, 3186.93
3305, 3184.93
3306, 3187.96
3307, 3190.98
3308, 3187.96
3309, 3197.05
3310, 3189.98
3311, 3189.98
3312, 3192
3313, 3193
3314, 3191
3315, 3195.05
3316, 3193.03
3317, 3200.08
3318, 3197.08
3319, 3199.1
3320, 3198.08
3321, 3199.1
3322, 3200.12
3323, 3198.1
3324, 3203.15
3325, 3203.15
3326, 3201.15
3327, 3208.19
3328, 3207.19
3329, 3206.19
3330, 3205.17
3331, 3207.19
3332, 3211.22
3333, 3214.26
3334, 3215.26
3335, 3209.22
3336, 3215.26
3337, 3220.33
3338, 3217.29
3339, 3222.36
3340, 3217.31
3341, 3223.36
3342, 3218.31
3343, 3223.38
3344, 3219.33
3345, 3221.36
3346, 3225.43
3347, 3223.38
3348, 3227.4
3349, 3233.48
3350, 3229.43
3351, 3229.43
3352, 3235.5
3353, 3234.48
3354, 3232.5
3355, 3230.48
3356, 3239.55
3357, 3239.52
3358, 3234.5
3359, 3240.57
3360, 3239.59
3361, 3236.52
3362, 3241.59
3363, 3241.57
3364, 3245.64
3365, 3245.62
3366, 3246.64
3367, 3245.62
3368, 3244.64
3369, 3244.64
3370, 3249.69
3371, 3253.73
3372, 3251.71
3373, 3251.71
3374, 3254.71
3375, 3256.76
3376, 3255.78
3377, 3256.76
3378, 3251.71
3379, 3251.71
3380, 3260.8
3381, 3263.85
3382, 3264.85
3383, 3262.8
3384, 3264.85
3385, 3261.83
3386, 3268.9
3387, 3266.88
3388, 3267.88
3389, 3269.92
3390, 3266.88
3391, 3270.92
3392, 3270.92
3393, 3273.97
3394, 3272.97
3395, 3275.99
3396, 3274.97
3397, 3274.97
3398, 3278.02
3399, 3279.04
3400, 3281.02
3401, 3281.04
3402, 3277.02
3403, 3276.99
3404, 3280.04
3405, 3278.02
3406, 3282.06
3407, 3286.11
3408, 3285.09
3409, 3284.09
3410, 3287.11
3411, 3294.18
3412, 3289.13
3413, 3289.13
3414, 3292.18
3415, 3291.16
3416, 3292.16
3417, 3288.13
3418, 3298.23
3419, 3297.23
3420, 3296.23
3421, 3296.2
3422, 3298.25
3423, 3299.25
3424, 3303.3
3425, 3295.23
3426, 3300.27
3427, 3303.3
3428, 3305.32
3429, 3310.37
3430, 3305.32
3431, 3306.35
3432, 3304.32
3433, 3307.37
3434, 3308.35
3435, 3308.39
3436, 3311.39
3437, 3308.37
3438, 3310.39
3439, 3316.44
3440, 3317.44
3441, 3312.42
3442, 3320.49
3443, 3315.44
3444, 3326.56
3445, 3319.49
3446, 3321.53
3447, 3319.51
3448, 3323.53
3449, 3321.51
3450, 3321.53
3451, 3324.56
3452, 3323.53
3453, 3322.53
3454, 3325.56
3455, 3328.58
3456, 3333.63
3457, 3332.63
3458, 3334.7
3459, 3332.63
3460, 3331.65
3461, 3335.67
3462, 3335.67
3463, 3336.7
3464, 3339.72
3465, 3337.72
3466, 3340.75
3467, 3340.75
3468, 3342.75
3469, 3341.75
3470, 3338.72
3471, 3344.79
3472, 3346.82
3473, 3344.82
3474, 3346.82
3475, 3346.82
3476, 3350.84
3477, 3349.86
3478, 3351.89
3479, 3353.89
3480, 3356.91
3481, 3358.96
3482, 3355.91
3483, 3360.96
3484, 3356.93
3485, 3357.93
3486, 3361.98
3487, 3357.96
3488, 3357.93
3489, 3362
3490, 3362
3491, 3365.03
3492, 3367.03
3493, 3361.98
3494, 3370.07
3495, 3368.03
3496, 3370.07
3497, 3373.12
3498, 3370.1
3499, 3375.12
3500, 3375.12
3501, 3377.17
3502, 3377.15
3503, 3377.17
3504, 3379.17
3505, 3381.22
3506, 3379.19
3507, 3381.19
3508, 3383.24
3509, 3380.19
3510, 3384.24
3511, 3387.26
3512, 3386.26
3513, 3387.26
3514, 3388.29
3515, 3389.29
3516, 3393.33
3517, 3394.36
3518, 3399.4
3519, 3394.36
3520, 3395.36
3521, 3396.36
3522, 3399.43
3523, 3395.38
3524, 3402.45
3525, 3399.43
3526, 3400.45
3527, 3396.4
3528, 3401.43
3529, 3408.5
3530, 3405.5
3531, 3404.47
3532, 3406.5
3533, 3405.5
3534, 3408.52
3535, 3408.52
3536, 3414.59
3537, 3409.54
3538, 3411.57
3539, 3411.57
3540, 3418.64
3541, 3414.59
3542, 3418.64
3543, 3416.62
3544, 3415.59
3545, 3421.66
3546, 3418.64
3547, 3423.69
3548, 3422.69
3549, 3419.66
3550, 3423.71
3551, 3427.76
3552, 3423.69
3553, 3425.73
3554, 3429.78
3555, 3427.73
3556, 3429.73
3557, 3427.73
3558, 3427.78
3559, 3430.78
3560, 3433.8
3561, 3432.8
3562, 3437.85
3563, 3433.8
3564, 3432.85
3565, 3435.85
3566, 3436.87
3567, 3440.9
3568, 3437.87
3569, 3438.9
3570, 3444.92
3571, 3446.97
3572, 3444.94
3573, 3444.94
3574, 3447.97
3575, 3444.94
3576, 3449.99
3577, 3449.99
3578, 3446.97
3579, 3451.02
3580, 3453.06
3581, 3451.04
3582, 3451.02
3583, 3452.04
3584, 3453.04
3585, 3458.09
3586, 3459.11
3587, 3457.09
3588, 3459.11
3589, 3458.11
3590, 3465.16
3591, 3462.13
3592, 3467.18
3593, 3467.2
3594, 3460.16
3595, 3466.18
3596, 3466.2
3597, 3470.23
3598, 3473.3
3599, 3470.25
3600, 3469.23
3601, 3470.25
3602, 3476.3
3603, 3472.25
3604, 3476.3
3605, 3475.3
3606, 3476.32
3607, 3476.32
3608, 3477.32
3609, 3484.39
3610, 3478.34
3611, 3481.39
3612, 3482.39
3613, 3485.42
3614, 3481.37
3615, 3487.44
3616, 3484.42
3617, 3485.44
3618, 3490.46
3619, 3494.53
3620, 3491.49
3621, 3489.46
3622, 3497.53
3623, 3495.51
3624, 3495.53
3625, 3495.53
3626, 3500.58
3627, 3498.56
3628, 3496.56
3629, 3505.63
3630, 3498.58
3631, 3500.58
3632, 3505.65
3633, 3508.67
3634, 3505.65
3635, 3506.65
3636, 3505.65
3637, 3510.72
3638, 3509.7
3639, 3510.7
3640, 3515.74
3641, 3516.74
3642, 3514.74
3643, 3513.74
3644, 3516.77
3645, 3514.79
3646, 3514.77
3647, 3516.79
3648, 3518.82
3649, 3512.74
3650, 3520.82
3651, 3525.89
3652, 3521.84
3653, 3522.86
3654, 3525.89
3655, 3525.89
3656, 3524.86
3657, 3523.89
3658, 3526.93
3659, 3528.93
3660, 3530.93
3661, 3529.93
3662, 3543.07
3663, 3536
3664, 3536.03
3665, 3533.98
3666, 3540.03
3667, 3537.03
3668, 3535
3669, 3535
3670, 3540.05
3671, 3543.1
3672, 3549.14
3673, 3542.07
3674, 3544.1
3675, 3546.1
3676, 3548.12
3677, 3546.12
3678, 3546.12
3679, 3551.17
3680, 3550.19
3681, 3548.14
3682, 3549.17
3683, 3555.21
3684, 3549.17
3685, 3554.21
3686, 3555.21
3687, 3554.24
3688, 3556.24
3689, 3553.21
3690, 3560.29
3691, 3560.29
3692, 3560.29
3693, 3559.26
3694, 3564.33
3695, 3563.33
3696, 3566.36
3697, 3563.29
3698, 3566.36
3699, 3563.33
3700, 3565.36
3701, 3568.38
3702, 3569.4
3703, 3568.38
3704, 3571.43
3705, 3572.4
3706, 3571.43
3707, 3573.47
3708, 3577.47
3709, 3575.47
3710, 3574.45
3711, 3577.5
3712, 3579.5
3713, 3584.54
3714, 3583.57
3715, 3582.54
3716, 3582.54
3717, 3586.59
3718, 3581.54
3719, 3585.59
3720, 3585.59
3721, 3587.64
3722, 3588.61
3723, 3588.61
3724, 3591.64
3725, 3596.71
3726, 3592.66
3727, 3594.69
3728, 3601.73
3729, 3594.69
3730, 3597.73
3731, 3597.71
3732, 3598.73
3733, 3597.76
3734, 3599.76
3735, 3600.76
3736, 3597.71
3737, 3602.8
3738, 3604.8
3739, 3603.78
3740, 3602.78
3741, 3609.85
3742, 3609.85
3743, 3607.85
3744, 3609.87
3745, 3611.87
3746, 3612.9
3747, 3613.92
3748, 3616.94
3749, 3619.94
3750, 3618.97
3751, 3614.92
3752, 3617.97
3753, 3617.97
3754, 3620.99
3755, 3625.01
3756, 3625.04
3757, 3617.97
3758, 3624.04
3759, 3629.09
3760, 3623.06
3761, 3629.06
3762, 3629.09
3763, 3630.11
3764, 3634.16
3765, 3635.16
3766, 3638.18
3767, 3637.18
3768, 3637.18
3769, 3636.16
3770, 3639.2
3771, 3639.18
3772, 3641.23
3773, 3635.16
3774, 3639.2
3775, 3641.23
3776, 3642.25
3777, 3642.23
3778, 3643.25
3779, 3650.32
3780, 3644.27
3781, 3649.32
3782, 3651.34
3783, 3650.32
3784, 3653.37
3785, 3651.34
3786, 3651.34
3787, 3651.34
3788, 3651.34
3789, 3654.39
3790, 3656.39
3791, 3654.39
3792, 3659.41
3793, 3663.49
3794, 3658.41
3795, 3664.49
3796, 3664.51
3797, 3661.46
3798, 3658.44
3799, 3666.49
3800, 3665.51
3801, 3665.51
3802, 3666.53
3803, 3667.53
3804, 3671.58
3805, 3669.56
3806, 3666.56
3807, 3664.51
3808, 3675.63
3809, 3671.58
3810, 3671.58
3811, 3671.58
3812, 3680.67
3813, 3672.6
3814, 3677.67
3815, 3679.65
3816, 3678.67
3817, 3680.67
3818, 3680.72
3819, 3680.7
3820, 3680.67
3821, 3682.7
3822, 3685.72
3823, 3685.74
3824, 3683.7
3825, 3684.74
3826, 3686.74
3827, 3688.79
3828, 3692.79
3829, 3695.84
3830, 3693.84
3831, 3692.81
3832, 3689.79
3833, 3692.84
3834, 3691.81
3835, 3695.86
3836, 3698.88
3837, 3692.86
3838, 3698.88
3839, 3701.93
3840, 3699.91
3841, 3697.88
3842, 3701.93
3843, 3703.96
3844, 3705.98
3845, 3710
3846, 3704.98
3847, 3708
3848, 3708.03
3849, 3711.03
3850, 3711.03
3851, 3705.98
3852, 3713.05
3853, 3712.07
3854, 3715.1
3855, 3711.07
3856, 3716.12
3857, 3715.1
3858, 3719.12
3859, 3718.12
3860, 3717.17
3861, 3719.14
3862, 3725.17
3863, 3724.19
3864, 3726.21
3865, 3725.21
3866, 3727.24
3867, 3727.24
3868, 3726.21
3869, 3730.24
3870, 3732.28
3871, 3732.28
3872, 3731.28
3873, 3734.31
3874, 3729.26
3875, 3733.28
3876, 3736.33
3877, 3735.31
3878, 3739.4
3879, 3739.38
3880, 3743.43
3881, 3744.43
3882, 3740.4
3883, 3745.45
3884, 3746.45
3885, 3742.4
3886, 3744.43
3887, 3746.45
3888, 3747.45
3889, 3751.5
3890, 3753.52
3891, 3753.52
3892, 3750.5
3893, 3755.57
3894, 3756.57
3895, 3755.54
3896, 3755.57
3897, 3756.57
3898, 3757.59
3899, 3758.59
3900, 3759.59
3901, 3763.66
3902, 3763.66
3903, 3766.68
3904, 3768.71
3905, 3762.64
3906, 3767.68
3907, 3765.66
3908, 3767.68
3909, 3769.71
3910, 3771.76
3911, 3773.76
3912, 3770.73
3913, 3775.78
3914, 3776.8
3915, 3769.73
3916, 3773.78
3917, 3773.78
3918, 3778.8
3919, 3775.78
3920, 3779.83
3921, 3777.83
3922, 3779.83
3923, 3777.83
3924, 3780.87
3925, 3785.9
3926, 3783.9
3927, 3788.92
3928, 3785.9
3929, 3787.94
3930, 3785.9
3931, 3790.94
3932, 3790.97
3933, 3788.97
3934, 3792.99
3935, 3791.97
3936, 3795.99
3937, 3795.01
3938, 3795.01
3939, 3793.01
3940, 3798.04
3941, 3797.04
3942, 3796.04
3943, 3799.04
3944, 3800.08
3945, 3804.11
3946, 3800.08
3947, 3802.08
3948, 3808.15
3949, 3808.15
3950, 3807.15
3951, 3807.13
3952, 3807.13
3953, 3804.11
3954, 3807.15
3955, 3810.2
3956, 3812.18
3957, 3812.2
3958, 3811.2
3959, 3813.23
3960, 3816.27
3961, 3816.25
3962, 3812.2
3963, 3813.23
3964, 3820.3
3965, 3822.32
3966, 3823.32
3967, 3817.3
3968, 3826.37
3969, 3822.34
3970, 3822.32
3971, 3822.34
3972, 3829.41
3973, 3827.39
3974, 3824.37
3975, 3828.39
3976, 3831.46
3977, 3834.46
3978, 3831.44
3979, 3831.44
3980, 3835.48
3981, 3835.48
3982, 3839.53
3983, 3840.53
3984, 3840.53
3985, 3840.53
3986, 3839.53
3987, 3838.51
3988, 3841.55
3989, 3840.53
3990, 3845.58
3991, 3843.58
3992, 3846.63
3993, 3850.65
3994, 3847.6
3995, 3849.65
3996, 3849.65
3997, 3851.67
3998, 3849.65
3999, 3852.67
4000, 3854.7
4001, 3855.72
4002, 3856.74
4003, 3856.74
4004, 3860.77
4005, 3855.72
4006, 3859.74
4007, 3859.77
4008, 3865.81
4009, 3864.81
4010, 3861.79
4011, 3865.84
4012, 3864.81
4013, 3863.81
4014, 3869.86
4015, 3864.84
4016, 3862.81
4017, 3869.86
4018, 3866.86
4019, 3867.86
4020, 3865.86
4021, 3871.91
4022, 3872.91
4023, 3870.91
4024, 3873.93
4025, 3869.88
4026, 3868.86
4027, 3865.84
4028, 3870.88
4029, 3871.91
4030, 3875.95
4031, 3870.91
4032, 3876.95
4033, 3875.93
4034, 3876.95
4035, 3874.93
4036, 3873.93
4037, 3878.98
4038, 3884.05
4039, 3874.95
4040, 3881
4041, 3886.05
4042, 3885.05
4043, 3886.07
4044, 3880
4045, 3888.07
4046, 3883.05
4047, 3888.07
4048, 3887.07
4049, 3889.1
4050, 3887.1
4051, 3888.1
4052, 3887.1
4053, 3888.07
4054, 3885.05
4055, 3890.12
4056, 3892.12
4057, 3885.05
4058, 3889.1
4059, 3890.1
4060, 3885.1
4061, 3885.07
4062, 3890.1
4063, 3891.12
4064, 3890.1
4065, 3886.07
4066, 3882.03
4067, 3888.1
4068, 3885.07
4069, 3887.1
4070, 3887.07
4071, 3888.1
4072, 3888.1
4073, 3886.1
4074, 3886.07
4075, 3888.1
4076, 3884.05
4077, 3886.07
4078, 3889.1
4079, 3885.05
4080, 3889.1
4081, 3891.12
4082, 3888.1
4083, 3886.07
4084, 3886.07
4085, 3886.1
4086, 3888.1
4087, 3887.07
4088, 3889.1
4089, 3888.1
4090, 3891.12
4091, 3890.12
4092, 3889.1
4093, 3890.1
4094, 3890.1
4095, 3890.12
