0.0063
0.005635
0.00497
0.004305
0.00364
0.0029775
0.002315
0.0016525
0.00099
0.0018125
0.002635
0.0034575
0.00428
0.005105
0.00593
0.006755
0.00758
0.0084025
0.009225
0.0100475
0.01087
0.0098575
0.008845
0.0078325
0.00682
0.0058075
0.004795
0.0037825
0.00277
0.0017575
0.000745
-0.0002675
-0.00128
-4e-05
0.0012
0.00244
0.00368
0.00492
0.00616
0.0074
0.00864
0.00988
0.01112
0.01236
0.0136
0.0120175
0.010435
0.0088525
0.00727
0.0056875
0.004105
0.0025225
0.00094
0.001755
0.00257
0.003385
0.0042
0.0037025
0.003205
0.0027075
0.00221
0.00171
0.00121
0.00071
0.00021
0.0012675
0.002325
0.0033825
0.00444
0.0054975
0.006555
0.0076125
0.00867
0.0097275
0.010785
0.0118425
0.0129
0.0139575
0.015015
0.0160725
0.01713
0.01199
0.00685
0.00171
-0.00343
-0.0085725
-0.013715
-0.0188575
-0.024
-0.02048
-0.01696
-0.01344
-0.00992
-0.0064
-0.00288
0.00064
0.00416
0.00444
0.00472
0.005
0.00528
0.0080925
0.010905
0.0137175
0.01653
0.019345
0.02216
0.024975
0.02779
0.0306025
0.033415
0.0362275
0.03904
0.0354025
0.031765
0.0281275
0.02449
0.020855
0.01722
0.013585
0.00995
0.009865
0.00978
0.009695
0.00961
0.0095225
0.009435
0.0093475
0.00926
0.009175
0.00909
0.009005
0.00892
0.005475
0.00203
-0.001415
-0.00486
-0.008305
-0.01175
-0.015195
-0.01864
-0.022085
-0.02553
-0.028975
-0.03242
-0.0327275
-0.033035
-0.0333425
-0.03365
-0.039545
-0.04544
-0.051335
-0.05723
-0.0542575
-0.051285
-0.0483125
-0.04534
-0.04237
-0.0394
-0.03643
-0.03346
-0.0330975
-0.032735
-0.0323725
-0.03201
-0.0316475
-0.031285
-0.0309225
-0.03056
-0.0301975
-0.029835
-0.0294725
-0.02911
-0.0287475
-0.028385
-0.0280225
-0.02766
-0.031035
-0.03441
-0.037785
-0.04116
-0.044535
-0.04791
-0.051285
-0.05466
-0.058035
-0.06141
-0.064785
-0.06816
-0.071535
-0.07491
-0.078285
-0.08166
-0.07836
-0.07506
-0.07176
-0.06846
-0.0651625
-0.061865
-0.0585675
-0.05527
-0.0519725
-0.048675
-0.0453775
-0.04208
-0.0422075
-0.042335
-0.0424625
-0.04259
-0.04272
-0.04285
-0.04298
-0.04311
-0.0384025
-0.033695
-0.0289875
-0.02428
-0.0195725
-0.014865
-0.0101575
-0.00545
-0.0007425
0.003965
0.0086725
0.01338
0.0180875
0.022795
0.0275025
0.03221
0.0369175
0.041625
0.0463325
0.05104
0.0557475
0.060455
0.0651625
0.06987
0.0745775
0.079285
0.0839925
0.0887
0.077835
0.06697
0.056105
0.04524
0.0343775
0.023515
0.0126525
0.00179
-0.009075
-0.01994
-0.030805
-0.04167
-0.052535
-0.0634
-0.074265
-0.08513
-0.0959925
-0.106855
-0.117717
-0.12858
-0.139445
-0.15031
-0.161175
-0.17204
-0.1613
-0.15056
-0.13982
-0.12908
-0.118343
-0.107605
-0.0968675
-0.08613
-0.0868525
-0.087575
-0.0882975
-0.08902
-0.089745
-0.09047
-0.091195
-0.09192
-0.092645
-0.09337
-0.094095
-0.09482
-0.094425
-0.09403
-0.093635
-0.09324
-0.092845
-0.09245
-0.092055
-0.09166
-0.09244
-0.09322
-0.094
-0.09478
-0.0955575
-0.096335
-0.0971125
-0.09789
-0.105673
-0.113455
-0.121238
-0.12902
-0.115895
-0.10277
-0.089645
-0.07652
-0.0633925
-0.050265
-0.0371375
-0.02401
-0.010885
0.00224
0.015365
0.02849
0.041615
0.05474
0.067865
0.08099
0.0941175
0.107245
0.120372
0.1335
0.146625
0.15975
0.172875
0.186
0.199125
0.21225
0.225375
0.2385
0.233858
0.229215
0.224572
0.21993
0.215285
0.21064
0.205995
0.20135
0.196705
0.19206
0.187415
0.18277
0.178127
0.173485
0.168842
0.1642
0.159555
0.15491
0.150265
0.14562
0.149573
0.153525
0.157478
0.16143
0.165385
0.16934
0.173295
0.17725
0.165975
0.1547
0.143425
0.13215
0.120875
0.1096
0.098325
0.08705
0.0757775
0.064505
0.0532325
0.04196
0.030685
0.01941
0.008135
-0.00314
-0.014415
-0.02569
-0.036965
-0.04824
-0.059515
-0.07079
-0.082065
-0.09334
-0.104613
-0.115885
-0.127158
-0.13843
-0.149705
-0.16098
-0.172255
-0.18353
-0.194805
-0.20608
-0.217355
-0.22863
-0.239903
-0.251175
-0.262448
-0.27372
-0.284995
-0.29627
-0.307545
-0.31882
-0.301675
-0.28453
-0.267385
-0.25024
-0.233095
-0.21595
-0.198805
-0.18166
-0.164518
-0.147375
-0.130232
-0.11309
-0.095945
-0.0788
-0.061655
-0.04451
-0.027365
-0.01022
0.006925
0.02407
0.041215
0.05836
0.075505
0.09265
0.109795
0.12694
0.144085
0.16123
0.178375
0.19552
0.212665
0.22981
0.246955
0.2641
0.281245
0.29839
0.281785
0.26518
0.248575
0.23197
0.215363
0.198755
0.182148
0.16554
0.148935
0.13233
0.115725
0.09912
0.082515
0.06591
0.049305
0.0327
0.016095
-0.00051
-0.017115
-0.03372
-0.050325
-0.06693
-0.083535
-0.10014
-0.116745
-0.13335
-0.149955
-0.16656
-0.183168
-0.199775
-0.216383
-0.23299
-0.249595
-0.2662
-0.282805
-0.29941
-0.22561
-0.15181
-0.07801
-0.00421
0.06959
0.14339
0.21719
0.29099
0.274192
0.257395
0.240597
0.2238
0.207005
0.19021
0.173415
0.15662
0.139823
0.123025
0.106227
0.08943
0.0726325
0.055835
0.0390375
0.02224
0.0054425
-0.011355
-0.0281525
-0.04495
-0.0291275
-0.013305
0.0025175
0.01834
0.0341625
0.049985
0.0658075
0.08163
0.09745
0.11327
0.12909
0.14491
0.160732
0.176555
0.192378
0.2082
0.203583
0.198965
0.194347
0.18973
0.18511
0.18049
0.17587
0.17125
0.162835
0.15442
0.146005
0.13759
0.129175
0.12076
0.112345
0.10393
0.095515
0.0871
0.078685
0.07027
0.061855
0.05344
0.045025
0.03661
0.028195
0.01978
0.011365
0.00295
-0.005465
-0.01388
-0.022295
-0.03071
-0.024435
-0.01816
-0.011885
-0.00561
0.0006625
0.006935
0.0132075
0.01948
0.025755
0.03203
0.038305
0.04458
0.049605
0.05463
0.059655
0.06468
0.069705
0.07473
0.079755
0.08478
0.0898025
0.094825
0.0998475
0.10487
0.09339
0.08191
0.07043
0.05895
0.04747
0.03599
0.02451
0.01303
0.00155
-0.00993
-0.02141
-0.03289
-0.0443725
-0.055855
-0.0673375
-0.07882
-0.068005
-0.05719
-0.046375
-0.03556
-0.0247425
-0.013925
-0.0031075
0.00771
0.018525
0.02934
0.040155
0.05097
0.04076
0.03055
0.02034
0.01013
-8e-05
-0.01029
-0.0205
-0.03071
-0.0409225
-0.051135
-0.0613475
-0.07156
-0.08177
-0.09198
-0.10219
-0.1124
-0.12261
-0.13282
-0.14303
-0.15324
-0.143215
-0.13319
-0.123165
-0.11314
-0.103115
-0.09309
-0.083065
-0.07304
-0.063015
-0.05299
-0.042965
-0.03294
-0.0229175
-0.012895
-0.0028725
0.00715
-0.0105125
-0.028175
-0.0458375
-0.0635
-0.0811625
-0.098825
-0.116487
-0.13415
-0.151812
-0.169475
-0.187137
-0.2048
-0.184805
-0.16481
-0.144815
-0.12482
-0.104828
-0.084835
-0.0648425
-0.04485
-0.024855
-0.00486
0.015135
0.03513
0.0551225
0.075115
0.0951075
0.1151
0.135095
0.15509
0.175085
0.19508
0.177062
0.159045
0.141027
0.12301
0.104992
0.086975
0.0689575
0.05094
0.0329225
0.014905
-0.0031125
-0.02113
-0.0391475
-0.057165
-0.0751825
-0.0932
-0.0765575
-0.059915
-0.0432725
-0.02663
-0.009985
0.00666
0.023305
0.03995
0.056595
0.07324
0.089885
0.10653
0.123175
0.13982
0.156465
0.17311
0.15804
0.14297
0.1279
0.11283
0.09776
0.08269
0.06762
0.05255
0.0374825
0.022415
0.0073475
-0.00772
-0.00313
0.00146
0.00605
0.01064
0.01523
0.01982
0.02441
0.029
0.0335925
0.038185
0.0427775
0.04737
0.05196
0.05655
0.06114
0.06573
0.05435
0.04297
0.03159
0.02021
0.0088325
-0.002545
-0.0139225
-0.0253
-0.0366775
-0.048055
-0.0594325
-0.07081
-0.063375
-0.05594
-0.048505
-0.04107
-0.033635
-0.0262
-0.018765
-0.01133
-0.0077775
-0.004225
-0.0006725
0.00288
0.0064325
0.009985
0.0135375
0.01709
0.020645
0.0242
0.027755
0.03131
0.0177875
0.004265
-0.0092575
-0.02278
-0.0363
-0.04982
-0.06334
-0.07686
-0.0903825
-0.103905
-0.117428
-0.13095
-0.144473
-0.157995
-0.171518
-0.18504
-0.174647
-0.164255
-0.153862
-0.14347
-0.133077
-0.122685
-0.112292
-0.1019
-0.09151
-0.08112
-0.07073
-0.06034
-0.0499475
-0.039555
-0.0291625
-0.01877
-0.0083775
0.002015
0.0124075
0.0228
0.01461
0.00642
-0.00177
-0.00996
-0.01815
-0.02634
-0.03453
-0.04272
-0.0374075
-0.032095
-0.0267825
-0.02147
-0.016155
-0.01084
-0.005525
-0.00021
0.0051025
0.010415
0.0157275
0.02104
0.0121325
0.003225
-0.0056825
-0.01459
-0.0234975
-0.032405
-0.0413125
-0.05022
-0.0591275
-0.068035
-0.0769425
-0.08585
-0.0947575
-0.103665
-0.112573
-0.12148
-0.130388
-0.139295
-0.148203
-0.15711
-0.166017
-0.174925
-0.183833
-0.19274
-0.201647
-0.210555
-0.219463
-0.22837
-0.21664
-0.20491
-0.19318
-0.18145
-0.16972
-0.15799
-0.14626
-0.13453
-0.1228
-0.11107
-0.09934
-0.08761
-0.07588
-0.06415
-0.05242
-0.04069
-0.02896
-0.01723
-0.0055
0.00623
0.0179625
0.029695
0.0414275
0.05316
0.06489
0.07662
0.08835
0.10008
0.11181
0.12354
0.13527
0.147
0.134635
0.12227
0.109905
0.09754
0.085175
0.07281
0.060445
0.04808
0.035715
0.02335
0.010985
-0.00138
0.0118175
0.025015
0.0382125
0.05141
0.0646075
0.077805
0.0910025
0.1042
0.117397
0.130595
0.143792
0.15699
0.17019
0.18339
0.19659
0.20979
0.222987
0.236185
0.249382
0.26258
0.239425
0.21627
0.193115
0.16996
0.146805
0.12365
0.100495
0.07734
0.0541875
0.031035
0.0078825
-0.01527
-0.038425
-0.06158
-0.084735
-0.10789
-0.131045
-0.1542
-0.177355
-0.20051
-0.167347
-0.134185
-0.101023
-0.06786
-0.0346975
-0.001535
0.0316275
0.06479
0.05277
0.04075
0.02873
0.01671
0.00469
-0.00733
-0.01935
-0.03137
-0.04339
-0.05541
-0.06743
-0.07945
-0.09147
-0.10349
-0.11551
-0.12753
-0.13955
-0.15157
-0.16359
-0.17561
-0.18763
-0.19965
-0.21167
-0.22369
-0.23571
-0.24773
-0.25975
-0.27177
-0.243455
-0.21514
-0.186825
-0.15851
-0.130195
-0.10188
-0.073565
-0.04525
-0.0169325
0.011385
0.0397025
0.06802
0.096335
0.12465
0.152965
0.18128
0.17212
0.16296
0.1538
0.14464
0.13548
0.12632
0.11716
0.108
0.0988425
0.089685
0.0805275
0.07137
0.06221
0.05305
0.04389
0.03473
0.0502125
0.065695
0.0811775
0.09666
0.112145
0.12763
0.143115
0.1586
0.174082
0.189565
0.205047
0.22053
0.211138
0.201745
0.192353
0.18296
0.173565
0.16417
0.154775
0.14538
0.135985
0.12659
0.117195
0.1078
0.0984075
0.089015
0.0796225
0.07023
0.060835
0.05144
0.042045
0.03265
0.04111
0.04957
0.05803
0.06649
0.07495
0.08341
0.09187
0.10033
0.10879
0.11725
0.12571
0.13417
0.12647
0.11877
0.11107
0.10337
0.09567
0.08797
0.08027
0.07257
0.06487
0.05717
0.04947
0.04177
0.03407
0.02637
0.01867
0.01097
0.00327
-0.00443
-0.01213
-0.01983
-0.0037775
0.012275
0.0283275
0.04438
0.060435
0.07649
0.092545
0.1086
0.124652
0.140705
0.156757
0.17281
0.155648
0.138485
0.121322
0.10416
0.0869975
0.069835
0.0526725
0.03551
0.018345
0.00118
-0.015985
-0.03315
-0.0503125
-0.067475
-0.0846375
-0.1018
-0.094505
-0.08721
-0.079915
-0.07262
-0.065325
-0.05803
-0.050735
-0.04344
-0.036145
-0.02885
-0.021555
-0.01426
-0.006965
0.00033
0.007625
0.01492
0.0061275
-0.002665
-0.0114575
-0.02025
-0.029045
-0.03784
-0.046635
-0.05543
-0.0642225
-0.073015
-0.0818075
-0.0906
-0.099395
-0.10819
-0.116985
-0.12578
-0.134573
-0.143365
-0.152158
-0.16095
-0.169745
-0.17854
-0.187335
-0.19613
-0.184057
-0.171985
-0.159913
-0.14784
-0.135767
-0.123695
-0.111622
-0.09955
-0.08748
-0.07541
-0.06334
-0.05127
-0.0391975
-0.027125
-0.0150525
-0.00298
-0.007115
-0.01125
-0.015385
-0.01952
-0.0236525
-0.027785
-0.0319175
-0.03605
-0.040185
-0.04432
-0.048455
-0.05259
-0.0498975
-0.047205
-0.0445125
-0.04182
-0.03913
-0.03644
-0.03375
-0.03106
-0.0305525
-0.030045
-0.0295375
-0.02903
-0.02852
-0.02801
-0.0275
-0.02699
-0.013955
-0.00092
0.012115
0.02515
0.0232875
0.021425
0.0195625
0.0177
0.0188075
0.019915
0.0210225
0.02213
0.0232375
0.024345
0.0254525
0.02656
0.0209675
0.015375
0.0097825
0.00419
-0.001405
-0.007
-0.012595
-0.01819
-0.023785
-0.02938
-0.034975
-0.04057
-0.0461625
-0.051755
-0.0573475
-0.06294
-0.0532475
-0.043555
-0.0338625
-0.02417
-0.0144775
-0.004785
0.0049075
0.0146
0.0242925
0.033985
0.0436775
0.05337
0.0460975
0.038825
0.0315525
0.02428
0.01701
0.00974
0.00247
-0.0048
-0.0120725
-0.019345
-0.0266175
-0.03389
-0.02681
-0.01973
-0.01265
-0.00557
0.0015075
0.008585
0.0156625
0.02274
0.0187525
0.014765
0.0107775
0.00679
0.002805
-0.00118
-0.005165
-0.00915
-0.013135
-0.01712
-0.021105
-0.02509
-0.029075
-0.03306
-0.037045
-0.04103
-0.0450175
-0.049005
-0.0529925
-0.05698
-0.0473
-0.03762
-0.02794
-0.01826
-0.00858
0.0011
0.01078
0.02046
0.01648
0.0125
0.00852
0.00454
0.00056
-0.00342
-0.0074
-0.01138
-0.0090725
-0.006765
-0.0044575
-0.00215
0.0001575
0.002465
0.0047725
0.00708
0.00655
0.00602
0.00549
0.00496
0.0044325
0.003905
0.0033775
0.00285
0.0023225
0.001795
0.0012675
0.00074
-0.00078
-0.0023
-0.00382
-0.00534
-0.0068575
-0.008375
-0.0098925
-0.01141
-0.007655
-0.0039
-0.000145
0.00361
0.007365
0.01112
0.014875
0.01863
0.022385
0.02614
0.029895
0.03365
0.037405
0.04116
0.044915
0.04867
0.0441025
0.039535
0.0349675
0.0304
0.0258325
0.021265
0.0166975
0.01213
0.0075625
0.002995
-0.0015725
-0.00614
-0.0107075
-0.015275
-0.0198425
-0.02441
-0.01487
-0.00533
0.00421
0.01375
0.01306
0.01237
0.01168
0.01099
0.0103
0.00961
0.00892
0.00823
0.00754
0.00685
0.00616
0.00547
0.0061325
0.006795
0.0074575
0.00812
0.0087825
0.009445
0.0101075
0.01077
0.0063475
0.001925
-0.0024975
-0.00692
-0.0113425
-0.015765
-0.0201875
-0.02461
-0.0290325
-0.033455
-0.0378775
-0.0423
-0.0467225
-0.051145
-0.0555675
-0.05999
-0.0644125
-0.068835
-0.0732575
-0.07768
-0.082105
-0.08653
-0.090955
-0.09538
-0.0870575
-0.078735
-0.0704125
-0.06209
-0.0537675
-0.045445
-0.0371225
-0.0288
-0.02048
-0.01216
-0.00384
0.00448
0.0128025
0.021125
0.0294475
0.03777
0.03276
0.02775
0.02274
0.01773
0.01272
0.00771
0.0027
-0.00231
-0.00732
-0.01233
-0.01734
-0.02235
-0.012285
-0.00222
0.007845
0.01791
0.0279725
0.038035
0.0480975
0.05816
0.052965
0.04777
0.042575
0.03738
0.032185
0.02699
0.021795
0.0166
0.011405
0.00621
0.001015
-0.00418
-0.009375
-0.01457
-0.019765
-0.02496
-0.030155
-0.03535
-0.040545
-0.04574
-0.0394825
-0.033225
-0.0269675
-0.02071
-0.0144525
-0.008195
-0.0019375
0.00432
0.0105775
0.016835
0.0230925
0.02935
0.0258275
0.022305
0.0187825
0.01526
0.01596
0.01666
0.01736
0.01806
0.01876
0.01946
0.02016
0.02086
0.0176275
0.014395
0.0111625
0.00793
0.004695
0.00146
-0.001775
-0.00501
-0.008245
-0.01148
-0.014715
-0.01795
-0.021185
-0.02442
-0.027655
-0.03089
-0.02777
-0.02465
-0.02153
-0.01841
-0.01529
-0.01217
-0.00905
-0.00593
-0.00281
0.00031
0.00343
0.00655
-0.001385
-0.00932
-0.017255
-0.02519
-0.033125
-0.04106
-0.048995
-0.05693
-0.05281
-0.04869
-0.04457
-0.04045
-0.0363325
-0.032215
-0.0280975
-0.02398
-0.01986
-0.01574
-0.01162
-0.0075
-0.0033825
0.000735
0.0048525
0.00897
0.0076875
0.006405
0.0051225
0.00384
0.0025575
0.001275
-7.5e-06
-0.00129
-0.0025725
-0.003855
-0.0051375
-0.00642
-0.007705
-0.00899
-0.010275
-0.01156
-0.0152175
-0.018875
-0.0225325
-0.02619
-0.0298475
-0.033505
-0.0371625
-0.04082
-0.0444775
-0.048135
-0.0517925
-0.05545
-0.0525025
-0.049555
-0.0466075
-0.04366
-0.040715
-0.03777
-0.034825
-0.03188
-0.04132
-0.05076
-0.0602
-0.06964
-0.066315
-0.06299
-0.059665
-0.05634
-0.0530125
-0.049685
-0.0463575
-0.04303
-0.0397025
-0.036375
-0.0330475
-0.02972
-0.026395
-0.02307
-0.019745
-0.01642
-0.0130925
-0.009765
-0.0064375
-0.00311
0.0002175
0.003545
0.0068725
0.0102
0.013525
0.01685
0.020175
0.0235
0.0268275
0.030155
0.0334825
0.03681
0.040135
0.04346
0.046785
0.05011
0.0436725
0.037235
0.0307975
0.02436
0.0179225
0.011485
0.0050475
-0.00139
-0.0078275
-0.014265
-0.0207025
-0.02714
-0.0211275
-0.015115
-0.0091025
-0.00309
0.0029225
0.008935
0.0149475
0.02096
0.0269725
0.032985
0.0389975
0.04501
0.0510225
0.057035
0.0630475
0.06906
0.0662275
0.063395
0.0605625
0.05773
0.0548975
0.052065
0.0492325
0.0464
0.0435675
0.040735
0.0379025
0.03507
0.034695
0.03432
0.033945
0.03357
0.033195
0.03282
0.032445
0.03207
0.031695
0.03132
0.030945
0.03057
0.0310525
0.031535
0.0320175
0.0325
0.032985
0.03347
0.033955
0.03444
0.0349225
0.035405
0.0358875
0.03637
0.0306475
0.024925
0.0192025
0.01348
0.007755
0.00203
-0.003695
-0.00942
-0.0151425
-0.020865
-0.0265875
-0.03231
-0.031725
-0.03114
-0.030555
-0.02997
-0.030215
-0.03046
-0.030705
-0.03095
-0.0311925
-0.031435
-0.0316775
-0.03192
-0.03041
-0.0289
-0.02739
-0.02588
-0.02437
-0.02286
-0.02135
-0.01984
-0.0183275
-0.016815
-0.0153025
-0.01379
-0.01228
-0.01077
-0.00926
-0.00775
-0.009435
-0.01112
-0.012805
-0.01449
-0.016175
-0.01786
-0.019545
-0.02123
-0.012115
-0.003
0.006115
0.01523
0.0243475
0.033465
0.0425825
0.0517
0.060815
0.06993
0.079045
0.08816
0.0972775
0.106395
0.115513
0.12463
0.133745
0.14286
0.151975
0.16109
0.153285
0.14548
0.137675
0.12987
0.122063
0.114255
0.106448
0.09864
0.0908325
0.083025
0.0752175
0.06741
0.0596025
0.051795
0.0439875
0.03618
0.0283725
0.020565
0.0127575
0.00495
0.0047625
0.004575
0.0043875
0.0042
0.0040125
0.003825
0.0036375
0.00345
0.00326
0.00307
0.00288
0.00269
-0.0127875
-0.028265
-0.0437425
-0.05922
-0.074695
-0.09017
-0.105645
-0.12112
-0.136598
-0.152075
-0.167553
-0.18303
-0.16738
-0.15173
-0.13608
-0.12043
-0.104777
-0.089125
-0.0734725
-0.05782
-0.0421675
-0.026515
-0.0108625
0.00479
0.0204425
0.036095
0.0517475
0.0674
0.0830525
0.098705
0.114358
0.13001
0.11844
0.10687
0.0953
0.08373
0.07216
0.06059
0.04902
0.03745
0.045535
0.05362
0.061705
0.06979
0.077875
0.08596
0.094045
0.10213
0.067805
0.03348
-0.000845
-0.03517
-0.069495
-0.10382
-0.138145
-0.17247
-0.16376
-0.15505
-0.14634
-0.13763
-0.128917
-0.120205
-0.111492
-0.10278
-0.09407
-0.08536
-0.07665
-0.06794
-0.05923
-0.05052
-0.04181
-0.0331
-0.0339425
-0.034785
-0.0356275
-0.03647
-0.0373125
-0.038155
-0.0389975
-0.03984
-0.0311725
-0.022505
-0.0138375
-0.00517
0.0034975
0.012165
0.0208325
0.0295
0.0381675
0.046835
0.0555025
0.06417
0.072835
0.0815
0.090165
0.09883
0.107498
0.116165
0.124833
0.1335
0.114935
0.09637
0.077805
0.05924
0.0406725
0.022105
0.0035375
-0.01503
-0.033595
-0.05216
-0.070725
-0.08929
-0.107855
-0.12642
-0.144985
-0.16355
-0.137902
-0.112255
-0.0866075
-0.06096
-0.03531
-0.00966
0.01599
0.04164
0.0351075
0.028575
0.0220425
0.01551
0.00898
0.00245
-0.00408
-0.01061
-0.0171425
-0.023675
-0.0302075
-0.03674
-0.0432725
-0.049805
-0.0563375
-0.06287
-0.0694
-0.07593
-0.08246
-0.08899
-0.0803175
-0.071645
-0.0629725
-0.0543
-0.0456275
-0.036955
-0.0282825
-0.01961
-0.0109375
-0.002265
0.0064075
0.01508
0.0237525
0.032425
0.0410975
0.04977
0.0584425
0.067115
0.0757875
0.08446
0.0759025
0.067345
0.0587875
0.05023
0.0416725
0.033115
0.0245575
0.016
0.0074425
-0.001115
-0.0096725
-0.01823
-0.0267875
-0.035345
-0.0439025
-0.05246
-0.0610175
-0.069575
-0.0781325
-0.08669
-0.08194
-0.07719
-0.07244
-0.06769
-0.0629425
-0.058195
-0.0534475
-0.0487
-0.04395
-0.0392
-0.03445
-0.0297
-0.0249525
-0.020205
-0.0154575
-0.01071
-0.00596
-0.00121
0.00354
0.00829
0.0054325
0.002575
-0.0002825
-0.00314
0.00506
0.01326
0.02146
0.02966
0.03786
0.04606
0.05426
0.06246
0.04626
0.03006
0.01386
-0.00234
-0.01854
-0.03474
-0.05094
-0.06714
-0.0604825
-0.053825
-0.0471675
-0.04051
-0.0338525
-0.027195
-0.0205375
-0.01388
-0.007225
-0.00057
0.006085
0.01274
0.0115675
0.010395
0.0092225
0.00805
0.0135975
0.019145
0.0246925
0.03024
0.0357875
0.041335
0.0468825
0.05243
0.0452
0.03797
0.03074
0.02351
0.01628
0.00905
0.00182
-0.00541
-0.0126375
-0.019865
-0.0270925
-0.03432
-0.04155
-0.04878
-0.05601
-0.06324
-0.0704675
-0.077695
-0.0849225
-0.09215
-0.09938
-0.10661
-0.11384
-0.12107
-0.111928
-0.102785
-0.0936425
-0.0845
-0.07536
-0.06622
-0.05708
-0.04794
-0.0387975
-0.029655
-0.0205125
-0.01137
-0.0022275
0.006915
0.0160575
0.0252
0.0343425
0.043485
0.0526275
0.06177
0.0563975
0.051025
0.0456525
0.04028
0.03491
0.02954
0.02417
0.0188
0.02524
0.03168
0.03812
0.04456
0.051
0.05744
0.06388
0.07032
0.07676
0.0832
0.08964
0.09608
0.10252
0.10896
0.1154
0.12184
0.107255
0.09267
0.078085
0.0635
0.0489175
0.034335
0.0197525
0.00517
-0.009415
-0.024
-0.038585
-0.05317
-0.0476875
-0.042205
-0.0367225
-0.03124
-0.025755
-0.02027
-0.014785
-0.0093
-0.0038175
0.001665
0.0071475
0.01263
0.018115
0.0236
0.029085
0.03457
0.034135
0.0337
0.033265
0.03283
0.032395
0.03196
0.031525
0.03109
0.030655
0.03022
0.029785
0.02935
0.03329
0.03723
0.04117
0.04511
0.04905
0.05299
0.05693
0.06087
0.06481
0.06875
0.07269
0.07663
0.08057
0.08451
0.08845
0.09239
0.0836475
0.074905
0.0661625
0.05742
0.0486775
0.039935
0.0311925
0.02245
0.0137075
0.004965
-0.0037775
-0.01252
-0.00769
-0.00286
0.00197
0.0068
0.0116275
0.016455
0.0212825
0.02611
0.03094
0.03577
0.0406
0.04543
0.038
0.03057
0.02314
0.01571
0.0082775
0.000845
-0.0065875
-0.01402
-0.02145
-0.02888
-0.03631
-0.04374
-0.0511725
-0.058605
-0.0660375
-0.07347
-0.0650775
-0.056685
-0.0482925
-0.0399
-0.0315075
-0.023115
-0.0147225
-0.00633
0.0020625
0.010455
0.0188475
0.02724
0.03563
0.04402
0.05241
0.0608
0.0547725
0.048745
0.0427175
0.03669
0.0306625
0.024635
0.0186075
0.01258
0.0065525
0.000525
-0.0055025
-0.01153
-0.0175575
-0.023585
-0.0296125
-0.03564
-0.0284225
-0.021205
-0.0139875
-0.00677
0.0004475
0.007665
0.0148825
0.0221
0.02932
0.03654
0.04376
0.05098
0.0581975
0.065415
0.0726325
0.07985
0.077175
0.0745
0.071825
0.06915
0.066475
0.0638
0.061125
0.05845
0.055775
0.0531
0.050425
0.04775
0.0450775
0.042405
0.0397325
0.03706
0.034385
0.03171
0.029035
0.02636
0.034325
0.04229
0.050255
0.05822
0.0661875
0.074155
0.0821225
0.09009
0.0980575
0.106025
0.113992
0.12196
0.116642
0.111325
0.106007
0.10069
0.095375
0.09006
0.084745
0.07943
0.0741125
0.068795
0.0634775
0.05816
0.0528425
0.047525
0.0422075
0.03689
0.031575
0.02626
0.020945
0.01563
0.0103125
0.004995
-0.0003225
-0.00564
-0.010955
-0.01627
-0.021585
-0.0269
-0.0322175
-0.037535
-0.0428525
-0.04817
-0.0534875
-0.058805
-0.0641225
-0.06944
-0.074755
-0.08007
-0.085385
-0.0907
-0.0960175
-0.101335
-0.106652
-0.11197
-0.11278
-0.11359
-0.1144
-0.11521
-0.116022
-0.116835
-0.117648
-0.11846
-0.11927
-0.12008
-0.12089
-0.1217
-0.12251
-0.12332
-0.12413
-0.12494
-0.134955
-0.14497
-0.154985
-0.165
-0.175012
-0.185025
-0.195038
-0.20505
-0.19307
-0.18109
-0.16911
-0.15713
-0.14515
-0.13317
-0.12119
-0.10921
-0.09723
-0.08525
-0.07327
-0.06129
-0.04931
-0.03733
-0.02535
-0.01337
-0.00139
0.01059
0.02257
0.03455
0.04653
0.05851
0.07049
0.08247
0.0807925
0.079115
0.0774375
0.07576
0.074085
0.07241
0.070735
0.06906
0.067385
0.06571
0.064035
0.06236
0.0686075
0.074855
0.0811025
0.08735
0.0936
0.09985
0.1061
0.11235
0.118597
0.124845
0.131092
0.13734
0.133442
0.129545
0.125647
0.12175
0.117852
0.113955
0.110057
0.10616
0.102262
0.098365
0.0944675
0.09057
0.0866725
0.082775
0.0788775
0.07498
0.0762625
0.077545
0.0788275
0.08011
0.0813925
0.082675
0.0839575
0.08524
0.0865225
0.087805
0.0890875
0.09037
0.0832975
0.076225
0.0691525
0.06208
0.055005
0.04793
0.040855
0.03378
0.0267075
0.019635
0.0125625
0.00549
-0.001585
-0.00866
-0.015735
-0.02281
-0.0307175
-0.038625
-0.0465325
-0.05444
-0.050905
-0.04737
-0.043835
-0.0403
-0.0367625
-0.033225
-0.0296875
-0.02615
-0.022615
-0.01908
-0.015545
-0.01201
-0.0140775
-0.016145
-0.0182125
-0.02028
-0.0223475
-0.024415
-0.0264825
-0.02855
-0.03702
-0.04549
-0.05396
-0.06243
-0.0556325
-0.048835
-0.0420375
-0.03524
-0.0284425
-0.021645
-0.0148475
-0.00805
-0.0184075
-0.028765
-0.0391225
-0.04948
-0.0462175
-0.042955
-0.0396925
-0.03643
-0.033165
-0.0299
-0.026635
-0.02337
-0.0259475
-0.028525
-0.0311025
-0.03368
-0.0299575
-0.026235
-0.0225125
-0.01879
-0.015065
-0.01134
-0.007615
-0.00389
-0.0001675
0.003555
0.0072775
0.011
0.0147225
0.018445
0.0221675
0.02589
0.0230325
0.020175
0.0173175
0.01446
0.0116025
0.008745
0.0058875
0.00303
0.0001725
-0.002685
-0.0055425
-0.0084
-0.0051425
-0.001885
0.0013725
0.00463
0.0078875
0.011145
0.0144025
0.01766
0.0209175
0.024175
0.0274325
0.03069
0.0339475
0.037205
0.0404625
0.04372
0.0382025
0.032685
0.0271675
0.02165
0.0161325
0.010615
0.0050975
-0.00042
-0.0059375
-0.011455
-0.0169725
-0.02249
-0.0280075
-0.033525
-0.0390425
-0.04456
-0.042515
-0.04047
-0.038425
-0.03638
-0.0343325
-0.032285
-0.0302375
-0.02819
-0.026145
-0.0241
-0.022055
-0.02001
-0.0179625
-0.015915
-0.0138675
-0.01182
-0.0149775
-0.018135
-0.0212925
-0.02445
-0.027605
-0.03076
-0.033915
-0.03707
-0.040225
-0.04338
-0.046535
-0.04969
-0.0519725
-0.054255
-0.0565375
-0.05882
-0.0611025
-0.063385
-0.0656675
-0.06795
-0.07023
-0.07251
-0.07479
-0.07707
-0.0793525
-0.081635
-0.0839175
-0.0862
-0.0884825
-0.090765
-0.0930475
-0.09533
-0.0871875
-0.079045
-0.0709025
-0.06276
-0.054615
-0.04647
-0.038325
-0.03018
-0.0220375
-0.013895
-0.0057525
0.00239
0.0105325
0.018675
0.0268175
0.03496
0.0372175
0.039475
0.0417325
0.04399
0.046245
0.0485
0.050755
0.05301
0.0476975
0.042385
0.0370725
0.03176
0.0264475
0.021135
0.0158225
0.01051
0.0052
-0.00011
-0.00542
-0.01073
-0.0160425
-0.021355
-0.0266675
-0.03198
-0.0372925
-0.042605
-0.0479175
-0.05323
-0.0394575
-0.025685
-0.0119125
0.00186
0.015635
0.02941
0.043185
0.05696
0.0476825
0.038405
0.0291275
0.01985
0.0105725
0.001295
-0.0079825
-0.01726
-0.02654
-0.03582
-0.0451
-0.05438
-0.043795
-0.03321
-0.022625
-0.01204
-0.0014525
0.009135
0.0197225
0.03031
0.040895
0.05148
0.062065
0.07265
0.083235
0.09382
0.104405
0.11499
0.104335
0.09368
0.083025
0.07237
0.061715
0.05106
0.040405
0.02975
0.0190925
0.008435
-0.0022225
-0.01288
-0.00663
-0.00038
0.00587
0.01212
0.0183675
0.024615
0.0308625
0.03711
0.036625
0.03614
0.035655
0.03517
0.034685
0.0342
0.033715
0.03323
0.029555
0.02588
0.022205
0.01853
0.014855
0.01118
0.007505
0.00383
0.0037275
0.003625
0.0035225
0.00342
-0.0028875
-0.009195
-0.0155025
-0.02181
-0.0281175
-0.034425
-0.0407325
-0.04704
-0.0533475
-0.059655
-0.0659625
-0.07227
-0.0785775
-0.084885
-0.0911925
-0.0975
-0.103808
-0.110115
-0.116422
-0.12273
-0.11284
-0.10295
-0.09306
-0.08317
-0.0732825
-0.063395
-0.0535075
-0.04362
-0.0337325
-0.023845
-0.0139575
-0.00407
0.00582
0.01571
0.0256
0.03549
0.0453775
0.055265
0.0651525
0.07504
0.08493
0.09482
0.10471
0.1146
0.105372
0.096145
0.0869175
0.07769
0.0684625
0.059235
0.0500075
0.04078
0.0315525
0.022325
0.0130975
0.00387
0.0036125
0.003355
0.0030975
0.00284
0.002585
0.00233
0.002075
0.00182
-0.0124175
-0.026655
-0.0408925
-0.05513
-0.0295175
-0.003905
0.0217075
0.04732
0.0485475
0.049775
0.0510025
0.05223
0.05346
0.05469
0.05592
0.05715
0.0583775
0.059605
0.0608325
0.06206
0.06329
0.06452
0.06575
0.06698
0.0682075
0.069435
0.0706625
0.07189
0.06068
0.04947
0.03826
0.02705
0.01584
0.00463
-0.00658
-0.01779
-0.029
-0.04021
-0.05142
-0.06263
-0.07384
-0.08505
-0.09626
-0.10747
-0.118682
-0.129895
-0.141108
-0.15232
-0.145717
-0.139115
-0.132512
-0.12591
-0.119307
-0.112705
-0.106103
-0.0995
-0.0928975
-0.086295
-0.0796925
-0.07309
-0.0664875
-0.059885
-0.0532825
-0.04668
-0.0400775
-0.033475
-0.0268725
-0.02027
-0.0136675
-0.007065
-0.0004625
0.00614
0.0127425
0.019345
0.0259475
0.03255
0.02656
0.02057
0.01458
0.00859
0.0026
-0.00339
-0.00938
-0.01537
-0.0213575
-0.027345
-0.0333325
-0.03932
-0.04531
-0.0513
-0.05729
-0.06328
-0.055765
-0.04825
-0.040735
-0.03322
-0.0257025
-0.018185
-0.0106675
-0.00315
0.004365
0.01188
0.019395
0.02691
0.0231725
0.019435
0.0156975
0.01196
0.00822
0.00448
0.00074
-0.003
-0.0014125
0.000175
0.0017625
0.00335
0.0049375
0.006525
0.0081125
0.0097
0.0112875
0.012875
0.0144625
0.01605
0.017635
0.01922
0.020805
0.02239
0.02733
0.03227
0.03721
0.04215
0.04709
0.05203
0.05697
0.06191
0.06685
0.07179
0.07673
0.08167
0.069945
0.05822
0.046495
0.03477
0.0230475
0.011325
-0.0003975
-0.01212
-0.0123625
-0.012605
-0.0128475
-0.01309
-0.013335
-0.01358
-0.013825
-0.01407
-0.0237375
-0.033405
-0.0430725
-0.05274
-0.045915
-0.03909
-0.032265
-0.02544
-0.018615
-0.01179
-0.004965
0.00186
0.008685
0.01551
0.022335
0.02916
0.035985
0.04281
0.049635
0.05646
0.063285
0.07011
0.076935
0.08376
0.067205
0.05065
0.034095
0.01754
0.0009825
-0.015575
-0.0321325
-0.04869
-0.0417025
-0.034715
-0.0277275
-0.02074
-0.01375
-0.00676
0.00023
0.00722
0.0142075
0.021195
0.0281825
0.03517
0.0250575
0.014945
0.0048325
-0.00528
-0.01539
-0.0255
-0.03561
-0.04572
-0.0558325
-0.065945
-0.0760575
-0.08617
-0.0820275
-0.077885
-0.0737425
-0.0696
-0.0654575
-0.061315
-0.0571725
-0.05303
-0.0488875
-0.044745
-0.0406025
-0.03646
-0.0323175
-0.028175
-0.0240325
-0.01989
-0.0157475
-0.011605
-0.0074625
-0.00332
0.0008225
0.004965
0.0091075
0.01325
0.0173925
0.021535
0.0256775
0.02982
0.0251175
0.020415
0.0157125
0.01101
0.006305
0.0016
-0.003105
-0.00781
-0.0125125
-0.017215
-0.0219175
-0.02662
-0.0213725
-0.016125
-0.0108775
-0.00563
-0.0003825
0.004865
0.0101125
0.01536
0.0206075
0.025855
0.0311025
0.03635
0.0415975
0.046845
0.0520925
0.05734
0.0509025
0.044465
0.0380275
0.03159
0.0251525
0.018715
0.0122775
0.00584
-0.0006
-0.00704
-0.01348
-0.01992
-0.0154425
-0.010965
-0.0064875
-0.00201
0.002465
0.00694
0.011415
0.01589
0.0093575
0.002825
-0.0037075
-0.01024
-0.01677
-0.0233
-0.02983
-0.03636
-0.0428925
-0.049425
-0.0559575
-0.06249
-0.0588175
-0.055145
-0.0514725
-0.0478
-0.0441275
-0.040455
-0.0367825
-0.03311
-0.037185
-0.04126
-0.045335
-0.04941
-0.0534825
-0.057555
-0.0616275
-0.0657
-0.069775
-0.07385
-0.077925
-0.082
-0.07395
-0.0659
-0.05785
-0.0498
-0.04175
-0.0337
-0.02565
-0.0176
-0.00955
-0.0015
0.00655
0.0146
0.02265
0.0307
0.03875
0.0468
0.05485
0.0629
0.07095
0.079
0.071125
0.06325
0.055375
0.0475
0.039625
0.03175
0.023875
0.016
0.008125
0.00025
-0.007625
-0.0155
-0.01188
-0.00826
-0.00464
-0.00102
0.0026025
0.006225
0.0098475
0.01347
0.01709
0.02071
0.02433
0.02795
0.0315725
0.035195
0.0388175
0.04244
0.04606
0.04968
0.0533
0.05692
0.0521425
0.047365
0.0425875
0.03781
0.0330325
0.028255
0.0234775
0.0187
0.0139225
0.009145
0.0043675
-0.00041
-0.0051875
-0.009965
-0.0147425
-0.01952
-0.0157075
-0.011895
-0.0080825
-0.00427
-0.0004575
0.003355
0.0071675
0.01098
0.0147925
0.018605
0.0224175
0.02623
0.0300425
0.033855
0.0376675
0.04148
0.0356625
0.029845
0.0240275
0.01821
0.0123925
0.006575
0.0007575
-0.00506
-0.00598
-0.0069
-0.00782
-0.00874
-0.01587
-0.023
-0.03013
-0.03726
-0.0443925
-0.051525
-0.0586575
-0.06579
-0.0558425
-0.045895
-0.0359475
-0.026
-0.01605
-0.0061
0.00385
0.0138
0.0237475
0.033695
0.0436425
0.05359
0.0635375
0.073485
0.0834325
0.09338
0.0847425
0.076105
0.0674675
0.05883
0.050195
0.04156
0.032925
0.02429
0.0156525
0.007015
-0.0016225
-0.01026
-0.018895
-0.02753
-0.036165
-0.0448
-0.0363075
-0.027815
-0.0193225
-0.01083
-0.012795
-0.01476
-0.016725
-0.01869
-0.020655
-0.02262
-0.024585
-0.02655
-0.028515
-0.03048
-0.032445
-0.03441
-0.032065
-0.02972
-0.027375
-0.02503
-0.0226825
-0.020335
-0.0179875
-0.01564
-0.013295
-0.01095
-0.008605
-0.00626
-0.0072175
-0.008175
-0.0091325
-0.01009
-0.0110475
-0.012005
-0.0129625
-0.01392
-0.006715
0.00049
0.007695
0.0149
0.022105
0.02931
0.036515
0.04372
0.0414475
0.039175
0.0369025
0.03463
0.0312175
0.027805
0.0243925
0.02098
0.0175675
0.014155
0.0107425
0.00733
0.0039175
0.000505
-0.0029075
-0.00632
-0.0097325
-0.013145
-0.0165575
-0.01997
-0.01306
-0.00615
0.00076
0.00767
0.0145825
0.021495
0.0284075
0.03532
0.0350125
0.034705
0.0343975
0.03409
0.033785
0.03348
0.033175
0.03287
0.0325625
0.032255
0.0319475
0.03164
0.0297375
0.027835
0.0259325
0.02403
0.0221275
0.020225
0.0183225
0.01642
0.01477
0.01312
0.01147
0.00982
0.00817
0.00652
0.00487
0.00322
0.0015675
-8.5e-05
-0.0017375
-0.00339
0.0029625
0.009315
0.0156675
0.02202
0.0116625
0.001305
-0.0090525
-0.01941
-0.02977
-0.04013
-0.05049
-0.06085
-0.0712075
-0.081565
-0.0919225
-0.10228
-0.0963275
-0.090375
-0.0844225
-0.07847
-0.0725175
-0.066565
-0.0606125
-0.05466
-0.048705
-0.04275
-0.036795
-0.03084
-0.0248875
-0.018935
-0.0129825
-0.00703
-0.0010775
0.004875
0.0108275
0.01678
0.01745
0.01812
0.01879
0.01946
0.02013
0.0208
0.02147
0.02214
0.0228125
0.023485
0.0241575
0.02483
0.023145
0.02146
0.019775
0.01809
0.0130625
0.008035
0.0030075
-0.00202
-0.0070475
-0.012075
-0.0171025
-0.02213
-0.0172925
-0.012455
-0.0076175
-0.00278
0.002055
0.00689
0.011725
0.01656
0.021395
0.02623
0.031065
0.0359
0.0407375
0.045575
0.0504125
0.05525
0.060085
0.06492
0.069755
0.07459
0.07145
0.06831
0.06517
0.06203
0.0588925
0.055755
0.0526175
0.04948
0.04634
0.0432
0.04006
0.03692
0.0273275
0.017735
0.0081425
-0.00145
0.01041
0.02227
0.03413
0.04599
0.04469
0.04339
0.04209
0.04079
0.0394875
0.038185
0.0368825
0.03558
0.0342775
0.032975
0.0316725
0.03037
0.0318425
0.033315
0.0347875
0.03626
0.0377325
0.039205
0.0406775
0.04215
0.04362
0.04509
0.04656
0.04803
0.0495025
0.050975
0.0524475
0.05392
0.0528075
0.051695
0.0505825
0.04947
0.0483575
0.047245
0.0461325
0.04502
0.043905
0.04279
0.041675
0.04056
0.0394475
0.038335
0.0372225
0.03611
0.0349975
0.033885
0.0327725
0.03166
0.02528
0.0189
0.01252
0.00614
-0.0002375
-0.006615
-0.0129925
-0.01937
-0.02575
-0.03213
-0.03851
-0.04489
-0.0512675
-0.057645
-0.0640225
-0.0704
-0.07678
-0.08316
-0.08954
-0.09592
-0.0913025
-0.086685
-0.0820675
-0.07745
-0.072835
-0.06822
-0.063605
-0.05899
-0.0543725
-0.049755
-0.0451375
-0.04052
-0.035905
-0.03129
-0.026675
-0.02206
-0.0174425
-0.012825
-0.0082075
-0.00359
0.001025
0.00564
0.010255
0.01487
0.013665
0.01246
0.011255
0.01005
0.008845
0.00764
0.006435
0.00523
0.004025
0.00282
0.001615
0.00041
-0.000795
-0.002
-0.003205
-0.00441
-0.005615
-0.00682
-0.008025
-0.00923
-0.009895
-0.01056
-0.011225
-0.01189
-0.012725
-0.01356
-0.014395
-0.01523
-0.0160625
-0.016895
-0.0177275
-0.01856
-0.019395
-0.02023
-0.021065
-0.0219
-0.0188825
-0.015865
-0.0128475
-0.00983
-0.0068125
-0.003795
-0.0007775
0.00224
0.0052575
0.008275
0.0112925
0.01431
0.01157
0.00883
0.00609
0.00335
0.0006125
-0.002125
-0.0048625
-0.0076
-0.01034
-0.01308
-0.01582
-0.01856
-0.0157625
-0.012965
-0.0101675
-0.00737
-0.00457
-0.00177
0.00103
0.00383
0.0066275
0.009425
0.0122225
0.01502
0.01782
0.02062
0.02342
0.02622
0.022205
0.01819
0.014175
0.01016
0.006145
0.00213
-0.001885
-0.0059
-0.009915
-0.01393
-0.017945
-0.02196
-0.0167725
-0.011585
-0.0063975
-0.00121
0.003975
0.00916
0.014345
0.01953
0.024715
0.0299
0.035085
0.04027
0.0372675
0.034265
0.0312625
0.02826
0.0252575
0.022255
0.0192525
0.01625
0.0132475
0.010245
0.0072425
0.00424
0.00367
0.0031
0.00253
0.00196
0.0013925
0.000825
0.0002575
-0.00031
-0.0008775
-0.001445
-0.0020125
-0.00258
-0.00315
-0.00372
-0.00429
-0.00486
-0.0054275
-0.005995
-0.0065625
-0.00713
-0.0077
-0.00827
-0.00884
-0.00941
-0.0099775
-0.010545
-0.0111125
-0.01168
-0.01225
-0.01282
-0.01339
-0.01396
-0.014845
-0.01573
-0.016615
-0.0175
-0.018385
-0.01927
-0.020155
-0.02104
-0.021925
-0.02281
-0.023695
-0.02458
-0.0254675
-0.026355
-0.0272425
-0.02813
-0.029015
-0.0299
-0.030785
-0.03167
-0.032555
-0.03344
-0.034325
-0.03521
-0.03692
-0.03863
-0.04034
-0.04205
-0.04376
-0.04547
-0.04718
-0.04889
-0.045565
-0.04224
-0.038915
-0.03559
-0.032265
-0.02894
-0.025615
-0.02229
-0.018965
-0.01564
-0.012315
-0.00899
-0.005665
-0.00234
0.000985
0.00431
0.0076375
0.010965
0.0142925
0.01762
0.015
0.01238
0.00976
0.00714
0.00452
0.0019
-0.00072
-0.00334
-0.0059625
-0.008585
-0.0112075
-0.01383
-0.0070875
-0.000345
0.0063975
0.01314
0.0198825
0.026625
0.0333675
0.04011
0.0468525
0.053595
0.0603375
0.06708
0.06236
0.05764
0.05292
0.0482
0.04348
0.03876
0.03404
0.02932
0.0245975
0.019875
0.0151525
0.01043
0.00571
0.00099
-0.00373
-0.00845
-0.01317
-0.01789
-0.02261
-0.02733
-0.03205
-0.03677
-0.04149
-0.04621
-0.042545
-0.03888
-0.035215
-0.03155
-0.0278825
-0.024215
-0.0205475
-0.01688
-0.013215
-0.00955
-0.005885
-0.00222
0.001445
0.00511
0.008775
0.01244
0.0160375
0.019635
0.0232325
0.02683
0.030425
0.03402
0.037615
0.04121
0.044805
0.0484
0.051995
0.05559
0.049825
0.04406
0.038295
0.03253
0.0267625
0.020995
0.0152275
0.00946
0.003695
-0.00207
-0.007835
-0.0136
-0.01378
-0.01396
-0.01414
-0.01432
-0.0145
-0.01468
-0.01486
-0.01504
-0.01522
-0.0154
-0.01558
-0.01576
-0.0223425
-0.028925
-0.0355075
-0.04209
-0.03828
-0.03447
-0.03066
-0.02685
-0.02304
-0.01923
-0.01542
-0.01161
-0.0078
-0.00399
-0.00018
0.00363
0.00744
0.01125
0.01506
0.01887
0.02268
0.02649
0.0303
0.03411
0.03337
0.03263
0.03189
0.03115
0.03041
0.02967
0.02893
0.02819
0.028435
0.02868
0.028925
0.02917
0.029415
0.02966
0.029905
0.03015
0.030395
0.03064
0.030885
0.03113
0.0243175
0.017505
0.0106925
0.00388
-0.0029325
-0.009745
-0.0165575
-0.02337
-0.0301825
-0.036995
-0.0438075
-0.05062
-0.047515
-0.04441
-0.041305
-0.0382
-0.0350975
-0.031995
-0.0288925
-0.02579
-0.022685
-0.01958
-0.016475
-0.01337
-0.010265
-0.00716
-0.004055
-0.00095
0.0021525
0.005255
0.0083575
0.01146
0.014565
0.01767
0.020775
0.02388
0.0269825
0.030085
0.0331875
0.03629
0.029835
0.02338
0.016925
0.01047
0.004015
-0.00244
-0.008895
-0.01535
-0.021805
-0.02826
-0.034715
-0.04117
-0.047625
-0.05408
-0.060535
-0.06699
-0.06326
-0.05953
-0.0558
-0.05207
-0.04834
-0.04461
-0.04088
-0.03715
-0.0334175
-0.029685
-0.0259525
-0.02222
-0.01849
-0.01476
-0.01103
-0.0073
-0.00357
0.00016
0.00389
0.00762
0.01135
0.01508
0.01881
0.02254
0.0262725
0.030005
0.0337375
0.03747
0.038105
0.03874
0.039375
0.04001
0.0406475
0.041285
0.0419225
0.04256
0.0431875
0.043815
0.0444425
0.04507
0.0457
0.04633
0.04696
0.04759
0.0482175
0.048845
0.0494725
0.0501
0.0489375
0.047775
0.0466125
0.04545
0.0442875
0.043125
0.0419625
0.0408
0.03779
0.03478
0.03177
0.02876
0.0257475
0.022735
0.0197225
0.01671
0.0137
0.01069
0.00768
0.00467
0.0016575
-0.001355
-0.0043675
-0.00738
-0.005825
-0.00427
-0.002715
-0.00116
0.000395
0.00195
0.003505
0.00506
0.006615
0.00817
0.009725
0.01128
0.012835
0.01439
0.015945
0.0175
0.0125975
0.007695
0.0027925
-0.00211
-0.007015
-0.01192
-0.016825
-0.02173
-0.026635
-0.03154
-0.036445
-0.04135
-0.0462525
-0.051155
-0.0560575
-0.06096
-0.065865
-0.07077
-0.075675
-0.08058
-0.0779225
-0.075265
-0.0726075
-0.06995
-0.06729
-0.06463
-0.06197
-0.05931
-0.0566525
-0.053995
-0.0513375
-0.04868
-0.0460225
-0.043365
-0.0407075
-0.03805
-0.03493
-0.03181
-0.02869
-0.02557
-0.0224525
-0.019335
-0.0162175
-0.0131
-0.0099825
-0.006865
-0.0037475
-0.00063
0.00249
0.00561
0.00873
0.01185
0.0149675
0.018085
0.0212025
0.02432
0.02744
0.03056
0.03368
0.0368
0.0399175
0.043035
0.0461525
0.04927
0.0443875
0.039505
0.0346225
0.02974
0.0248575
0.019975
0.0150925
0.01021
0.0053275
0.000445
-0.0044375
-0.00932
-0.0142
-0.01908
-0.02396
-0.02884
-0.0337225
-0.038605
-0.0434875
-0.04837
-0.0532525
-0.058135
-0.0630175
-0.0679
-0.06308
-0.05826
-0.05344
-0.04862
-0.0438
-0.03898
-0.03416
-0.02934
-0.02452
-0.0197
-0.01488
-0.01006
-0.00524
-0.00042
0.0044
0.00922
0.0140425
0.018865
0.0236875
0.02851
0.03333
0.03815
0.04297
0.04779
0.0419825
0.036175
0.0303675
0.02456
0.0187525
0.012945
0.0071375
0.00133
-0.0044775
-0.010285
-0.0160925
-0.0219
-0.0277075
-0.033515
-0.0393225
-0.04513
-0.0509375
-0.056745
-0.0625525
-0.06836
-0.063715
-0.05907
-0.054425
-0.04978
-0.045135
-0.04049
-0.035845
-0.0312
-0.026555
-0.02191
-0.017265
-0.01262
-0.007975
-0.00333
0.001315
0.00596
0.0106025
0.015245
0.0198875
0.02453
0.029175
0.03382
0.038465
0.04311
0.047755
0.0524
0.057045
0.06169
0.066335
0.07098
0.075625
0.08027
0.084915
0.08956
0.094205
0.09885
0.0902675
0.081685
0.0731025
0.06452
0.0559375
0.047355
0.0387725
0.03019
0.0216075
0.013025
0.0044425
-0.00414
-0.012725
-0.02131
-0.029895
-0.03848
-0.0470625
-0.055645
-0.0642275
-0.07281
-0.069605
-0.0664
-0.063195
-0.05999
-0.056785
-0.05358
-0.050375
-0.04717
-0.043965
-0.04076
-0.037555
-0.03435
-0.03384
-0.03333
-0.03282
-0.03231
-0.0318025
-0.031295
-0.0307875
-0.03028
-0.02977
-0.02926
-0.02875
-0.02824
-0.02217
-0.0161
-0.01003
-0.00396
0.00211
0.00818
0.01425
0.02032
0.0160225
0.011725
0.0074275
0.00313
-0.0011675
-0.005465
-0.0097625
-0.01406
-0.018355
-0.02265
-0.026945
-0.03124
-0.0355375
-0.039835
-0.0441325
-0.04843
-0.0527275
-0.057025
-0.0613225
-0.06562
-0.062045
-0.05847
-0.054895
-0.05132
-0.047745
-0.04417
-0.040595
-0.03702
-0.033445
-0.02987
-0.026295
-0.02272
-0.0191475
-0.015575
-0.0120025
-0.00843
-0.004855
-0.00128
0.002295
0.00587
0.009445
0.01302
0.016595
0.02017
0.0218725
0.023575
0.0252775
0.02698
0.0286825
0.030385
0.0320875
0.03379
0.035495
0.0372
0.038905
0.04061
0.0423125
0.044015
0.0457175
0.04742
0.0491225
0.050825
0.0525275
0.05423
0.04951
0.04479
0.04007
0.03535
0.03063
0.02591
0.02119
0.01647
0.0164075
0.016345
0.0162825
0.01622
0.01616
0.0161
0.01604
0.01598
0.01592
0.01586
0.0158
0.01574
0.0136725
0.011605
0.0095375
0.00747
0.0054025
0.003335
0.0012675
-0.0008
-0.0028675
-0.004935
-0.0070025
-0.00907
-0.0066225
-0.004175
-0.0017275
0.00072
0.0031675
0.005615
0.0080625
0.01051
0.0129575
0.015405
0.0178525
0.0203
0.0227475
0.025195
0.0276425
0.03009
0.03254
0.03499
0.03744
0.03989
0.0386125
0.037335
0.0360575
0.03478
0.0335025
0.032225
0.0309475
0.02967
0.028395
0.02712
0.025845
0.02457
0.026115
0.02766
0.029205
0.03075
0.0322975
0.033845
0.0353925
0.03694
0.0384875
0.040035
0.0415825
0.04313
0.044675
0.04622
0.047765
0.04931
0.0508575
0.052405
0.0539525
0.0555
0.057045
0.05859
0.060135
0.06168
0.044945
0.02821
0.011475
-0.00526
-0.021995
-0.03873
-0.055465
-0.0722
-0.06999
-0.06778
-0.06557
-0.06336
-0.0611475
-0.058935
-0.0567225
-0.05451
-0.0522975
-0.050085
-0.0478725
-0.04566
-0.0434475
-0.041235
-0.0390225
-0.03681
-0.0368025
-0.036795
-0.0367875
-0.03678
-0.0367725
-0.036765
-0.0367575
-0.03675
-0.0367425
-0.036735
-0.0367275
-0.03672
-0.0319525
-0.027185
-0.0224175
-0.01765
-0.01288
-0.00811
-0.00334
0.00143
0.0062
0.01097
0.01574
0.02051
0.0252775
0.030045
0.0348125
0.03958
0.04435
0.04912
0.05389
0.05866
0.052885
0.04711
0.041335
0.03556
0.0297825
0.024005
0.0182275
0.01245
0.0066725
0.000895
-0.0048825
-0.01066
-0.016435
-0.02221
-0.027985
-0.03376
-0.0395375
-0.045315
-0.0510925
-0.05687
-0.0539075
-0.050945
-0.0479825
-0.04502
-0.0420575
-0.039095
-0.0361325
-0.03317
-0.030205
-0.02724
-0.024275
-0.02131
-0.0183475
-0.015385
-0.0124225
-0.00946
-0.0064975
-0.003535
-0.0005725
0.00239
0.0012725
0.000155
-0.0009625
-0.00208
-0.003195
-0.00431
-0.005425
-0.00654
-0.0076575
-0.008775
-0.0098925
-0.01101
-0.0121275
-0.013245
-0.0143625
-0.01548
-0.01461
-0.01374
-0.01287
-0.012
-0.0111275
-0.010255
-0.0093825
-0.00851
-0.00764
-0.00677
-0.0059
-0.00503
-0.0041575
-0.003285
-0.0024125
-0.00154
-0.0006675
0.000205
0.0010775
0.00195
0.00159
0.00123
0.00087
0.00051
0.0001525
-0.000205
-0.0005625
-0.00092
0.0021475
0.005215
0.0082825
0.01135
0.01442
0.01749
0.02056
0.02363
0.0266975
0.029765
0.0328325
0.0359
0.03897
0.04204
0.04511
0.04818
0.0512475
0.054315
0.0573825
0.06045
0.06352
0.06659
0.06966
0.07273
0.061665
0.0506
0.039535
0.02847
0.017405
0.00634
-0.004725
-0.01579
-0.0268525
-0.037915
-0.0489775
-0.06004
-0.0577025
-0.055365
-0.0530275
-0.05069
-0.0483525
-0.046015
-0.0436775
-0.04134
-0.0390025
-0.036665
-0.0343275
-0.03199
-0.03183
-0.03167
-0.03151
-0.03135
-0.03119
-0.03103
-0.03087
-0.03071
-0.03055
-0.03039
-0.03023
-0.03007
-0.02721
-0.02435
-0.02149
-0.01863
-0.01577
-0.01291
-0.01005
-0.00719
-0.00433
-0.00147
0.00139
0.00425
0.0071125
0.009975
0.0128375
0.0157
0.01856
0.02142
0.02428
0.02714
0.03
0.03286
0.03572
0.03858
0.0363725
0.034165
0.0319575
0.02975
0.0275425
0.025335
0.0231275
0.02092
0.021525
0.02213
0.022735
0.02334
0.023945
0.02455
0.025155
0.02576
0.0263675
0.026975
0.0275825
0.02819
0.028795
0.0294
0.030005
0.03061
0.0312175
0.031825
0.0324325
0.03304
0.0282075
0.023375
0.0185425
0.01371
0.00888
0.00405
-0.00078
-0.00561
-0.0104425
-0.015275
-0.0201075
-0.02494
-0.024225
-0.02351
-0.022795
-0.02208
-0.0213675
-0.020655
-0.0199425
-0.01923
-0.0185175
-0.017805
-0.0170925
-0.01638
-0.0156675
-0.014955
-0.0142425
-0.01353
-0.0133
-0.01307
-0.01284
-0.01261
-0.0123825
-0.012155
-0.0119275
-0.0117
-0.0091975
-0.006695
-0.0041925
-0.00169
0.000815
0.00332
0.005825
0.00833
0.0108325
0.013335
0.0158375
0.01834
0.0208425
0.023345
0.0258475
0.02835
0.0308525
0.033355
0.0358575
0.03836
0.040865
0.04337
0.045875
0.04838
0.0456575
0.042935
0.0402125
0.03749
0.0347675
0.032045
0.0293225
0.0266
0.0238775
0.021155
0.0184325
0.01571
0.0129875
0.010265
0.0075425
0.00482
0.0020975
-0.000625
-0.0033475
-0.00607
-0.0087925
-0.011515
-0.0142375
-0.01696
-0.01467
-0.01238
-0.01009
-0.0078
-0.00551
-0.00322
-0.00093
0.00136
0.00365
0.00594
0.00823
0.01052
0.01281
0.0151
0.01739
0.01968
0.02197
0.02426
0.02655
0.02884
0.02037
0.0119
0.00343
-0.00504
-0.0135125
-0.021985
-0.0304575
-0.03893
-0.0350525
-0.031175
-0.0272975
-0.02342
-0.0195425
-0.015665
-0.0117875
-0.00791
-0.004035
-0.00016
0.003715
0.00759
0.0114675
0.015345
0.0192225
0.0231
0.0190925
0.015085
0.0110775
0.00707
0.003065
-0.00094
-0.004945
-0.00895
-0.0129575
-0.016965
-0.0209725
-0.02498
-0.028985
-0.03299
-0.036995
-0.041
-0.0450075
-0.049015
-0.0530225
-0.05703
-0.0500725
-0.043115
-0.0361575
-0.0292
-0.0222425
-0.015285
-0.0083275
-0.00137
0.005585
0.01254
0.019495
0.02645
0.0334075
0.040365
0.0473225
0.05428
0.0496775
0.045075
0.0404725
0.03587
0.0312675
0.026665
0.0220625
0.01746
0.012855
0.00825
0.003645
-0.00096
-0.0055625
-0.010165
-0.0147675
-0.01937
-0.0239725
-0.028575
-0.0331775
-0.03778
-0.0340375
-0.030295
-0.0265525
-0.02281
-0.0190675
-0.015325
-0.0115825
-0.00784
-0.0040975
-0.000355
0.0033875
0.00713
0.0108725
0.014615
0.0183575
0.0221
0.0258425
0.029585
0.0333275
0.03707
0.0408125
0.044555
0.0482975
0.05204
0.0557825
0.059525
0.0632675
0.06701
0.0707525
0.074495
0.0782375
0.08198
0.0691975
0.056415
0.0436325
0.03085
0.01807
0.00529
-0.00749
-0.02027
-0.0330525
-0.045835
-0.0586175
-0.0714
-0.0841825
-0.096965
-0.109748
-0.12253
-0.113507
-0.104485
-0.0954625
-0.08644
-0.0774175
-0.068395
-0.0593725
-0.05035
-0.0413275
-0.032305
-0.0232825
-0.01426
-0.0052375
0.003785
0.0128075
0.02183
0.0308525
0.039875
0.0488975
0.05792
0.06694
0.07596
0.08498
0.094
0.103022
0.112045
0.121068
0.13009
0.106595
0.0831
0.059605
0.03611
0.012615
-0.01088
-0.034375
-0.05787
-0.0554075
-0.052945
-0.0504825
-0.04802
-0.0455575
-0.043095
-0.0406325
-0.03817
-0.0357075
-0.033245
-0.0307825
-0.02832
-0.025855
-0.02339
-0.020925
-0.01846
-0.0159975
-0.013535
-0.0110725
-0.00861
-0.0155875
-0.022565
-0.0295425
-0.03652
-0.0435
-0.05048
-0.05746
-0.06444
-0.0637525
-0.063065
-0.0623775
-0.06169
-0.0610025
-0.060315
-0.0596275
-0.05894
-0.05825
-0.05756
-0.05687
-0.05618
-0.0573175
-0.058455
-0.0595925
-0.06073
-0.0618675
-0.063005
-0.0641425
-0.06528
-0.06053
-0.05578
-0.05103
-0.04628
-0.04153
-0.03678
-0.03203
-0.02728
-0.0225325
-0.017785
-0.0130375
-0.00829
-0.00354
0.00121
0.00596
0.01071
0.0154575
0.020205
0.0249525
0.0297
0.03012
0.03054
0.03096
0.03138
0.0318
0.03222
0.03264
0.03306
0.03348
0.0339
0.03432
0.03474
0.03516
0.03558
0.036
0.03642
0.03875
0.04108
0.04341
0.04574
0.04807
0.0504
0.05273
0.05506
0.0573925
0.059725
0.0620575
0.06439
0.06672
0.06905
0.07138
0.07371
0.07604
0.07837
0.0807
0.08303
0.071285
0.05954
0.047795
0.03605
0.0243075
0.012565
0.0008225
-0.01092
-0.022665
-0.03441
-0.046155
-0.0579
-0.055165
-0.05243
-0.049695
-0.04696
-0.044225
-0.04149
-0.038755
-0.03602
-0.033285
-0.03055
-0.027815
-0.02508
-0.022345
-0.01961
-0.016875
-0.01414
-0.0195075
-0.024875
-0.0302425
-0.03561
-0.0409775
-0.046345
-0.0517125
-0.05708
-0.0624475
-0.067815
-0.0731825
-0.07855
-0.0746725
-0.070795
-0.0669175
-0.06304
-0.0591625
-0.055285
-0.0514075
-0.04753
-0.043655
-0.03978
-0.035905
-0.03203
-0.0281525
-0.024275
-0.0203975
-0.01652
-0.012645
-0.00877
-0.004895
-0.00102
0.00154
0.0041
0.00666
0.00922
0.01178
0.01434
0.0169
0.01946
0.02202
0.02458
0.02714
0.0297
0.0322575
0.034815
0.0373725
0.03993
0.04249
0.04505
0.04761
0.05017
0.05273
0.05529
0.05785
0.06041
0.06297
0.06553
0.06809
0.07065
0.07321
0.07577
0.07833
0.08089
0.0601875
0.039485
0.0187825
-0.00192
-0.0226225
-0.043325
-0.0640275
-0.08473
-0.0811275
-0.077525
-0.0739225
-0.07032
-0.066715
-0.06311
-0.059505
-0.0559
-0.052295
-0.04869
-0.045085
-0.04148
-0.04435
-0.04722
-0.05009
-0.05296
-0.0558275
-0.058695
-0.0615625
-0.06443
-0.0672975
-0.070165
-0.0730325
-0.0759
-0.07877
-0.08164
-0.08451
-0.08738
-0.0902475
-0.093115
-0.0959825
-0.09885
-0.0911325
-0.083415
-0.0756975
-0.06798
-0.06026
-0.05254
-0.04482
-0.0371
-0.0293825
-0.021665
-0.0139475
-0.00623
0.00149
0.00921
0.01693
0.02465
0.03237
0.04009
0.04781
0.05553
0.0632475
0.070965
0.0786825
0.0864
0.09412
0.10184
0.10956
0.11728
0.124998
0.132715
0.140432
0.14815
0.1329
0.11765
0.1024
0.08715
0.0719
0.05665
0.0414
0.02615
0.0109
-0.00435
-0.0196
-0.03485
-0.0500975
-0.065345
-0.0805925
-0.09584
-0.08963
-0.08342
-0.07721
-0.071
-0.06479
-0.05858
-0.05237
-0.04616
-0.03995
-0.03374
-0.02753
-0.02132
-0.0151075
-0.008895
-0.0026825
0.00353
0.00974
0.01595
0.02216
0.02837
0.03458
0.04079
0.047
0.05321
0.038735
0.02426
0.009785
-0.00469
-0.0191625
-0.033635
-0.0481075
-0.06258
-0.077055
-0.09153
-0.106005
-0.12048
-0.11526
-0.11004
-0.10482
-0.0996
-0.09438
-0.08916
-0.08394
-0.07872
-0.0735
-0.06828
-0.06306
-0.05784
-0.05262
-0.0474
-0.04218
-0.03696
-0.03174
-0.02652
-0.0213
-0.01608
-0.01086
-0.00564
-0.00042
0.0048
0.01002
0.01524
0.02046
0.02568
0.0309
0.03612
0.04134
0.04656
0.05178
0.057
0.06222
0.06744
0.07266
0.07788
0.0831
0.08832
0.09354
0.09876
0.10398
0.1092
0.11442
0.11964
0.12486
0.13008
0.125048
0.120015
0.114983
0.10995
0.104918
0.099885
0.0948525
0.08982
0.0847875
0.079755
0.0747225
0.06969
0.064655
0.05962
0.054585
0.04955
0.0471775
0.044805
0.0424325
0.04006
0.037685
0.03531
0.032935
0.03056
0.0281875
0.025815
0.0234425
0.02107
0.0186975
0.016325
0.0139525
0.01158
0.010635
0.00969
0.008745
0.0078
0.006855
0.00591
0.004965
0.00402
0.003075
0.00213
0.001185
0.00024
-0.000705
-0.00165
-0.002595
-0.00354
-0.004485
-0.00543
-0.006375
-0.00732
-0.008265
-0.00921
-0.010155
-0.0111
-0.010275
-0.00945
-0.008625
-0.0078
-0.006975
-0.00615
-0.005325
-0.0045
-0.003675
-0.00285
-0.002025
-0.0012
-0.000375
0.00045
0.001275
0.0021
0.002925
0.00375
0.004575
0.0054
0.0019725
-0.001455
-0.0048825
-0.00831
-0.01174
-0.01517
-0.0186
-0.02203
-0.02546
-0.02889
-0.03232
-0.03575
-0.03918
-0.04261
-0.04604
-0.04947
-0.0529
-0.05633
-0.05976
-0.06319
-0.0600075
-0.056825
-0.0536425
-0.05046
-0.0472775
-0.044095
-0.0409125
-0.03773
-0.0345475
-0.031365
-0.0281825
-0.025
-0.0218175
-0.018635
-0.0154525
-0.01227
-0.0090875
-0.005905
-0.0027225
0.00046
0.00155
0.00264
0.00373
0.00482
0.0059125
0.007005
0.0080975
0.00919
0.01028
0.01137
0.01246
0.01355
0.01464
0.01573
0.01682
0.01791
0.0190025
0.020095
0.0211875
0.02228
0.0189175
0.015555
0.0121925
0.00883
0.0054675
0.002105
-0.0012575
-0.00462
-0.0079825
-0.011345
-0.0147075
-0.01807
-0.0214325
-0.024795
-0.0281575
-0.03152
-0.02933
-0.02714
-0.02495
-0.02276
-0.0205725
-0.018385
-0.0161975
-0.01401
-0.0118225
-0.009635
-0.0074475
-0.00526
-0.00307
-0.00088
0.00131
0.0035
0.0056875
0.007875
0.0100625
0.01225
0.01444
0.01663
0.01882
0.02101
0.01935
0.01769
0.01603
0.01437
0.01271
0.01105
0.00939
0.00773
0.0060725
0.004415
0.0027575
0.0011
0.0028825
0.004665
0.0064475
0.00823
0.010015
0.0118
0.013585
0.01537
0.017155
0.01894
0.020725
0.02251
0.021165
0.01982
0.018475
0.01713
0.015785
0.01444
0.013095
0.01175
0.010405
0.00906
0.007715
0.00637
0.0082175
0.010065
0.0119125
0.01376
0.015605
0.01745
0.019295
0.02114
0.022985
0.02483
0.026675
0.02852
0.0303675
0.032215
0.0340625
0.03591
0.037755
0.0396
0.041445
0.04329
0.0411125
0.038935
0.0367575
0.03458
0.0324025
0.030225
0.0280475
0.02587
0.02369
0.02151
0.01933
0.01715
0.0149725
0.012795
0.0106175
0.00844
0.0062625
0.004085
0.0019075
-0.00027
-0.0024475
-0.004625
-0.0068025
-0.00898
-0.00705
-0.00512
-0.00319
-0.00126
0.0006675
0.002595
0.0045225
0.00645
0.00838
0.01031
0.01224
0.01417
0.015725
0.01728
0.018835
0.02039
0.021945
0.0235
0.025055
0.02661
0.028165
0.02972
0.031275
0.03283
0.034385
0.03594
0.037495
0.03905
0.040605
0.04216
0.043715
0.04527
0.04305
0.04083
0.03861
0.03639
0.0341675
0.031945
0.0297225
0.0275
0.02528
0.02306
0.02084
0.01862
0.0164
0.01418
0.01196
0.00974
0.00752
0.0053
0.00308
0.00086
-0.0026875
-0.006235
-0.0097825
-0.01333
-0.0168775
-0.020425
-0.0239725
-0.02752
-0.0310675
-0.034615
-0.0381625
-0.04171
-0.0383125
-0.034915
-0.0315175
-0.02812
-0.0247225
-0.021325
-0.0179275
-0.01453
-0.0111325
-0.007735
-0.0043375
-0.00094
0.002455
0.00585
0.009245
0.01264
0.0160375
0.019435
0.0228325
0.02623
0.0238975
0.021565
0.0192325
0.0169
0.014565
0.01223
0.009895
0.00756
0.0052275
0.002895
0.0005625
-0.00177
-0.004105
-0.00644
-0.008775
-0.01111
-0.0134425
-0.015775
-0.0181075
-0.02044
-0.0227725
-0.025105
-0.0274375
-0.02977
-0.032105
-0.03444
-0.036775
-0.03911
-0.0354375
-0.031765
-0.0280925
-0.02442
-0.0207475
-0.017075
-0.0134025
-0.00973
-0.0060575
-0.002385
0.0012875
0.00496
0.0086325
0.012305
0.0159775
0.01965
0.0233225
0.026995
0.0306675
0.03434
0.03089
0.02744
0.02399
0.02054
0.01709
0.01364
0.01019
0.00674
0.00329
-0.00016
-0.00361
-0.00706
-0.01051
-0.01396
-0.01741
-0.02086
-0.02431
-0.02776
-0.03121
-0.03466
-0.0326525
-0.030645
-0.0286375
-0.02663
-0.0246225
-0.022615
-0.0206075
-0.0186
-0.0165925
-0.014585
-0.0125775
-0.01057
-0.0085625
-0.006555
-0.0045475
-0.00254
-0.0020625
-0.001585
-0.0011075
-0.00063
-0.0001525
0.000325
0.0008025
0.00128
0.0017575
0.002235
0.0027125
0.00319
0.0036675
0.004145
0.0046225
0.0051
0.0063225
0.007545
0.0087675
0.00999
0.0112125
0.012435
0.0136575
0.01488
0.0131375
0.011395
0.0096525
0.00791
0.006165
0.00442
0.002675
0.00093
-0.000815
-0.00256
-0.004305
-0.00605
-0.0036825
-0.001315
0.0010525
0.00342
0.005785
0.00815
0.010515
0.01288
0.0152475
0.017615
0.0199825
0.02235
0.024715
0.02708
0.029445
0.03181
0.0341775
0.036545
0.0389125
0.04128
0.0377275
0.034175
0.0306225
0.02707
0.02352
0.01997
0.01642
0.01287
0.0093175
0.005765
0.0022125
-0.00134
-0.00489
-0.00844
-0.01199
-0.01554
-0.0190925
-0.022645
-0.0261975
-0.02975
-0.0333
-0.03685
-0.0404
-0.04395
-0.0419925
-0.040035
-0.0380775
-0.03612
-0.03416
-0.0322
-0.03024
-0.02828
-0.02632
-0.02436
-0.0224
-0.02044
-0.01848
-0.01652
-0.01456
-0.0126
-0.01064
-0.00868
-0.00672
-0.00476
-0.0028025
-0.000845
0.0011125
0.00307
0.00503
0.00699
0.00895
0.01091
0.0106425
0.010375
0.0101075
0.00984
0.00957
0.0093
0.00903
0.00876
0.00849
0.00822
0.00795
0.00768
0.0074125
0.007145
0.0068775
0.00661
0.0080425
0.009475
0.0109075
0.01234
0.0137725
0.015205
0.0166375
0.01807
0.0195025
0.020935
0.0223675
0.0238
0.0252325
0.026665
0.0280975
0.02953
0.0309625
0.032395
0.0338275
0.03526
0.033405
0.03155
0.029695
0.02784
0.025985
0.02413
0.022275
0.02042
0.018565
0.01671
0.014855
0.013
0.0012125
-0.010575
-0.0223625
-0.03415
-0.0271825
-0.020215
-0.0132475
-0.00628
-0.0062625
-0.006245
-0.0062275
-0.00621
-0.006195
-0.00618
-0.006165
-0.00615
-0.006135
-0.00612
-0.006105
-0.00609
-0.0060725
-0.006055
-0.0060375
-0.00602
-0.006005
-0.00599
-0.005975
-0.00596
-0.005945
-0.00593
-0.005915
-0.0059
-0.0058825
-0.005865
-0.0058475
-0.00583
-0.005815
-0.0058
-0.005785
-0.00577
-0.005755
-0.00574
-0.005725
-0.00571
-0.0056925
-0.005675
-0.0056575
-0.00564
-0.005625
-0.00561
-0.005595
-0.00558
-0.005565
-0.00555
-0.005535
-0.00552
-0.0055025
-0.005485
-0.0054675
-0.00545
-0.005435
-0.00542
-0.005405
-0.00539
-0.0053725
-0.005355
-0.0053375
-0.00532
-0.005305
-0.00529
-0.005275
-0.00526
-0.005245
-0.00523
-0.005215
-0.0052
-0.0051825
-0.005165
-0.0051475
-0.00513
-0.005115
-0.0051
-0.005085
-0.00507
-0.005055
-0.00504
-0.005025
-0.00501
-0.0049925
-0.004975
-0.0049575
-0.00494
-0.004925
-0.00491
-0.004895
-0.00488
-0.004865
-0.00485
-0.004835
-0.00482
-0.0048025
-0.004785
-0.0047675
-0.00475
-0.004735
-0.00472
-0.004705
-0.00469
-0.004675
-0.00466
-0.004645
-0.00463
-0.0046125
-0.004595
-0.0045775
-0.00456
-0.004545
-0.00453
-0.004515
-0.0045
-0.004485
-0.00447
-0.004455
-0.00444
-0.0044225
-0.004405
-0.0043875
-0.00437
-0.004355
-0.00434
-0.004325
-0.00431
-0.004295
-0.00428
-0.004265
-0.00425
-0.0042325
-0.004215
-0.0041975
-0.00418
-0.004165
-0.00415
-0.004135
-0.00412
-0.004105
-0.00409
-0.004075
-0.00406
-0.0040425
-0.004025
-0.0040075
-0.00399
-0.003975
-0.00396
-0.003945
-0.00393
-0.003915
-0.0039
-0.003885
-0.00387
-0.0038525
-0.003835
-0.0038175
-0.0038
-0.003785
-0.00377
-0.003755
-0.00374
-0.003725
-0.00371
-0.003695
-0.00368
-0.0036625
-0.003645
-0.0036275
-0.00361
-0.003595
-0.00358
-0.003565
-0.00355
-0.003535
-0.00352
-0.003505
-0.00349
-0.0034725
-0.003455
-0.0034375
-0.00342
-0.003405
-0.00339
-0.003375
-0.00336
-0.003345
-0.00333
-0.003315
-0.0033
-0.0032825
-0.003265
-0.0032475
-0.00323
-0.003215
-0.0032
-0.003185
-0.00317
-0.003155
-0.00314
-0.003125
-0.00311
-0.0030925
-0.003075
-0.0030575
-0.00304
-0.003025
-0.00301
-0.002995
-0.00298
-0.002965
-0.00295
-0.002935
-0.00292
-0.0029025
-0.002885
-0.0028675
-0.00285
-0.002835
-0.00282
-0.002805
-0.00279
-0.002775
-0.00276
-0.002745
-0.00273
-0.0027125
-0.002695
-0.0026775
-0.00266
-0.002645
-0.00263
-0.002615
-0.0026
-0.002585
-0.00257
-0.002555
-0.00254
-0.0025225
-0.002505
-0.0024875
-0.00247
-0.002455
-0.00244
-0.002425
-0.00241
-0.002395
-0.00238
-0.002365
-0.00235
-0.0023325
-0.002315
-0.0022975
-0.00228
-0.002265
-0.00225
-0.002235
-0.00222
-0.002205
-0.00219
-0.002175
-0.00216
-0.0021425
-0.002125
-0.0021075
-0.00209
-0.002075
-0.00206
-0.002045
-0.00203
-0.002015
-0.002
-0.001985
-0.00197
-0.0019525
-0.001935
-0.0019175
-0.0019
-0.001885
-0.00187
-0.001855
-0.00184
-0.001825
-0.00181
-0.001795
-0.00178
-0.0017625
-0.001745
-0.0017275
-0.00171
-0.001695
-0.00168
-0.001665
-0.00165
-0.0016325
-0.001615
-0.0015975
-0.00158
-0.001565
-0.00155
-0.001535
-0.00152
-0.001505
-0.00149
-0.001475
-0.00146
-0.0014425
-0.001425
-0.0014075
-0.00139
-0.001375
-0.00136
-0.001345
-0.00133
-0.001315
-0.0013
-0.001285
-0.00127
-0.0012525
-0.001235
-0.0012175
-0.0012
-0.001185
-0.00117
-0.001155
-0.00114
-0.001125
-0.00111
-0.001095
-0.00108
-0.0010625
-0.001045
-0.0010275
-0.00101
-0.000995
-0.00098
-0.000965
-0.00095
-0.000935
-0.00092
-0.000905
-0.00089
-0.0008725
-0.000855
-0.0008375
-0.00082
-0.000805
-0.00079
-0.000775
-0.00076
-0.000745
-0.00073
-0.000715
-0.0007
-0.0006825
-0.000665
-0.0006475
-0.00063
-0.000615
-0.0006
-0.000585
-0.00057
-0.000555
-0.00054
-0.000525
-0.00051
-0.0004925
-0.000475
-0.0004575
-0.00044
-0.000425
-0.00041
-0.000395
-0.00038
-0.000365
-0.00035
-0.000335
-0.00032
-0.0003025
-0.000285
-0.0002675
-0.00025
-0.000235
-0.00022
-0.000205
-0.00019
-0.000175
-0.00016
-0.000145
-0.00013
-0.0001125
-9.5e-05
-7.75e-05
-6e-05
-4.5e-05
-3e-05
-1.5e-05
0
0
0
0
