0, 12.3494
1, 11.3494
2, 14.3732
3, 10.3494
4, 11.3494
5, 13.3732
6, 13.3732
7, 13.3732
8, 13.3494
9, 16.397
10, 16.397
11, 17.4209
12, 17.4209
13, 19.4447
14, 23.4685
15, 24.4924
16, 21.4685
17, 25.5162
18, 26.5162
19, 27.54
20, 26.54
21, 29.5638
22, 29.5638
23, 31.5877
24, 31.5877
25, 33.6115
26, 34.6115
27, 33.6115
28, 35.6353
29, 37.6591
30, 37.6591
31, 39.683
32, 37.683
33, 40.7068
34, 43.7306
35, 41.7068
36, 46.7544
37, 46.7544
38, 46.7544
39, 47.7783
40, 47.7783
41, 49.8021
42, 50.8021
43, 51.8259
44, 54.8497
45, 54.8497
46, 53.8736
47, 55.8736
48, 58.8974
49, 59.9212
50, 57.8974
51, 60.945
52, 59.9212
53, 61.945
54, 63.9689
55, 64.9927
56, 65.9927
57, 68.0165
58, 70.0403
59, 68.0165
60, 70.0403
61, 70.0403
62, 71.0403
63, 74.088
64, 75.088
65, 76.1118
66, 75.1118
67, 77.1118
68, 77.1356
69, 79.1595
70, 80.1595
71, 83.1833
72, 82.1833
73, 84.2071
74, 85.2071
75, 82.1833
76, 88.2309
77, 87.2309
78, 85.2309
79, 88.2548
80, 90.2786
81, 91.2786
82, 93.3024
83, 92.3024
84, 95.3262
85, 94.3262
86, 94.3262
87, 95.3501
88, 94.3501
89, 98.3739
90, 99.3739
91, 100.398
92, 98.3739
93, 99.3977
94, 102.422
95, 103.422
96, 104.445
97, 104.445
98, 107.469
99, 106.469
100, 105.469
101, 108.493
102, 107.493
103, 110.517
104, 111.517
105, 112.541
106, 112.541
107, 114.564
108, 115.564
109, 116.588
110, 116.588
111, 118.612
112, 120.636
113, 120.636
114, 120.636
115, 122.66
116, 122.66
117, 125.684
118, 125.707
119, 123.684
120, 127.707
121, 128.731
122, 128.731
123, 129.755
124, 130.755
125, 130.755
126, 132.779
127, 132.779
128, 134.779
129, 134.803
130, 136.827
131, 135.803
132, 137.827
133, 138.85
134, 139.85
135, 142.898
136, 142.898
137, 145.922
138, 143.922
139, 144.922
140, 147.946
141, 148.97
142, 148.97
143, 151.993
144, 154.017
145, 151.993
146, 154.017
147, 155.041
148, 157.065
149, 158.065
150, 159.089
151, 160.089
152, 159.089
153, 160.112
154, 163.136
155, 164.136
156, 163.136
157, 165.16
158, 166.16
159, 165.16
160, 168.208
161, 169.232
162, 169.208
163, 173.255
164, 172.232
165, 176.279
166, 174.279
167, 175.279
168, 179.327
169, 178.303
170, 181.351
171, 179.327
172, 181.351
173, 184.375
174, 183.375
175, 185.398
176, 186.422
177, 188.422
178, 187.422
179, 188.446
180, 191.47
181, 192.47
182, 195.518
183, 195.518
184, 195.518
185, 194.518
186, 194.518
187, 197.541
188, 197.541
189, 201.589
190, 201.589
191, 200.589
192, 202.613
193, 206.637
194, 206.637
195, 205.637
196, 204.637
197, 204.637
198, 209.684
199, 211.708
200, 211.708
201, 212.708
202, 211.708
203, 210.708
204, 215.756
205, 216.756
206, 217.78
207, 218.78
208, 217.78
209, 220.827
210, 219.803
211, 220.827
212, 220.803
213, 220.827
214, 224.851
215, 223.851
216, 224.875
217, 226.875
218, 226.875
219, 226.899
220, 228.923
221, 228.923
222, 228.923
223, 229.923
224, 230.946
225, 231.946
226, 233.97
227, 236.994
228, 236.994
229, 235.994
230, 238.018
231, 240.042
232, 238.018
233, 240.042
234, 242.065
235, 242.065
236, 244.089
237, 244.089
238, 245.113
239, 247.113
240, 248.137
241, 248.161
242, 250.161
243, 252.185
244, 252.185
245, 255.208
246, 254.208
247, 253.208
248, 256.232
249, 256.232
250, 255.232
251, 259.256
252, 262.28
253, 261.28
254, 259.256
255, 262.304
256, 262.304
257, 264.328
258, 264.328
259, 265.328
260, 266.351
261, 267.375
262, 269.375
263, 270.399
264, 271.399
265, 270.399
266, 273.423
267, 274.447
268, 276.471
269, 274.447
270, 277.494
271, 278.494
272, 280.518
273, 281.542
274, 280.518
275, 283.542
276, 284.566
277, 285.59
278, 285.59
279, 285.59
280, 287.613
281, 287.613
282, 289.637
283, 292.661
284, 292.661
285, 292.661
286, 294.685
287, 293.685
288, 299.733
289, 298.733
290, 298.733
291, 301.756
292, 300.756
293, 300.756
294, 302.78
295, 304.804
296, 302.78
297, 306.828
298, 307.828
299, 307.828
300, 308.852
301, 309.852
302, 310.876
303, 313.899
304, 313.899
305, 313.923
306, 314.923
307, 314.923
308, 317.947
309, 318.971
310, 318.971
311, 320.995
312, 321.995
313, 323.018
314, 324.018
315, 325.042
316, 325.042
317, 325.042
318, 328.066
319, 327.066
320, 329.09
321, 331.114
322, 331.114
323, 333.138
324, 333.138
325, 333.138
326, 334.161
327, 337.185
328, 337.185
329, 339.209
330, 339.209
331, 340.233
332, 340.233
333, 342.233
334, 343.257
335, 343.257
336, 345.281
337, 346.281
338, 349.328
339, 346.304
340, 348.328
341, 347.304
342, 349.328
343, 353.376
344, 351.352
345, 351.352
346, 352.376
347, 355.4
348, 355.4
349, 357.424
350, 355.4
351, 357.424
352, 360.471
353, 359.447
354, 363.495
355, 363.495
356, 363.495
357, 364.519
358, 365.519
359, 363.519
360, 364.519
361, 367.543
362, 368.566
363, 368.566
364, 369.566
365, 370.59
366, 373.614
367, 375.638
368, 375.638
369, 376.638
370, 377.662
371, 379.686
372, 379.686
373, 380.686
374, 379.686
375, 381.709
376, 383.733
377, 382.709
378, 383.733
379, 382.733
380, 387.781
381, 386.757
382, 387.781
383, 386.781
384, 390.805
385, 387.781
386, 390.829
387, 391.829
388, 392.852
389, 392.852
390, 395.876
391, 398.9
392, 394.876
393, 396.9
394, 399.924
395, 399.924
396, 401.948
397, 404.972
398, 406.995
399, 405.995
400, 405.995
401, 405.995
402, 408.019
403, 410.043
404, 410.043
405, 415.091
406, 414.091
407, 411.067
408, 416.114
409, 415.114
410, 417.138
411, 418.138
412, 419.162
413, 419.162
414, 422.186
415, 423.21
416, 423.186
417, 423.21
418, 427.234
419, 429.257
420, 426.234
421, 428.257
422, 430.281
423, 429.281
424, 431.305
425, 432.305
426, 434.329
427, 436.353
428, 438.377
429, 440.4
430, 440.4
431, 440.4
432, 440.4
433, 444.448
434, 444.448
435, 446.472
436, 446.472
437, 445.472
438, 448.496
439, 447.496
440, 452.543
441, 451.519
442, 450.519
443, 454.567
444, 453.567
445, 455.591
446, 455.591
447, 456.591
448, 460.639
449, 459.639
450, 459.639
451, 463.662
452, 463.662
453, 464.686
454, 465.686
455, 466.71
456, 466.71
457, 466.71
458, 467.734
459, 469.758
460, 471.758
461, 472.782
462, 473.782
463, 471.782
464, 474.805
465, 476.829
466, 478.829
467, 474.805
468, 476.829
469, 476.829
470, 478.853
471, 481.877
472, 479.877
473, 482.901
474, 482.901
475, 485.925
476, 484.925
477, 486.948
478, 485.948
479, 486.948
480, 488.972
481, 488.972
482, 490.996
483, 493.02
484, 493.02
485, 493.02
486, 496.044
487, 494.044
488, 497.067
489, 496.067
490, 500.091
491, 501.115
492, 500.115
493, 499.115
494, 501.115
495, 501.115
496, 503.139
497, 507.187
498, 505.163
499, 506.187
500, 509.21
501, 509.21
502, 509.21
503, 514.258
504, 512.234
505, 513.258
506, 513.258
507, 514.282
508, 515.282
509, 515.306
510, 518.306
511, 520.33
512, 519.33
513, 518.33
514, 523.377
515, 523.377
516, 523.377
517, 523.377
518, 525.401
519, 525.401
520, 529.449
521, 526.425
522, 530.473
523, 529.449
524, 533.496
525, 532.496
526, 532.496
527, 535.52
528, 537.544
529, 537.544
530, 537.544
531, 539.568
532, 541.592
533, 544.615
534, 543.615
535, 542.615
536, 545.639
537, 547.663
538, 547.663
539, 547.663
540, 548.687
541, 548.687
542, 550.711
543, 551.711
544, 551.711
545, 555.758
546, 554.758
547, 556.782
548, 557.782
549, 558.782
550, 560.806
551, 558.806
552, 561.83
553, 562.854
554, 565.878
555, 564.878
556, 566.901
557, 568.901
558, 569.925
559, 567.901
560, 572.949
561, 573.973
562, 573.973
563, 574.973
564, 575.997
565, 575.997
566, 579.02
567, 578.02
568, 580.044
569, 580.044
570, 584.092
571, 584.092
572, 583.092
573, 586.116
574, 586.116
575, 586.116
576, 586.116
577, 590.163
578, 592.187
579, 591.187
580, 591.187
581, 590.187
582, 592.187
583, 592.211
584, 596.235
585, 599.259
586, 598.259
587, 599.283
588, 599.283
589, 601.306
590, 599.283
591, 604.33
592, 604.33
593, 606.354
594, 605.354
595, 607.354
596, 608.378
597, 608.378
598, 608.378
599, 611.402
600, 612.426
601, 609.402
602, 613.426
603, 613.426
604, 616.473
605, 615.473
606, 615.473
607, 616.473
608, 616.497
609, 617.497
610, 617.497
611, 620.521
612, 622.568
613, 622.545
614, 622.545
615, 625.568
616, 625.592
617, 626.592
618, 626.592
619, 627.592
620, 627.616
621, 630.64
622, 632.664
623, 633.664
624, 633.664
625, 635.688
626, 633.688
627, 635.711
628, 635.711
629, 639.735
630, 637.735
631, 638.735
632, 641.759
633, 640.759
634, 643.783
635, 642.783
636, 645.807
637, 647.831
638, 646.831
639, 647.854
640, 648.854
641, 646.831
642, 652.902
643, 650.878
644, 653.926
645, 655.926
646, 653.926
647, 656.95
648, 657.95
649, 657.973
650, 659.973
651, 661.997
652, 664.021
653, 659.997
654, 665.045
655, 666.045
656, 668.069
657, 666.045
658, 666.069
659, 667.069
660, 670.116
661, 671.116
662, 672.116
663, 675.164
664, 673.14
665, 674.164
666, 677.188
667, 679.212
668, 680.212
669, 679.212
670, 682.236
671, 681.236
672, 681.236
673, 685.283
674, 685.283
675, 685.283
676, 687.307
677, 686.307
678, 687.307
679, 691.355
680, 689.331
681, 691.355
682, 695.402
683, 695.402
684, 696.426
685, 698.426
686, 696.426
687, 699.45
688, 699.45
689, 701.474
690, 702.498
691, 705.521
692, 702.498
693, 702.498
694, 705.521
695, 707.545
696, 709.569
697, 708.569
698, 712.593
699, 711.593
700, 713.617
701, 714.617
702, 713.617
703, 714.641
704, 714.641
705, 715.664
706, 719.688
707, 720.712
708, 719.688
709, 720.712
710, 723.736
711, 725.76
712, 725.76
713, 726.76
714, 723.736
715, 724.76
716, 727.784
717, 730.807
718, 726.784
719, 727.807
720, 733.855
721, 732.855
722, 733.855
723, 735.879
724, 735.879
725, 737.903
726, 736.903
727, 738.903
728, 739.927
729, 738.927
730, 739.927
731, 743.95
732, 741.974
733, 743.974
734, 743.974
735, 746.998
736, 746.998
737, 748.022
738, 747.022
739, 752.069
740, 750.046
741, 752.069
742, 752.069
743, 751.069
744, 754.093
745, 757.117
746, 757.141
747, 757.141
748, 759.141
749, 758.141
750, 760.165
751, 762.189
752, 762.189
753, 763.189
754, 763.189
755, 764.212
756, 766.236
757, 768.26
758, 769.284
759, 767.26
760, 769.26
761, 769.284
762, 770.284
763, 772.308
764, 772.308
765, 772.308
766, 774.332
767, 775.355
768, 778.379
769, 777.379
770, 777.379
771, 780.403
772, 779.403
773, 782.427
774, 784.451
775, 783.451
776, 785.451
777, 786.474
778, 788.498
779, 788.498
780, 788.498
781, 791.522
782, 793.546
783, 792.546
784, 792.546
785, 794.57
786, 795.594
787, 796.594
788, 797.617
789, 800.641
790, 801.641
791, 803.665
792, 800.641
793, 801.665
794, 804.689
795, 805.713
796, 806.713
797, 806.713
798, 808.737
799, 807.737
800, 810.76
801, 812.784
802, 813.784
803, 813.784
804, 816.832
805, 816.832
806, 818.856
807, 818.856
808, 818.856
809, 818.856
810, 821.88
811, 823.927
812, 827.951
813, 824.927
814, 825.927
815, 826.951
816, 826.951
817, 828.975
818, 829.999
819, 830.999
820, 834.022
821, 833.022
822, 836.046
823, 836.07
824, 836.07
825, 837.07
826, 838.07
827, 841.118
828, 842.118
829, 843.142
830, 843.142
831, 844.142
832, 844.142
833, 848.189
834, 847.189
835, 848.189
836, 849.213
837, 850.237
838, 849.213
839, 853.261
840, 852.261
841, 853.261
842, 853.261
843, 857.308
844, 857.308
845, 858.308
846, 860.332
847, 858.308
848, 861.356
849, 861.356
850, 864.38
851, 866.404
852, 862.38
853, 866.404
854, 865.404
855, 868.428
856, 868.428
857, 868.428
858, 867.428
859, 869.451
860, 871.475
861, 871.475
862, 872.499
863, 872.475
864, 874.499
865, 874.523
866, 875.523
867, 879.57
868, 879.57
869, 880.57
870, 881.594
871, 881.594
872, 883.618
873, 883.618
874, 885.642
875, 884.642
876, 886.642
877, 886.642
878, 889.69
879, 889.69
880, 890.69
881, 891.713
882, 891.713
883, 893.737
884, 894.737
885, 894.761
886, 896.761
887, 898.785
888, 900.809
889, 897.785
890, 899.809
891, 900.809
892, 903.856
893, 903.856
894, 902.856
895, 903.856
896, 905.88
897, 905.88
898, 905.88
899, 907.904
900, 908.904
901, 908.928
902, 909.928
903, 913.975
904, 913.975
905, 916.999
906, 914.999
907, 918.023
908, 919.047
909, 921.047
910, 917.023
911, 921.071
912, 922.071
913, 924.095
914, 926.118
915, 926.118
916, 928.142
917, 927.118
918, 930.166
919, 930.166
920, 930.166
921, 932.19
922, 933.214
923, 935.214
924, 934.214
925, 937.238
926, 938.261
927, 938.261
928, 938.261
929, 941.285
930, 941.309
931, 943.333
932, 943.333
933, 943.333
934, 946.357
935, 944.357
936, 949.381
937, 949.404
938, 951.404
939, 952.428
940, 952.428
941, 953.452
942, 956.476
943, 956.476
944, 958.5
945, 960.523
946, 959.523
947, 960.523
948, 960.523
949, 964.547
950, 965.571
951, 964.571
952, 966.595
953, 968.619
954, 968.619
955, 970.643
956, 968.643
957, 972.666
958, 973.666
959, 974.69
960, 974.69
961, 975.714
962, 977.714
963, 978.738
964, 977.738
965, 978.738
966, 978.738
967, 979.762
968, 982.786
969, 982.786
970, 982.786
971, 986.833
972, 986.833
973, 988.857
974, 986.833
975, 990.881
976, 990.881
977, 988.881
978, 993.905
979, 991.905
980, 992.905
981, 992.905
982, 994.928
983, 993.905
984, 997.952
985, 998.976
986, 998.976
987, 998.976
988, 1000
989, 1001
990, 1003.02
991, 1003.02
992, 1006.05
993, 1008.07
994, 1006.07
995, 1009.1
996, 1010.1
997, 1011.12
998, 1008.1
999, 1012.12
1000, 1011.12
1001, 1013.14
1002, 1013.14
1003, 1016.17
1004, 1015.17
1005, 1016.19
1006, 1014.17
1007, 1018.21
1008, 1022.24
1009, 1020.24
1010, 1024.26
1011, 1023.26
1012, 1023.26
1013, 1024.29
1014, 1025.29
1015, 1028.31
1016, 1027.31
1017, 1030.33
1018, 1029.33
1019, 1030.36
1020, 1032.36
1021, 1031.36
1022, 1033.38
1023, 1033.38
1024, 1036.41
1025, 1037.43
1026, 1039.45
1027, 1038.45
1028, 1039.45
1029, 1040.45
1030, 1041.48
1031, 1041.48
1032, 1042.48
1033, 1042.5
1034, 1045.52
1035, 1048.55
1036, 1047.55
1037, 1049.57
1038, 1049.57
1039, 1051.6
1040, 1053.62
1041, 1052.62
1042, 1053.62
1043, 1053.62
1044, 1055.64
1045, 1055.64
1046, 1059.69
1047, 1059.69
1048, 1061.71
1049, 1058.69
1050, 1062.74
1051, 1065.76
1052, 1064.74
1053, 1064.76
1054, 1064.76
1055, 1066.79
1056, 1069.81
1057, 1068.81
1058, 1070.81
1059, 1069.81
1060, 1073.86
1061, 1073.86
1062, 1075.88
1063, 1076.91
1064, 1078.91
1065, 1078.91
1066, 1079.93
1067, 1081.95
1068, 1081.95
1069, 1081.95
1070, 1081.95
1071, 1086
1072, 1088.02
1073, 1088.02
1074, 1088.02
1075, 1088.02
1076, 1092.07
1077, 1092.07
1078, 1093.1
1079, 1095.1
1080, 1095.1
1081, 1096.12
1082, 1097.14
1083, 1097.14
1084, 1097.14
1085, 1100.17
1086, 1102.19
1087, 1102.19
1088, 1102.19
1089, 1103.19
1090, 1104.22
1091, 1107.26
1092, 1109.26
1093, 1108.26
1094, 1108.26
1095, 1109.29
1096, 1110.29
1097, 1112.31
1098, 1113.31
1099, 1112.31
1100, 1114.33
1101, 1115.33
1102, 1116.36
1103, 1119.38
1104, 1116.36
1105, 1122.41
1106, 1121.41
1107, 1122.43
1108, 1122.43
1109, 1124.45
1110, 1125.45
1111, 1123.45
1112, 1124.45
1113, 1128.5
1114, 1127.48
1115, 1127.5
1116, 1130.52
1117, 1128.5
1118, 1132.55
1119, 1133.57
1120, 1132.55
1121, 1136.6
1122, 1135.57
1123, 1137.62
1124, 1135.6
1125, 1136.6
1126, 1138.62
1127, 1140.64
1128, 1139.64
1129, 1142.67
1130, 1139.64
1131, 1142.67
1132, 1145.69
1133, 1145.72
1134, 1146.72
1135, 1147.72
1136, 1148.74
1137, 1151.76
1138, 1150.76
1139, 1150.76
1140, 1153.79
1141, 1152.79
1142, 1155.81
1143, 1156.81
1144, 1154.81
1145, 1156.83
1146, 1159.86
1147, 1159.86
1148, 1158.86
1149, 1160.88
1150, 1160.88
1151, 1164.93
1152, 1165.93
1153, 1164.93
1154, 1166.95
1155, 1166.95
1156, 1171
1157, 1171
1158, 1169.98
1159, 1171
1160, 1173.03
1161, 1171
1162, 1174.03
1163, 1175.05
1164, 1176.05
1165, 1175.05
1166, 1177.07
1167, 1177.1
1168, 1181.12
1169, 1182.14
1170, 1182.14
1171, 1183.14
1172, 1185.17
1173, 1187.19
1174, 1186.19
1175, 1189.22
1176, 1189.22
1177, 1191.24
1178, 1192.24
1179, 1193.26
1180, 1195.29
1181, 1194.26
1182, 1195.29
1183, 1197.31
1184, 1199.33
1185, 1199.33
1186, 1201.36
1187, 1199.33
1188, 1201.36
1189, 1200.36
1190, 1203.38
1191, 1202.38
1192, 1205.41
1193, 1207.43
1194, 1209.45
1195, 1209.45
1196, 1209.45
1197, 1210.48
1198, 1212.48
1199, 1213.5
1200, 1214.53
1201, 1215.53
1202, 1215.53
1203, 1217.55
1204, 1219.57
1205, 1220.57
1206, 1223.62
1207, 1221.6
1208, 1224.62
1209, 1224.62
1210, 1223.62
1211, 1227.67
1212, 1226.67
1213, 1227.67
1214, 1228.69
1215, 1230.69
1216, 1234.74
1217, 1230.72
1218, 1233.74
1219, 1233.74
1220, 1235.76
1221, 1239.79
1222, 1237.79
1223, 1237.79
1224, 1238.81
1225, 1242.84
1226, 1239.81
1227, 1243.86
1228, 1241.84
1229, 1243.86
1230, 1245.86
1231, 1245.88
1232, 1245.88
1233, 1248.91
1234, 1247.91
1235, 1249.93
1236, 1247.91
1237, 1250.95
1238, 1251.95
1239, 1254.98
1240, 1254.98
1241, 1256
1242, 1256
1243, 1255
1244, 1256
1245, 1260.05
1246, 1260.05
1247, 1262.07
1248, 1262.07
1249, 1262.07
1250, 1264.1
1251, 1262.1
1252, 1263.1
1253, 1266.12
1254, 1266.12
1255, 1268.14
1256, 1267.14
1257, 1270.17
1258, 1269.17
1259, 1272.19
1260, 1272.19
1261, 1273.22
1262, 1274.22
1263, 1274.22
1264, 1276.24
1265, 1276.24
1266, 1279.26
1267, 1281.29
1268, 1280.29
1269, 1280.29
1270, 1283.31
1271, 1282.31
1272, 1283.34
1273, 1285.34
1274, 1287.36
1275, 1288.38
1276, 1289.38
1277, 1288.38
1278, 1289.38
1279, 1290.41
1280, 1290.41
1281, 1292.43
1282, 1294.45
1283, 1292.43
1284, 1296.48
1285, 1296.48
1286, 1299.5
1287, 1299.5
1288, 1299.5
1289, 1300.53
1290, 1302.55
1291, 1302.55
1292, 1305.57
1293, 1305.57
1294, 1307.6
1295, 1306.6
1296, 1307.62
1297, 1309.62
1298, 1310.65
1299, 1312.65
1300, 1312.67
1301, 1314.69
1302, 1312.67
1303, 1314.69
1304, 1317.72
1305, 1317.74
1306, 1320.76
1307, 1316.72
1308, 1322.79
1309, 1320.76
1310, 1323.81
1311, 1322.79
1312, 1323.79
1313, 1324.81
1314, 1324.81
1315, 1329.86
1316, 1329.86
1317, 1328.86
1318, 1329.88
1319, 1331.88
1320, 1333.91
1321, 1334.93
1322, 1337.95
1323, 1335.95
1324, 1337.95
1325, 1339.98
1326, 1339.98
1327, 1340
1328, 1340
1329, 1342
1330, 1346.05
1331, 1343.03
1332, 1345.05
1333, 1347.07
1334, 1349.1
1335, 1347.07
1336, 1349.1
1337, 1352.12
1338, 1352.12
1339, 1353.15
1340, 1355.17
1341, 1353.15
1342, 1355.17
1343, 1358.19
1344, 1359.22
1345, 1358.22
1346, 1359.22
1347, 1359.22
1348, 1363.26
1349, 1362.26
1350, 1364.26
1351, 1362.26
1352, 1364.29
1353, 1367.31
1354, 1367.31
1355, 1369.34
1356, 1369.34
1357, 1371.36
1358, 1370.36
1359, 1371.36
1360, 1374.38
1361, 1373.38
1362, 1374.38
1363, 1375.41
1364, 1376.41
1365, 1379.46
1366, 1379.46
1367, 1380.46
1368, 1381.48
1369, 1382.5
1370, 1382.48
1371, 1383.5
1372, 1383.5
1373, 1384.53
1374, 1387.55
1375, 1386.55
1376, 1390.57
1377, 1387.55
1378, 1388.57
1379, 1391.6
1380, 1392.6
1381, 1393.62
1382, 1393.62
1383, 1395.65
1384, 1393.62
1385, 1396.65
1386, 1397.67
1387, 1399.69
1388, 1399.69
1389, 1403.72
1390, 1401.72
1391, 1403.74
1392, 1402.74
1393, 1402.74
1394, 1404.74
1395, 1407.79
1396, 1408.79
1397, 1407.79
1398, 1409.81
1399, 1408.81
1400, 1408.81
1401, 1411.84
1402, 1412.86
1403, 1412.86
1404, 1413.86
1405, 1415.88
1406, 1416.91
1407, 1414.88
1408, 1416.91
1409, 1419.93
1410, 1420.96
1411, 1421.96
1412, 1421.96
1413, 1421.96
1414, 1424.98
1415, 1428.03
1416, 1426
1417, 1428.03
1418, 1428.03
1419, 1428.03
1420, 1429.05
1421, 1433.07
1422, 1432.07
1423, 1433.1
1424, 1435.1
1425, 1436.12
1426, 1438.15
1427, 1439.17
1428, 1440.17
1429, 1439.17
1430, 1439.17
1431, 1440.17
1432, 1442.19
1433, 1446.24
1434, 1444.22
1435, 1447.24
1436, 1445.24
1437, 1448.27
1438, 1453.31
1439, 1452.31
1440, 1450.29
1441, 1453.34
1442, 1453.31
1443, 1455.36
1444, 1457.36
1445, 1458.38
1446, 1458.38
1447, 1458.38
1448, 1458.38
1449, 1461.41
1450, 1463.43
1451, 1462.43
1452, 1464.46
1453, 1467.48
1454, 1466.48
1455, 1467.48
1456, 1470.53
1457, 1468.5
1458, 1472.55
1459, 1473.55
1460, 1476.58
1461, 1472.55
1462, 1474.58
1463, 1477.6
1464, 1475.6
1465, 1479.62
1466, 1481.65
1467, 1480.65
1468, 1482.67
1469, 1484.69
1470, 1483.67
1471, 1484.69
1472, 1487.72
1473, 1487.72
1474, 1489.77
1475, 1488.74
1476, 1488.74
1477, 1491.77
1478, 1492.79
1479, 1493.81
1480, 1494.81
1481, 1493.81
1482, 1494.81
1483, 1495.84
1484, 1496.84
1485, 1498.86
1486, 1500.88
1487, 1501.88
1488, 1500.88
1489, 1502.91
1490, 1505.93
1491, 1503.93
1492, 1506.96
1493, 1509.98
1494, 1507.96
1495, 1509.98
1496, 1508.98
1497, 1511
1498, 1510
1499, 1513.03
1500, 1514.03
1501, 1515.05
1502, 1514.05
1503, 1518.08
1504, 1518.08
1505, 1517.08
1506, 1520.1
1507, 1518.1
1508, 1522.15
1509, 1521.12
1510, 1523.15
1511, 1523.15
1512, 1524.17
1513, 1525.17
1514, 1526.17
1515, 1527.19
1516, 1529.22
1517, 1526.19
1518, 1529.22
1519, 1531.24
1520, 1533.27
1521, 1533.27
1522, 1535.29
1523, 1534.29
1524, 1536.31
1525, 1536.31
1526, 1538.31
1527, 1538.31
1528, 1539.34
1529, 1541.36
1530, 1543.39
1531, 1542.39
1532, 1545.41
1533, 1545.41
1534, 1548.43
1535, 1544.41
1536, 1547.43
1537, 1549.46
1538, 1550.46
1539, 1549.48
1540, 1552.5
1541, 1550.48
1542, 1555.53
1543, 1554.5
1544, 1555.53
1545, 1558.55
1546, 1559.55
1547, 1561.6
1548, 1559.58
1549, 1561.6
1550, 1561.6
1551, 1561.6
1552, 1563.62
1553, 1565.65
1554, 1564.65
1555, 1567.67
1556, 1570.69
1557, 1570.69
1558, 1570.69
1559, 1570.72
1560, 1573.74
1561, 1573.74
1562, 1573.74
1563, 1578.81
1564, 1579.81
1565, 1578.79
1566, 1579.81
1567, 1580.81
1568, 1582.84
1569, 1579.81
1570, 1582.86
1571, 1583.86
1572, 1585.89
1573, 1586.91
1574, 1588.91
1575, 1587.91
1576, 1591.96
1577, 1592.96
1578, 1590.93
1579, 1592.96
1580, 1593.98
1581, 1593.98
1582, 1596
1583, 1596
1584, 1598.03
1585, 1601.05
1586, 1598.03
1587, 1603.08
1588, 1602.08
1589, 1605.1
1590, 1605.12
1591, 1606.12
1592, 1608.15
1593, 1608.15
1594, 1606.12
1595, 1610.17
1596, 1610.17
1597, 1612.2
1598, 1613.2
1599, 1615.22
1600, 1616.24
1601, 1616.24
1602, 1616.24
1603, 1619.29
1604, 1619.27
1605, 1621.29
1606, 1620.29
1607, 1620.29
1608, 1620.29
1609, 1624.34
1610, 1624.34
1611, 1626.36
1612, 1627.36
1613, 1626.36
1614, 1630.41
1615, 1629.41
1616, 1631.41
1617, 1633.46
1618, 1629.41
1619, 1633.46
1620, 1635.46
1621, 1637.48
1622, 1634.46
1623, 1636.48
1624, 1635.48
1625, 1640.53
1626, 1640.53
1627, 1639.53
1628, 1639.53
1629, 1644.58
1630, 1643.55
1631, 1644.58
1632, 1645.58
1633, 1647.6
1634, 1648.62
1635, 1648.62
1636, 1648.62
1637, 1653.67
1638, 1648.65
1639, 1651.65
1640, 1655.7
1641, 1653.67
1642, 1655.7
1643, 1653.7
1644, 1653.7
1645, 1656.72
1646, 1658.74
1647, 1658.74
1648, 1658.74
1649, 1663.79
1650, 1661.77
1651, 1662.79
1652, 1664.81
1653, 1663.81
1654, 1667.84
1655, 1666.84
1656, 1665.84
1657, 1669.86
1658, 1670.89
1659, 1670.89
1660, 1672.91
1661, 1672.91
1662, 1672.91
1663, 1676.96
1664, 1678.98
1665, 1676.96
1666, 1678.98
1667, 1678.98
1668, 1678.98
1669, 1684.03
1670, 1682.01
1671, 1682.01
1672, 1685.05
1673, 1685.05
1674, 1687.08
1675, 1687.08
1676, 1687.08
1677, 1688.1
1678, 1692.12
1679, 1691.12
1680, 1691.12
1681, 1693.15
1682, 1693.15
1683, 1695.17
1684, 1697.2
1685, 1698.2
1686, 1697.2
1687, 1700.22
1688, 1702.24
1689, 1701.24
1690, 1704.27
1691, 1703.27
1692, 1703.27
1693, 1705.29
1694, 1707.32
1695, 1709.34
1696, 1709.34
1697, 1708.34
1698, 1710.36
1699, 1713.39
1700, 1712.39
1701, 1711.39
1702, 1716.43
1703, 1715.41
1704, 1716.41
1705, 1719.46
1706, 1720.46
1707, 1721.48
1708, 1723.51
1709, 1721.48
1710, 1723.51
1711, 1723.51
1712, 1726.53
1713, 1729.58
1714, 1729.58
1715, 1729.58
1716, 1729.58
1717, 1730.6
1718, 1734.62
1719, 1733.62
1720, 1732.62
1721, 1735.65
1722, 1737.67
1723, 1737.67
1724, 1740.7
1725, 1737.67
1726, 1739.7
1727, 1739.7
1728, 1741.72
1729, 1743.74
1730, 1744.74
1731, 1743.74
1732, 1746.77
1733, 1747.79
1734, 1748.79
1735, 1748.82
1736, 1749.82
1737, 1749.82
1738, 1750.84
1739, 1753.86
1740, 1753.86
1741, 1752.86
1742, 1755.89
1743, 1756.89
1744, 1755.89
1745, 1756.89
1746, 1759.93
1747, 1760.93
1748, 1759.93
1749, 1764.98
1750, 1763.98
1751, 1764.98
1752, 1763.98
1753, 1767.03
1754, 1766.01
1755, 1768.03
1756, 1768.03
1757, 1768.05
1758, 1771.05
1759, 1773.08
1760, 1774.1
1761, 1771.08
1762, 1775.13
1763, 1777.13
1764, 1776.13
1765, 1777.15
1766, 1778.15
1767, 1779.17
1768, 1780.17
1769, 1782.2
1770, 1781.2
1771, 1782.2
1772, 1784.22
1773, 1785.24
1774, 1784.22
1775, 1786.24
1776, 1788.27
1777, 1789.29
1778, 1788.27
1779, 1789.29
1780, 1792.32
1781, 1795.34
1782, 1792.32
1783, 1794.34
1784, 1793.34
1785, 1796.36
1786, 1796.36
1787, 1796.36
1788, 1798.39
1789, 1800.41
1790, 1800.41
1791, 1802.43
1792, 1804.46
1793, 1805.46
1794, 1805.46
1795, 1808.48
1796, 1806.48
1797, 1811.53
1798, 1810.53
1799, 1811.53
1800, 1810.53
1801, 1814.55
1802, 1815.58
1803, 1816.6
1804, 1815.58
1805, 1815.6
1806, 1818.63
1807, 1820.65
1808, 1816.6
1809, 1822.67
1810, 1821.65
1811, 1821.67
1812, 1824.7
1813, 1824.7
1814, 1824.7
1815, 1826.72
1816, 1826.72
1817, 1829.74
1818, 1831.79
1819, 1830.77
1820, 1833.79
1821, 1834.82
1822, 1833.79
1823, 1834.82
1824, 1837.84
1825, 1836.84
1826, 1838.86
1827, 1840.89
1828, 1840.89
1829, 1840.89
1830, 1842.91
1831, 1843.91
1832, 1842.94
1833, 1845.96
1834, 1846.96
1835, 1848.98
1836, 1850.01
1837, 1850.98
1838, 1851.01
1839, 1851.01
1840, 1854.03
1841, 1854.05
1842, 1855.05
1843, 1856.05
1844, 1857.08
1845, 1857.08
1846, 1859.1
1847, 1862.13
1848, 1861.13
1849, 1862.15
1850, 1863.15
1851, 1864.17
1852, 1864.17
1853, 1868.22
1854, 1867.2
1855, 1871.24
1856, 1873.24
1857, 1872.24
1858, 1873.27
1859, 1872.27
1860, 1872.27
1861, 1876.29
1862, 1874.29
1863, 1875.29
1864, 1877.32
1865, 1880.34
1866, 1879.34
1867, 1879.34
1868, 1882.36
1869, 1881.36
1870, 1881.36
1871, 1885.41
1872, 1885.41
1873, 1886.41
1874, 1885.41
1875, 1884.41
1876, 1886.44
1877, 1890.48
1878, 1889.46
1879, 1891.48
1880, 1892.51
1881, 1894.51
1882, 1893.51
1883, 1898.55
1884, 1898.55
1885, 1896.55
1886, 1898.58
1887, 1900.58
1888, 1899.58
1889, 1902.63
1890, 1902.6
1891, 1906.65
1892, 1905.65
1893, 1903.63
1894, 1905.65
1895, 1906.67
1896, 1908.67
1897, 1906.67
1898, 1911.72
1899, 1909.7
1900, 1910.72
1901, 1911.72
1902, 1913.75
1903, 1912.72
1904, 1915.77
1905, 1915.77
1906, 1914.77
1907, 1917.79
1908, 1919.82
1909, 1917.79
1910, 1921.84
1911, 1920.84
1912, 1921.84
1913, 1923.86
1914, 1926.89
1915, 1925.89
1916, 1927.91
1917, 1927.91
1918, 1928.91
1919, 1929.94
1920, 1930.96
1921, 1931.96
1922, 1930.96
1923, 1930.96
1924, 1934.98
1925, 1936.01
1926, 1936.01
1927, 1940.05
1928, 1938.03
1929, 1939.05
1930, 1943.08
1931, 1942.08
1932, 1941.08
1933, 1944.1
1934, 1944.1
1935, 1946.13
1936, 1946.13
1937, 1947.15
1938, 1948.15
1939, 1950.17
1940, 1949.17
1941, 1952.2
1942, 1953.2
1943, 1954.22
1944, 1955.22
1945, 1956.25
1946, 1958.27
1947, 1958.27
1948, 1958.27
1949, 1961.29
1950, 1964.34
1951, 1963.32
1952, 1961.32
1953, 1965.34
1954, 1965.36
1955, 1968.39
1956, 1966.36
1957, 1967.39
1958, 1971.41
1959, 1971.41
1960, 1970.41
1961, 1973.44
1962, 1974.46
1963, 1974.46
1964, 1976.48
1965, 1976.48
1966, 1976.48
1967, 1978.51
1968, 1980.53
1969, 1981.56
1970, 1980.53
1971, 1982.56
1972, 1986.6
1973, 1983.58
1974, 1986.6
1975, 1985.6
1976, 1988.63
1977, 1991.65
1978, 1990.65
1979, 1991.67
1980, 1993.7
1981, 1992.7
1982, 1996.72
1983, 1996.72
1984, 1996.72
1985, 1995.72
1986, 2000.77
1987, 2000.77
1988, 2000.77
1989, 2002.79
1990, 2005.82
1991, 2005.82
1992, 2006.84
1993, 2004.82
1994, 2007.84
1995, 2008.86
1996, 2008.86
1997, 2008.86
1998, 2009.89
1999, 2010.89
2000, 2013.91
2001, 2011.91
2002, 2015.96
2003, 2015.96
2004, 2017.96
2005, 2018.98
2006, 2018.98
2007, 2022.01
2008, 2021.01
2009, 2023.01
2010, 2023.03
2011, 2024.03
2012, 2023.03
2013, 2025.06
2014, 2026.08
2015, 2026.08
2016, 2030.1
2017, 2028.1
2018, 2031.13
2019, 2032.13
2020, 2031.13
2021, 2034.17
2022, 2035.17
2023, 2034.17
2024, 2037.2
2025, 2037.2
2026, 2038.2
2027, 2039.22
2028, 2039.22
2029, 2042.25
2030, 2041.25
2031, 2042.25
2032, 2044.27
2033, 2045.29
2034, 2045.29
2035, 2044.29
2036, 2049.34
2037, 2047.32
2038, 2048.34
2039, 2050.37
2040, 2051.37
2041, 2052.37
2042, 2056.41
2043, 2055.41
2044, 2055.41
2045, 2056.41
2046, 2057.44
2047, 2060.46
2048, 2061.48
2049, 2061.48
2050, 2062.51
2051, 2061.48
2052, 2063.51
2053, 2063.51
2054, 2067.56
2055, 2064.53
2056, 2068.56
2057, 2070.58
2058, 2070.6
2059, 2071.6
2060, 2071.6
2061, 2073.63
2062, 2073.63
2063, 2076.68
2064, 2077.68
2065, 2079.7
2066, 2076.68
2067, 2079.7
2068, 2079.7
2069, 2079.7
2070, 2081.72
2071, 2083.75
2072, 2086.77
2073, 2087.79
2074, 2087.79
2075, 2087.79
2076, 2090.82
2077, 2089.82
2078, 2090.84
2079, 2090.84
2080, 2093.87
2081, 2095.89
2082, 2095.89
2083, 2097.91
2084, 2096.89
2085, 2099.94
2086, 2099.94
2087, 2102.96
2088, 2103.98
2089, 2104.98
2090, 2102.98
2091, 2108.01
2092, 2105.01
2093, 2110.06
2094, 2109.06
2095, 2110.06
2096, 2111.08
2097, 2111.06
2098, 2111.08
2099, 2115.1
2100, 2118.13
2101, 2116.13
2102, 2116.13
2103, 2117.15
2104, 2117.15
2105, 2118.15
2106, 2119.18
2107, 2124.22
2108, 2124.22
2109, 2124.22
2110, 2128.27
2111, 2126.25
2112, 2129.27
2113, 2128.27
2114, 2130.29
2115, 2131.29
2116, 2129.29
2117, 2130.29
2118, 2134.34
2119, 2134.34
2120, 2134.34
2121, 2136.37
2122, 2136.37
2123, 2138.39
2124, 2138.39
2125, 2139.41
2126, 2140.41
2127, 2142.44
2128, 2141.44
2129, 2143.44
2130, 2145.46
2131, 2146.49
2132, 2145.49
2133, 2149.51
2134, 2149.51
2135, 2150.53
2136, 2150.53
2137, 2151.53
2138, 2152.56
2139, 2152.56
2140, 2152.56
2141, 2155.58
2142, 2156.6
2143, 2157.6
2144, 2158.63
2145, 2159.65
2146, 2161.68
2147, 2160.65
2148, 2162.68
2149, 2162.68
2150, 2163.7
2151, 2164.7
2152, 2165.7
2153, 2166.72
2154, 2166.72
2155, 2166.72
2156, 2167.75
2157, 2171.77
2158, 2172.79
2159, 2170.77
2160, 2170.77
2161, 2173.82
2162, 2175.84
2163, 2174.82
2164, 2176.84
2165, 2176.84
2166, 2179.87
2167, 2179.89
2168, 2180.89
2169, 2181.91
2170, 2182.91
2171, 2182.91
2172, 2185.96
2173, 2185.94
2174, 2187.96
2175, 2189.99
2176, 2188.99
2177, 2191.01
2178, 2191.01
2179, 2190.01
2180, 2195.06
2181, 2194.06
2182, 2195.06
2183, 2196.06
2184, 2197.08
2185, 2196.08
2186, 2199.1
2187, 2201.13
2188, 2200.13
2189, 2203.15
2190, 2203.15
2191, 2206.18
2192, 2206.18
2193, 2207.2
2194, 2209.22
2195, 2207.2
2196, 2210.22
2197, 2209.22
2198, 2209.22
2199, 2211.25
2200, 2211.25
2201, 2213.27
2202, 2215.3
2203, 2215.3
2204, 2217.32
2205, 2221.37
2206, 2219.34
2207, 2220.34
2208, 2222.37
2209, 2223.39
2210, 2226.41
2211, 2224.41
2212, 2226.44
2213, 2227.44
2214, 2229.46
2215, 2228.44
2216, 2229.46
2217, 2233.51
2218, 2231.49
2219, 2233.51
2220, 2235.53
2221, 2236.53
2222, 2234.53
2223, 2236.53
2224, 2239.58
2225, 2241.6
2226, 2240.6
2227, 2240.6
2228, 2241.6
2229, 2243.63
2230, 2243.63
2231, 2247.68
2232, 2248.68
2233, 2249.7
2234, 2250.7
2235, 2248.7
2236, 2252.72
2237, 2253.75
2238, 2251.72
2239, 2254.77
2240, 2254.77
2241, 2257.8
2242, 2257.8
2243, 2260.82
2244, 2260.82
2245, 2262.84
2246, 2261.84
2247, 2259.82
2248, 2263.87
2249, 2264.87
2250, 2263.87
2251, 2265.89
2252, 2265.89
2253, 2268.91
2254, 2269.94
2255, 2269.94
2256, 2270.96
2257, 2269.94
2258, 2270.96
2259, 2270.96
2260, 2273.99
2261, 2277.01
2262, 2274.99
2263, 2278.03
2264, 2280.06
2265, 2278.03
2266, 2279.06
2267, 2282.08
2268, 2282.08
2269, 2283.08
2270, 2284.11
2271, 2285.11
2272, 2284.11
2273, 2286.11
2274, 2288.15
2275, 2287.13
2276, 2290.18
2277, 2292.2
2278, 2292.2
2279, 2292.2
2280, 2294.22
2281, 2294.22
2282, 2295.25
2283, 2296.25
2284, 2297.25
2285, 2297.25
2286, 2295.25
2287, 2298.27
2288, 2298.27
2289, 2302.32
2290, 2302.32
2291, 2303.32
2292, 2304.34
2293, 2304.34
2294, 2306.37
2295, 2306.37
2296, 2308.39
2297, 2309.39
2298, 2309.39
2299, 2310.41
2300, 2312.44
2301, 2312.44
2302, 2315.46
2303, 2316.49
2304, 2316.49
2305, 2317.49
2306, 2317.51
2307, 2318.51
2308, 2319.53
2309, 2320.53
2310, 2322.56
2311, 2321.56
2312, 2324.58
2313, 2324.58
2314, 2325.58
2315, 2325.61
2316, 2326.61
2317, 2331.65
2318, 2331.65
2319, 2331.68
2320, 2332.68
2321, 2332.68
2322, 2332.68
2323, 2336.72
2324, 2336.72
2325, 2335.72
2326, 2336.72
2327, 2339.75
2328, 2338.75
2329, 2343.8
2330, 2343.8
2331, 2344.82
2332, 2343.82
2333, 2345.82
2334, 2346.84
2335, 2347.84
2336, 2348.87
2337, 2349.87
2338, 2347.87
2339, 2350.89
2340, 2352.92
2341, 2352.92
2342, 2354.94
2343, 2356.96
2344, 2356.96
2345, 2359.99
2346, 2358.99
2347, 2359.99
2348, 2361.01
2349, 2363.03
2350, 2364.03
2351, 2364.06
2352, 2365.06
2353, 2365.06
2354, 2367.08
2355, 2369.11
2356, 2368.11
2357, 2372.13
2358, 2371.13
2359, 2372.15
2360, 2373.15
2361, 2375.18
2362, 2378.2
2363, 2376.2
2364, 2377.2
2365, 2380.23
2366, 2379.23
2367, 2380.25
2368, 2381.25
2369, 2383.27
2370, 2383.27
2371, 2386.3
2372, 2386.3
2373, 2386.32
2374, 2388.34
2375, 2390.34
2376, 2389.34
2377, 2388.34
2378, 2393.39
2379, 2393.39
2380, 2395.42
2381, 2394.42
2382, 2395.42
2383, 2395.42
2384, 2397.44
2385, 2396.44
2386, 2397.44
2387, 2399.46
2388, 2402.49
2389, 2403.51
2390, 2401.49
2391, 2402.51
2392, 2403.51
2393, 2405.53
2394, 2408.56
2395, 2406.53
2396, 2407.56
2397, 2410.58
2398, 2411.61
2399, 2411.61
2400, 2411.61
2401, 2410.61
2402, 2415.65
2403, 2415.65
2404, 2415.65
2405, 2416.68
2406, 2418.68
2407, 2418.7
2408, 2422.73
2409, 2422.73
2410, 2420.73
2411, 2421.73
2412, 2423.75
2413, 2425.77
2414, 2425.77
2415, 2428.8
2416, 2427.8
2417, 2428.8
2418, 2427.8
2419, 2431.84
2420, 2428.82
2421, 2430.84
2422, 2435.89
2423, 2433.87
2424, 2433.87
2425, 2435.89
2426, 2434.89
2427, 2437.92
2428, 2437.92
2429, 2437.92
2430, 2440.94
2431, 2440.94
2432, 2442.96
2433, 2444.99
2434, 2444.99
2435, 2443.99
2436, 2447.01
2437, 2447.04
2438, 2450.06
2439, 2450.06
2440, 2452.08
2441, 2451.06
2442, 2454.11
2443, 2454.11
2444, 2456.13
2445, 2456.13
2446, 2457.15
2447, 2459.15
2448, 2461.18
2449, 2460.18
2450, 2461.2
2451, 2464.23
2452, 2466.25
2453, 2464.23
2454, 2466.25
2455, 2469.27
2456, 2468.27
2457, 2467.27
2458, 2467.27
2459, 2469.3
2460, 2470.3
2461, 2472.32
2462, 2473.34
2463, 2476.37
2464, 2476.37
2465, 2476.37
2466, 2477.39
2467, 2479.39
2468, 2482.44
2469, 2480.42
2470, 2482.44
2471, 2483.46
2472, 2485.46
2473, 2487.49
2474, 2486.49
2475, 2485.49
2476, 2488.51
2477, 2493.56
2478, 2488.51
2479, 2493.56
2480, 2492.56
2481, 2491.56
2482, 2494.58
2483, 2496.61
2484, 2496.61
2485, 2500.65
2486, 2498.63
2487, 2498.63
2488, 2498.63
2489, 2502.68
2490, 2504.7
2491, 2502.68
2492, 2505.7
2493, 2505.73
2494, 2508.75
2495, 2507.75
2496, 2508.75
2497, 2510.77
2498, 2511.8
2499, 2512.8
2500, 2512.8
2501, 2516.85
2502, 2516.85
2503, 2516.85
2504, 2516.85
2505, 2517.85
2506, 2521.89
2507, 2520.89
2508, 2521.89
2509, 2522.92
2510, 2524.94
2511, 2524.94
2512, 2524.94
2513, 2527.96
2514, 2528.99
2515, 2526.96
2516, 2526.96
2517, 2531.01
2518, 2531.01
2519, 2534.04
2520, 2533.04
2521, 2531.01
2522, 2537.08
2523, 2538.08
2524, 2536.06
2525, 2539.11
2526, 2537.08
2527, 2538.11
2528, 2541.13
2529, 2544.15
2530, 2543.15
2531, 2544.15
2532, 2545.18
2533, 2545.18
2534, 2546.18
2535, 2547.2
2536, 2547.2
2537, 2550.23
2538, 2550.25
2539, 2552.25
2540, 2551.25
2541, 2550.25
2542, 2555.3
2543, 2555.3
2544, 2557.32
2545, 2557.32
2546, 2557.32
2547, 2557.32
2548, 2558.35
2549, 2559.35
2550, 2561.37
2551, 2561.37
2552, 2564.39
2553, 2560.37
2554, 2563.39
2555, 2565.42
2556, 2563.39
2557, 2568.44
2558, 2567.44
2559, 2568.46
2560, 2572.49
2561, 2571.49
2562, 2574.51
2563, 2573.51
2564, 2573.51
2565, 2576.56
2566, 2575.54
2567, 2580.58
2568, 2579.58
2569, 2579.58
2570, 2581.61
2571, 2583.63
2572, 2582.63
2573, 2586.66
2574, 2583.63
2575, 2585.66
2576, 2587.68
2577, 2587.68
2578, 2590.7
2579, 2588.7
2580, 2591.73
2581, 2591.73
2582, 2593.75
2583, 2594.75
2584, 2594.75
2585, 2593.77
2586, 2599.8
2587, 2597.8
2588, 2598.82
2589, 2599.82
2590, 2603.87
2591, 2601.85
2592, 2604.87
2593, 2605.89
2594, 2607.92
2595, 2608.92
2596, 2605.92
2597, 2608.94
2598, 2610.96
2599, 2613.99
2600, 2613.99
2601, 2612.99
2602, 2613.99
2603, 2615.01
2604, 2617.04
2605, 2620.06
2606, 2623.08
2607, 2620.06
2608, 2621.08
2609, 2623.08
2610, 2623.08
2611, 2626.13
2612, 2623.11
2613, 2628.16
2614, 2626.13
2615, 2628.16
2616, 2631.18
2617, 2629.18
2618, 2632.2
2619, 2633.2
2620, 2631.2
2621, 2634.23
2622, 2636.25
2623, 2638.27
2624, 2639.3
2625, 2640.3
2626, 2640.3
2627, 2641.3
2628, 2639.3
2629, 2645.35
2630, 2644.35
2631, 2645.37
2632, 2645.37
2633, 2646.37
2634, 2648.39
2635, 2648.39
2636, 2649.42
2637, 2650.42
2638, 2651.44
2639, 2652.44
2640, 2654.47
2641, 2654.47
2642, 2655.47
2643, 2655.49
2644, 2655.49
2645, 2656.49
2646, 2657.51
2647, 2658.51
2648, 2660.54
2649, 2663.56
2650, 2661.56
2651, 2664.58
2652, 2664.58
2653, 2664.58
2654, 2664.58
2655, 2668.63
2656, 2667.63
2657, 2669.66
2658, 2669.66
2659, 2670.66
2660, 2672.68
2661, 2674.7
2662, 2675.73
2663, 2674.7
2664, 2674.7
2665, 2676.73
2666, 2678.75
2667, 2680.77
2668, 2680.77
2669, 2682.8
2670, 2680.77
2671, 2684.82
2672, 2683.8
2673, 2682.8
2674, 2684.82
2675, 2686.85
2676, 2687.85
2677, 2688.87
2678, 2690.89
2679, 2690.89
2680, 2690.89
2681, 2691.92
2682, 2692.92
2683, 2694.94
2684, 2692.92
2685, 2695.97
2686, 2698.99
2687, 2698.99
2688, 2697.99
2689, 2702.04
2690, 2700.01
2691, 2705.06
2692, 2705.06
2693, 2704.06
2694, 2706.08
2695, 2710.11
2696, 2709.11
2697, 2711.13
2698, 2710.13
2699, 2709.11
2700, 2713.16
2701, 2714.16
2702, 2713.16
2703, 2712.16
2704, 2718.2
2705, 2717.2
2706, 2716.2
2707, 2720.23
2708, 2719.23
2709, 2722.25
2710, 2723.28
2711, 2723.28
2712, 2723.28
2713, 2725.3
2714, 2728.32
2715, 2729.35
2716, 2729.35
2717, 2728.35
2718, 2730.37
2719, 2733.39
2720, 2733.39
2721, 2735.42
2722, 2735.42
2723, 2736.42
2724, 2739.47
2725, 2737.44
2726, 2739.47
2727, 2741.49
2728, 2741.49
2729, 2740.49
2730, 2743.51
2731, 2746.54
2732, 2748.56
2733, 2748.56
2734, 2747.56
2735, 2751.61
2736, 2752.61
2737, 2750.61
2738, 2754.63
2739, 2753.63
2740, 2752.63
2741, 2756.66
2742, 2757.68
2743, 2757.68
2744, 2756.68
2745, 2759.7
2746, 2759.7
2747, 2762.73
2748, 2762.73
2749, 2763.75
2750, 2765.75
2751, 2766.78
2752, 2766.78
2753, 2768.82
2754, 2767.82
2755, 2769.82
2756, 2771.85
2757, 2771.85
2758, 2773.87
2759, 2773.87
2760, 2776.89
2761, 2776.89
2762, 2777.92
2763, 2778.92
2764, 2776.92
2765, 2778.94
2766, 2779.94
2767, 2779.94
2768, 2782.99
2769, 2784.99
2770, 2786.01
2771, 2786.01
2772, 2786.01
2773, 2787.04
2774, 2790.06
2775, 2788.04
2776, 2789.04
2777, 2793.09
2778, 2792.09
2779, 2792.09
2780, 2795.11
2781, 2793.11
2782, 2797.13
2783, 2797.13
2784, 2798.16
2785, 2799.16
2786, 2800.18
2787, 2803.2
2788, 2802.2
2789, 2803.2
2790, 2804.23
2791, 2802.2
2792, 2803.23
2793, 2808.28
2794, 2808.28
2795, 2808.28
2796, 2807.28
2797, 2809.3
2798, 2808.3
2799, 2811.32
2800, 2812.32
2801, 2814.35
2802, 2815.35
2803, 2816.37
2804, 2817.37
2805, 2819.4
2806, 2820.42
2807, 2821.42
2808, 2822.44
2809, 2822.44
2810, 2822.44
2811, 2824.47
2812, 2822.44
2813, 2826.49
2814, 2826.49
2815, 2826.51
2816, 2828.51
2817, 2827.51
2818, 2830.54
2819, 2829.54
2820, 2832.56
2821, 2832.56
2822, 2832.56
2823, 2836.61
2824, 2835.61
2825, 2838.63
2826, 2837.63
2827, 2841.66
2828, 2840.66
2829, 2843.68
2830, 2844.68
2831, 2844.7
2832, 2845.73
2833, 2846.73
2834, 2847.73
2835, 2848.75
2836, 2847.75
2837, 2850.78
2838, 2848.75
2839, 2852.8
2840, 2853.8
2841, 2852.8
2842, 2856.82
2843, 2853.82
2844, 2857.85
2845, 2856.85
2846, 2858.87
2847, 2860.9
2848, 2860.9
2849, 2863.92
2850, 2865.94
2851, 2864.94
2852, 2864.94
2853, 2868.99
2854, 2868.99
2855, 2869.99
2856, 2872.01
2857, 2871.04
2858, 2873.04
2859, 2873.04
2860, 2875.06
2861, 2874.06
2862, 2877.09
2863, 2876.09
2864, 2878.11
2865, 2880.11
2866, 2881.13
2867, 2881.13
2868, 2882.16
2869, 2884.18
2870, 2887.18
2871, 2887.21
2872, 2886.21
2873, 2889.23
2874, 2888.21
2875, 2892.25
2876, 2891.25
2877, 2894.28
2878, 2892.28
2879, 2895.3
2880, 2896.3
2881, 2895.3
2882, 2897.32
2883, 2897.32
2884, 2900.35
2885, 2901.37
2886, 2899.35
2887, 2902.4
2888, 2903.4
2889, 2903.4
2890, 2905.42
2891, 2907.44
2892, 2904.42
2893, 2906.42
2894, 2908.44
2895, 2907.44
2896, 2909.47
2897, 2912.49
2898, 2910.47
2899, 2914.51
2900, 2911.49
2901, 2916.54
2902, 2915.54
2903, 2918.56
2904, 2917.56
2905, 2917.56
2906, 2919.59
2907, 2919.59
2908, 2922.61
2909, 2922.63
2910, 2924.63
2911, 2924.66
2912, 2923.63
2913, 2924.66
2914, 2924.66
2915, 2926.66
2916, 2930.71
2917, 2929.71
2918, 2930.71
2919, 2928.71
2920, 2931.73
2921, 2932.75
2922, 2934.75
2923, 2934.75
2924, 2935.78
2925, 2937.8
2926, 2939.82
2927, 2940.82
2928, 2940.82
2929, 2940.85
2930, 2941.85
2931, 2943.87
2932, 2945.9
2933, 2943.87
2934, 2942.87
2935, 2945.9
2936, 2945.9
2937, 2947.92
2938, 2950.94
2939, 2946.92
2940, 2949.94
2941, 2952.97
2942, 2951.97
2943, 2957.02
2944, 2953.99
2945, 2955.02
2946, 2956.02
2947, 2957.02
2948, 2958.04
2949, 2960.06
2950, 2961.06
2951, 2961.09
2952, 2963.11
2953, 2966.13
2954, 2965.11
2955, 2967.13
2956, 2966.13
2957, 2969.16
2958, 2969.16
2959, 2970.18
2960, 2970.18
2961, 2974.21
2962, 2973.21
2963, 2973.23
2964, 2974.23
2965, 2975.25
2966, 2976.25
2967, 2976.25
2968, 2981.3
2969, 2982.32
2970, 2983.32
2971, 2981.32
2972, 2982.32
2973, 2984.35
2974, 2986.37
2975, 2986.37
2976, 2989.4
2977, 2987.4
2978, 2992.42
2979, 2993.44
2980, 2993.44
2981, 2991.44
2982, 2990.44
2983, 2994.47
2984, 2995.49
2985, 2996.49
2986, 2998.52
2987, 2998.54
2988, 2999.54
2989, 3001.56
2990, 3002.56
2991, 3002.56
2992, 3006.61
2993, 3003.59
2994, 3008.63
2995, 3009.63
2996, 3007.63
2997, 3010.66
2998, 3010.66
2999, 3012.68
3000, 3012.68
3001, 3012.68
3002, 3011.68
3003, 3018.75
3004, 3016.73
3005, 3016.73
3006, 3018.75
3007, 3019.78
3008, 3020.78
3009, 3022.8
3010, 3022.8
3011, 3024.83
3012, 3025.85
3013, 3025.85
3014, 3026.85
3015, 3029.87
3016, 3029.9
3017, 3029.9
3018, 3032.92
3019, 3030.9
3020, 3035.94
3021, 3034.97
3022, 3033.94
3023, 3037.97
3024, 3037.97
3025, 3037.97
3026, 3038.99
3027, 3042.02
3028, 3041.02
3029, 3043.04
3030, 3044.06
3031, 3045.06
3032, 3044.06
3033, 3046.09
3034, 3050.11
3035, 3050.11
3036, 3049.11
3037, 3048.09
3038, 3053.16
3039, 3053.16
3040, 3052.16
3041, 3055.18
3042, 3057.21
3043, 3055.18
3044, 3058.21
3045, 3060.23
3046, 3059.23
3047, 3058.23
3048, 3061.25
3049, 3059.23
3050, 3063.28
3051, 3062.25
3052, 3066.3
3053, 3064.3
3054, 3066.3
3055, 3067.33
3056, 3068.33
3057, 3069.35
3058, 3071.37
3059, 3070.37
3060, 3071.4
3061, 3071.37
3062, 3072.4
3063, 3076.42
3064, 3075.42
3065, 3077.44
3066, 3077.44
3067, 3078.47
3068, 3081.47
3069, 3079.47
3070, 3082.49
3071, 3083.52
3072, 3081.49
3073, 3084.52
3074, 3087.56
3075, 3087.59
3076, 3088.56
3077, 3087.56
3078, 3087.56
3079, 3088.59
3080, 3092.61
3081, 3092.64
3082, 3093.64
3083, 3094.64
3084, 3095.66
3085, 3096.66
3086, 3099.71
3087, 3098.71
3088, 3101.73
3089, 3101.73
3090, 3103.75
3091, 3103.75
3092, 3102.75
3093, 3105.78
3094, 3105.78
3095, 3107.8
3096, 3110.83
3097, 3111.85
3098, 3111.85
3099, 3111.85
3100, 3113.87
3101, 3116.9
3102, 3114.9
3103, 3115.9
3104, 3115.9
3105, 3118.92
3106, 3119.95
3107, 3122.97
3108, 3120.97
3109, 3121.97
3110, 3123.99
3111, 3124.02
3112, 3128.04
3113, 3127.04
3114, 3129.04
3115, 3131.06
3116, 3132.09
3117, 3132.09
3118, 3132.09
3119, 3133.09
3120, 3135.11
3121, 3136.14
3122, 3137.14
3123, 3138.16
3124, 3136.14
3125, 3139.18
3126, 3142.21
3127, 3143.21
3128, 3142.21
3129, 3145.23
3130, 3145.23
3131, 3146.25
3132, 3145.25
3133, 3148.28
3134, 3149.3
3135, 3153.33
3136, 3153.33
3137, 3153.33
3138, 3151.33
3139, 3155.35
3140, 3156.37
3141, 3158.4
3142, 3158.4
3143, 3159.4
3144, 3157.4
3145, 3162.45
3146, 3160.42
3147, 3163.45
3148, 3164.47
3149, 3162.45
3150, 3164.47
3151, 3167.49
3152, 3166.49
3153, 3169.54
3154, 3168.52
3155, 3170.54
3156, 3170.54
3157, 3172.56
3158, 3174.59
3159, 3173.56
3160, 3173.59
3161, 3177.61
3162, 3177.61
3163, 3178.64
3164, 3176.61
3165, 3178.64
3166, 3178.64
3167, 3181.68
3168, 3181.68
3169, 3181.68
3170, 3185.71
3171, 3185.71
3172, 3186.73
3173, 3186.73
3174, 3188.76
3175, 3187.76
3176, 3191.78
3177, 3192.8
3178, 3192.8
3179, 3191.8
3180, 3194.83
3181, 3196.83
3182, 3194.83
3183, 3196.85
3184, 3198.87
3185, 3198.87
3186, 3197.87
3187, 3199.9
3188, 3203.92
3189, 3202.92
3190, 3202.92
3191, 3204.95
3192, 3204.95
3193, 3206.97
3194, 3209.99
3195, 3206.97
3196, 3208.99
3197, 3211.02
3198, 3213.04
3199, 3215.06
3200, 3213.04
3201, 3213.04
3202, 3215.06
3203, 3217.09
3204, 3218.09
3205, 3217.09
3206, 3221.14
3207, 3221.14
3208, 3222.16
3209, 3223.16
3210, 3226.18
3211, 3225.18
3212, 3225.18
3213, 3227.21
3214, 3227.21
3215, 3229.23
3216, 3231.26
3217, 3231.26
3218, 3231.26
3219, 3233.28
3220, 3236.3
3221, 3237.33
3222, 3237.33
3223, 3238.33
3224, 3239.35
3225, 3238.35
3226, 3241.37
3227, 3242.4
3228, 3242.4
3229, 3246.42
3230, 3246.42
3231, 3247.45
3232, 3246.45
3233, 3247.45
3234, 3249.47
3235, 3249.47
3236, 3252.49
3237, 3254.52
3238, 3253.52
3239, 3255.54
3240, 3255.54
3241, 3257.57
3242, 3256.54
3243, 3256.57
3244, 3260.59
3245, 3263.64
3246, 3260.61
3247, 3262.64
3248, 3263.64
3249, 3262.64
3250, 3266.66
3251, 3264.66
3252, 3266.68
3253, 3268.68
3254, 3268.71
3255, 3271.73
3256, 3273.76
3257, 3273.76
3258, 3273.76
3259, 3276.78
3260, 3277.8
3261, 3279.83
3262, 3279.83
3263, 3279.83
3264, 3280.85
3265, 3282.85
3266, 3283.87
3267, 3283.87
3268, 3283.87
3269, 3284.9
3270, 3286.92
3271, 3287.92
3272, 3286.92
3273, 3289.95
3274, 3290.97
3275, 3291.97
3276, 3293.99
3277, 3293.99
3278, 3294.99
3279, 3293.99
3280, 3295.02
3281, 3296.02
3282, 3298.04
3283, 3300.07
3284, 3301.07
3285, 3301.07
3286, 3302.09
3287, 3301.09
3288, 3302.09
3289, 3306.14
3290, 3305.14
3291, 3306.14
3292, 3307.16
3293, 3307.16
3294, 3308.16
3295, 3311.18
3296, 3312.21
3297, 3311.21
3298, 3312.21
3299, 3313.23
3300, 3314.23
3301, 3316.26
3302, 3316.26
3303, 3318.28
3304, 3319.28
3305, 3321.3
3306, 3321.33
3307, 3321.3
3308, 3322.33
3309, 3324.35
3310, 3324.35
3311, 3326.38
3312, 3327.38
3313, 3327.38
3314, 3328.4
3315, 3329.4
3316, 3329.42
3317, 3333.45
3318, 3333.45
3319, 3333.45
3320, 3332.45
3321, 3334.47
3322, 3336.49
3323, 3336.49
3324, 3338.52
3325, 3336.49
3326, 3342.57
3327, 3338.52
3328, 3341.54
3329, 3340.54
3330, 3343.57
3331, 3344.59
3332, 3346.61
3333, 3346.61
3334, 3346.61
3335, 3349.64
3336, 3348.64
3337, 3350.66
3338, 3351.68
3339, 3354.71
3340, 3352.68
3341, 3355.71
3342, 3359.76
3343, 3356.73
3344, 3358.73
3345, 3357.78
3346, 3360.78
3347, 3360.78
3348, 3362.8
3349, 3364.8
3350, 3365.83
3351, 3365.83
3352, 3366.83
3353, 3369.88
3354, 3367.88
3355, 3368.88
3356, 3373.92
3357, 3371.92
3358, 3373.92
3359, 3375.95
3360, 3374.95
3361, 3374.95
3362, 3376.97
3363, 3377.99
3364, 3377.99
3365, 3381.02
3366, 3381.02
3367, 3383.04
3368, 3384.04
3369, 3386.07
3370, 3387.09
3371, 3386.09
3372, 3386.09
3373, 3387.09
3374, 3391.14
3375, 3391.14
3376, 3392.14
3377, 3394.19
3378, 3395.19
3379, 3397.21
3380, 3395.19
3381, 3397.21
3382, 3399.23
3383, 3400.23
3384, 3400.26
3385, 3402.26
3386, 3401.26
3387, 3403.28
3388, 3405.3
3389, 3407.33
3390, 3406.33
3391, 3407.33
3392, 3409.35
3393, 3409.35
3394, 3408.35
3395, 3412.38
3396, 3410.38
3397, 3413.4
3398, 3413.4
3399, 3415.4
3400, 3415.42
3401, 3418.45
3402, 3418.45
3403, 3417.45
3404, 3420.47
3405, 3421.5
3406, 3422.5
3407, 3424.52
3408, 3423.52
3409, 3424.54
3410, 3424.54
3411, 3425.54
3412, 3426.54
3413, 3429.59
3414, 3428.59
3415, 3430.61
3416, 3429.59
3417, 3431.61
3418, 3432.64
3419, 3433.64
3420, 3435.66
3421, 3433.64
3422, 3437.69
3423, 3436.66
3424, 3438.69
3425, 3439.71
3426, 3439.71
3427, 3441.73
3428, 3440.71
3429, 3442.73
3430, 3442.76
3431, 3442.73
3432, 3447.8
3433, 3447.8
3434, 3449.83
3435, 3450.83
3436, 3448.83
3437, 3451.85
3438, 3449.83
3439, 3452.85
3440, 3453.88
3441, 3453.9
3442, 3455.9
3443, 3457.92
3444, 3457.92
3445, 3456.92
3446, 3459.95
3447, 3461.97
3448, 3459.95
3449, 3460.97
3450, 3464
3451, 3463
3452, 3464
3453, 3466.02
3454, 3466.02
3455, 3468.04
3456, 3466.02
3457, 3471.07
3458, 3471.07
3459, 3474.11
3460, 3472.09
3461, 3475.11
3462, 3476.14
3463, 3476.14
3464, 3477.16
3465, 3480.19
3466, 3480.19
3467, 3480.19
3468, 3481.21
3469, 3482.21
3470, 3482.21
3471, 3486.26
3472, 3487.26
3473, 3485.26
3474, 3488.28
3475, 3487.28
3476, 3490.31
3477, 3489.31
3478, 3493.35
3479, 3492.33
3480, 3493.35
3481, 3492.33
3482, 3497.38
3483, 3495.38
3484, 3497.38
3485, 3497.4
3486, 3497.4
3487, 3500.42
3488, 3504.45
3489, 3502.45
3490, 3504.47
3491, 3506.5
3492, 3507.5
3493, 3507.52
3494, 3506.5
3495, 3511.54
3496, 3509.54
3497, 3512.57
3498, 3512.57
3499, 3514.59
3500, 3515.59
3501, 3516.61
3502, 3516.61
3503, 3515.61
3504, 3520.66
3505, 3520.66
3506, 3521.66
3507, 3522.69
3508, 3522.69
3509, 3525.71
3510, 3525.71
3511, 3528.76
3512, 3528.76
3513, 3528.76
3514, 3528.76
3515, 3530.78
3516, 3530.78
3517, 3532.81
3518, 3533.81
3519, 3536.85
3520, 3535.85
3521, 3535.85
3522, 3538.88
3523, 3536.85
3524, 3540.9
3525, 3539.9
3526, 3541.92
3527, 3542.92
3528, 3544.95
3529, 3544.95
3530, 3543.95
3531, 3549
3532, 3549
3533, 3550
3534, 3550
3535, 3549
3536, 3554.04
3537, 3552.04
3538, 3554.04
3539, 3554.07
3540, 3555.07
3541, 3557.09
3542, 3560.12
3543, 3559.12
3544, 3561.14
3545, 3561.14
3546, 3562.16
3547, 3563.16
3548, 3564.19
3549, 3564.19
3550, 3567.21
3551, 3566.21
3552, 3566.21
3553, 3569.23
3554, 3569.23
3555, 3569.23
3556, 3571.26
3557, 3570.26
3558, 3574.28
3559, 3575.31
3560, 3578.33
3561, 3577.33
3562, 3579.35
3563, 3577.33
3564, 3579.35
3565, 3582.38
3566, 3582.38
3567, 3583.4
3568, 3584.4
3569, 3585.42
3570, 3586.42
3571, 3584.4
3572, 3586.42
3573, 3585.42
3574, 3590.47
3575, 3591.5
3576, 3589.47
3577, 3592.5
3578, 3592.52
3579, 3594.52
3580, 3595.54
3581, 3595.54
3582, 3598.57
3583, 3597.57
3584, 3599.59
3585, 3601.62
3586, 3601.62
3587, 3599.59
3588, 3601.62
3589, 3602.64
3590, 3605.66
3591, 3604.66
3592, 3604.66
3593, 3605.66
3594, 3608.69
3595, 3611.73
3596, 3610.71
3597, 3613.73
3598, 3615.78
3599, 3614.76
3600, 3615.78
3601, 3616.78
3602, 3618.81
3603, 3618.81
3604, 3620.85
3605, 3621.85
3606, 3623.88
3607, 3623.88
3608, 3621.85
3609, 3623.88
3610, 3625.9
3611, 3627.93
3612, 3628.93
3613, 3629.95
3614, 3630.95
3615, 3631.97
3616, 3631.97
3617, 3630.97
3618, 3634
3619, 3634
3620, 3637.02
3621, 3637.02
3622, 3638.04
3623, 3643.09
3624, 3642.09
3625, 3642.09
3626, 3642.09
3627, 3644.12
3628, 3644.12
3629, 3646.14
3630, 3646.14
3631, 3647.16
3632, 3650.19
3633, 3649.16
3634, 3653.21
3635, 3650.21
3636, 3654.23
3637, 3654.23
3638, 3657.26
3639, 3656.26
3640, 3658.28
3641, 3659.31
3642, 3658.28
3643, 3660.31
3644, 3663.33
3645, 3662.31
3646, 3663.33
3647, 3666.38
3648, 3662.33
3649, 3666.38
3650, 3665.38
3651, 3670.43
3652, 3667.4
3653, 3670.43
3654, 3671.43
3655, 3672.45
3656, 3672.45
3657, 3675.47
3658, 3673.47
3659, 3675.5
3660, 3678.52
3661, 3675.5
3662, 3679.52
3663, 3682.57
3664, 3681.54
3665, 3680.54
3666, 3682.57
3667, 3684.59
3668, 3683.59
3669, 3684.59
3670, 3686.62
3671, 3690.66
3672, 3689.64
3673, 3689.64
3674, 3693.69
3675, 3692.69
3676, 3690.66
3677, 3693.69
3678, 3694.71
3679, 3695.74
3680, 3694.71
3681, 3698.74
3682, 3698.76
3683, 3695.74
3684, 3700.78
3685, 3700.78
3686, 3703.83
3687, 3703.81
3688, 3702.81
3689, 3704.83
3690, 3705.85
3691, 3706.85
3692, 3709.88
3693, 3708.88
3694, 3707.88
3695, 3710.9
3696, 3710.9
3697, 3710.9
3698, 3714.95
3699, 3712.93
3700, 3715.95
3701, 3720
3702, 3715.97
3703, 3717.97
3704, 3719
3705, 3721.02
3706, 3721.02
3707, 3724.05
3708, 3723.05
3709, 3725.07
3710, 3725.07
3711, 3726.07
3712, 3725.07
3713, 3728.09
3714, 3730.14
3715, 3729.12
3716, 3731.14
3717, 3731.14
3718, 3733.16
3719, 3733.16
3720, 3736.21
3721, 3737.21
3722, 3737.21
3723, 3738.24
3724, 3739.24
3725, 3741.26
3726, 3742.28
3727, 3740.26
3728, 3744.28
3729, 3745.31
3730, 3744.31
3731, 3747.33
3732, 3746.33
3733, 3749.35
3734, 3749.35
3735, 3752.38
3736, 3751.38
3737, 3753.4
3738, 3754.4
3739, 3757.45
3740, 3757.45
3741, 3755.43
3742, 3758.45
3743, 3758.47
3744, 3758.47
3745, 3762.5
3746, 3761.5
3747, 3763.52
3748, 3763.52
3749, 3767.57
3750, 3768.59
3751, 3767.57
3752, 3769.59
3753, 3771.62
3754, 3769.62
3755, 3770.62
3756, 3773.64
3757, 3776.66
3758, 3775.66
3759, 3774.66
3760, 3775.66
3761, 3778.71
3762, 3779.71
3763, 3779.71
3764, 3782.74
3765, 3782.74
3766, 3782.76
3767, 3784.76
3768, 3785.78
3769, 3787.81
3770, 3786.81
3771, 3786.81
3772, 3789.83
3773, 3790.86
3774, 3793.88
3775, 3793.88
3776, 3792.88
3777, 3794.9
3778, 3795.9
3779, 3797.93
3780, 3798.93
3781, 3797.93
3782, 3797.93
3783, 3800.95
3784, 3801.97
3785, 3801.97
3786, 3804
3787, 3804
3788, 3804
3789, 3807.02
3790, 3808.05
3791, 3810.07
3792, 3807.05
3793, 3811.07
3794, 3810.07
3795, 3810.07
3796, 3815.12
3797, 3814.12
3798, 3814.12
3799, 3817.16
3800, 3815.14
3801, 3817.16
3802, 3819.16
3803, 3820.19
3804, 3820.19
3805, 3819.19
3806, 3820.19
3807, 3824.24
3808, 3824.24
3809, 3825.26
3810, 3825.26
3811, 3826.26
3812, 3828.28
3813, 3828.28
3814, 3829.28
3815, 3833.33
3816, 3830.31
3817, 3832.33
3818, 3832.33
3819, 3834.36
3820, 3838.4
3821, 3836.38
3822, 3837.4
3823, 3839.4
3824, 3838.4
3825, 3838.43
3826, 3838.4
3827, 3841.45
3828, 3842.45
3829, 3845.47
3830, 3842.45
3831, 3846.5
3832, 3846.5
3833, 3845.5
3834, 3848.52
3835, 3847.52
3836, 3851.55
3837, 3848.55
3838, 3849.55
3839, 3852.57
3840, 3854.59
3841, 3856.62
3842, 3853.59
3843, 3857.62
3844, 3856.62
3845, 3857.64
3846, 3860.67
3847, 3861.67
3848, 3861.69
3849, 3861.69
3850, 3863.69
3851, 3864.71
3852, 3866.74
3853, 3866.74
3854, 3868.76
3855, 3868.76
3856, 3870.78
3857, 3871.78
3858, 3873.81
3859, 3874.83
3860, 3874.83
3861, 3874.83
3862, 3877.86
3863, 3877.86
3864, 3876.86
3865, 3880.9
3866, 3883.93
3867, 3882.93
3868, 3882.93
3869, 3883.93
3870, 3884.95
3871, 3886.97
3872, 3886.97
3873, 3886.97
3874, 3889
3875, 3890.02
3876, 3892.02
3877, 3894.05
3878, 3894.05
3879, 3895.07
3880, 3894.07
3881, 3899.12
3882, 3897.09
3883, 3900.12
3884, 3899.12
3885, 3899.12
3886, 3903.17
3887, 3903.14
3888, 3904.17
3889, 3905.19
3890, 3907.21
3891, 3905.21
3892, 3907.21
3893, 3907.21
3894, 3909.24
3895, 3908.24
3896, 3913.28
3897, 3912.26
3898, 3913.28
3899, 3915.31
3900, 3916.33
3901, 3916.31
3902, 3918.33
3903, 3919.36
3904, 3921.38
3905, 3921.38
3906, 3919.36
3907, 3924.4
3908, 3923.4
3909, 3923.4
3910, 3925.43
3911, 3926.43
3912, 3926.45
3913, 3928.48
3914, 3930.48
3915, 3928.48
3916, 3931.5
3917, 3931.5
3918, 3933.52
3919, 3936.55
3920, 3935.55
3921, 3935.55
3922, 3936.55
3923, 3937.57
3924, 3937.57
3925, 3939.59
3926, 3940.59
3927, 3941.62
3928, 3942.62
3929, 3943.64
3930, 3943.64
3931, 3945.67
3932, 3946.69
3933, 3947.69
3934, 3950.71
3935, 3947.71
3936, 3949.71
3937, 3950.71
3938, 3952.74
3939, 3953.76
3940, 3953.76
3941, 3956.78
3942, 3955.78
3943, 3955.78
3944, 3958.81
3945, 3959.83
3946, 3959.83
3947, 3962.86
3948, 3961.86
3949, 3964.88
3950, 3960.86
3951, 3962.88
3952, 3966.9
3953, 3967.93
3954, 3967.93
3955, 3968.93
3956, 3970.95
3957, 3969.95
3958, 3971.98
3959, 3971.98
3960, 3971.98
3961, 3970.98
3962, 3977.02
3963, 3977.02
3964, 3979.05
3965, 3979.05
3966, 3979.05
3967, 3979.07
3968, 3980.07
3969, 3980.07
3970, 3984.12
3971, 3984.12
3972, 3982.09
3973, 3984.12
3974, 3988.17
3975, 3986.14
3976, 3990.19
3977, 3990.19
3978, 3990.19
3979, 3992.21
3980, 3994.24
3981, 3995.24
3982, 3994.24
3983, 3993.24
3984, 3995.26
3985, 4000.29
3986, 3999.29
3987, 4002.33
3988, 4002.33
3989, 4002.33
3990, 4004.36
3991, 4004.36
3992, 4004.36
3993, 4006.38
3994, 4008.4
3995, 4008.4
3996, 4009.43
3997, 4009.43
3998, 4012.45
3999, 4013.45
4000, 4015.5
4001, 4014.48
4002, 4013.48
4003, 4014.5
4004, 4018.52
4005, 4019.52
4006, 4018.52
4007, 4020.55
4008, 4020.55
4009, 4022.57
4010, 4024.59
4011, 4023.59
4012, 4024.59
4013, 4026.62
4014, 4028.64
4015, 4031.67
4016, 4029.64
4017, 4030.67
4018, 4031.69
4019, 4033.69
4020, 4034.71
4021, 4034.71
4022, 4036.74
4023, 4037.74
4024, 4038.76
4025, 4040.79
4026, 4038.76
4027, 4041.79
4028, 4042.81
4029, 4042.81
4030, 4043.83
4031, 4045.83
4032, 4044.83
4033, 4043.83
4034, 4047.86
4035, 4049.88
4036, 4049.88
4037, 4050.9
4038, 4050.9
4039, 4051.9
4040, 4053.93
4041, 4052.95
4042, 4055.95
4043, 4054.95
4044, 4054.95
4045, 4056.98
4046, 4055.98
4047, 4057.98
4048, 4057.98
4049, 4059
4050, 4060
4051, 4055.98
4052, 4057.98
4053, 4059
4054, 4059
4055, 4059
4056, 4059
4057, 4056.98
4058, 4059
4059, 4059
4060, 4059
4061, 4060
4062, 4059
4063, 4058
4064, 4059
4065, 4060
4066, 4060
4067, 4060
4068, 4058
4069, 4059
4070, 4058
4071, 4059
4072, 4059
4073, 4059
4074, 4059
4075, 4061
4076, 4060
4077, 4061
4078, 4059
4079, 4058
4080, 4059
4081, 4058
4082, 4058
4083, 4059
4084, 4058
4085, 4059
4086, 4059
4087, 4059
4088, 4059
4089, 4059
4090, 4060
4091, 4059
4092, 4059
4093, 4059
4094, 4059
4095, 4059
