0, -58.0181
1, -56.0011
2, -58.0181
3, -56.0011
4, -56.0011
5, -53.9841
6, -49.95
7, -53.9841
8, -62.0521
9, -58.0181
10, -49.95
11, -58.0181
12, -59.0181
13, -58.0181
14, -65.9841
15, -56.0011
16, -58.0181
17, -71.1031
18, -43.899
19, -56.0011
20, -56.0011
21, -58.0181
22, -58.0181
23, -72.0521
24, -56.0011
25, -62.0181
26, -58.0181
27, -67.0181
28, -61.0351
29, -62.0521
30, -58.0181
31, -60.0351
32, -58.0181
33, -56.0011
34, -56.0011
35, -56.0011
36, -58.0181
37, -58.0181
38, -60.0351
39, -50.95
40, -58.0011
41, -58.0181
42, -58.0011
43, -56.0011
44, -66.0181
45, -56.0011
46, -56.0011
47, -60.0351
48, -59.9841
49, -56.0011
50, -56.0011
51, -58.0181
52, -53.9841
53, -58.0181
54, -66.0861
55, -64.0691
56, -41.882
57, -68.1031
58, -53.9841
59, -58.0181
60, -49.95
61, -41.882
62, -62.0521
63, -56.0011
64, -56.0011
65, -64.0351
66, -53.9841
67, -53.9841
68, -58.0181
69, -58.0181
70, -60.0351
71, -60.0351
72, -58.0181
73, -60.0351
74, -60.0351
75, -64.0691
76, -45.916
77, -60.0351
78, -53.9841
79, -63.0351
80, -58.0181
81, -62.0011
82, -58.0181
83, -58.0181
84, -60.0351
85, -75.1371
86, -51.9671
87, -58.0181
88, -60.0351
89, -57.0011
90, -53.9841
91, -56.0011
92, -56.0011
93, -60.0351
94, -64.0691
95, -60.0351
96, -56.0011
97, -53.9841
98, -61.0351
99, -60.0351
100, -58.0181
101, -62.0521
102, -60.0351
103, -59.0181
104, -43.899
105, -56.0011
106, -60.0351
107, -66.0861
108, -58.0181
109, -56.0011
110, -74.1541
111, -58.0181
112, -65.0011
113, -68.1031
114, -60.0351
115, -45.916
116, -58.0181
117, -49.95
118, -70.1201
119, -58.0181
120, -58.0181
121, -58.0181
122, -58.0181
123, -60.0351
124, -60.0351
125, -58.0181
126, -58.0181
127, -58.0181
128, -53.9841
129, -53.9841
130, -56.0011
131, -68.0181
132, -56.0011
133, -58.0181
134, -58.0181
135, -56.0011
136, -71.0691
137, -58.0181
138, -58.0181
139, -58.0181
140, -43.899
141, -56.0011
142, -62.0351
143, -60.0351
144, -58.0181
145, -53.9671
146, -58.0181
147, -58.0181
148, -59.95
149, -58.0011
150, -56.0011
151, -56.0011
152, -51.9671
153, -56.0011
154, -53.9841
155, -53.9841
156, -58.0181
157, -45.916
158, -60.9841
159, -58.0181
160, -53.9841
161, -60.0351
162, -56.0011
163, -56.0011
164, -47.933
165, -58.0181
166, -53.9671
167, -71.0351
168, -51.9671
169, -53.9841
170, -58.0181
171, -68.1031
172, -58.0181
173, -60.0351
174, -54.9841
175, -59.0011
176, -43.899
177, -54.9841
178, -62.0521
179, -60.0351
180, -54.9841
181, -60.0351
182, -63.0351
183, -60.0351
184, -56.0011
185, -74.1541
186, -60.0351
187, -60.0351
188, -51.9671
189, -72.1371
190, -56.0011
191, -56.0011
192, -56.0011
193, -59.0181
194, -62.0521
195, -56.0011
196, -58.0181
197, -74.1541
198, -60.0351
199, -57.9841
200, -51.9671
201, -58.0181
202, -53.9841
203, -51.9671
204, -58.0181
205, -72.0351
206, -58.0011
207, -47.933
208, -53.9841
209, -52.9671
210, -56.0011
211, -62.0181
212, -58.0181
213, -58.0181
214, -68.0521
215, -58.0181
216, -60.0351
217, -58.0181
218, -58.0181
219, -61.0181
220, -60.0351
221, -53.9841
222, -58.0181
223, -60.0351
224, -58.0181
225, -58.0181
226, -71.0351
227, -59.0181
228, -58.0181
229, -58.0181
230, -53.9671
231, -58.0181
232, -56.0011
233, -60.0351
234, -62.9841
235, -56.0011
236, -58.0181
237, -53.9841
238, -70.1201
239, -67.0861
240, -58.0181
241, -58.0181
242, -58.0181
243, -53.9841
244, -64.0351
245, -62.0521
246, -58.0181
247, -62.0521
248, -58.0181
249, -60.0351
250, -51.9671
251, -53.9841
252, -58.0181
253, -41.882
254, -56.0011
255, -56.0011
256, -41.882
257, -62.0521
258, -58.0181
259, -70.1201
260, -58.0181
261, -43.899
262, -60.0351
263, -54.95
264, -44.899
265, -47.933
266, -56.0011
267, -58.0181
268, -62.0521
269, -75.1541
270, -69.0521
271, -51.9671
272, -60.0351
273, -62.0351
274, -60.0351
275, -60.9841
276, -56.0011
277, -60.0351
278, -60.0351
279, -76.1711
280, -62.0351
281, -51.9671
282, -62.0521
283, -58.0181
284, -53.9841
285, -60.0351
286, -53.9841
287, -75.1541
288, -60.0351
289, -70.0521
290, -56.0011
291, -56.0011
292, -53.9841
293, -60.0351
294, -68.1031
295, -56.0011
296, -58.0181
297, -60.0351
298, -58.0181
299, -60.0351
300, -60.0351
301, -58.0181
302, -58.0181
303, -41.882
304, -60.0351
305, -62.0351
306, -45.916
307, -58.0181
308, -56.0011
309, -78.1881
310, -49.95
311, -64.0521
312, -58.0181
313, -60.0351
314, -64.0691
315, -68.1031
316, -66.0861
317, -69.0181
318, -58.0181
319, -58.0181
320, -53.9841
321, -53.9841
322, -53.9841
323, -58.0181
324, -56.0011
325, -56.0011
326, -66.0861
327, -51.9671
328, -58.0181
329, -60.0351
330, -46.916
331, -53.9841
332, -58.0181
333, -58.0181
334, -51.9671
335, -59.0011
336, -62.0521
337, -58.0181
338, -56.0011
339, -41.882
340, -56.0011
341, -69.0351
342, -68.1031
343, -57.0011
344, -58.0181
345, -64.0011
346, -49.95
347, -62.0521
348, -56.0011
349, -53.9841
350, -58.0181
351, -58.0181
352, -72.1371
353, -53.9841
354, -60.0351
355, -56.0011
356, -56.0011
357, -62.0521
358, -56.0011
359, -56.0011
360, -72.1371
361, -62.0521
362, -53.9841
363, -68.1031
364, -55.916
365, -63.0351
366, -49.95
367, -58.0181
368, -72.1371
369, -53.9841
370, -60.0351
371, -58.0181
372, -51.9671
373, -58.0181
374, -60.0351
375, -58.0181
376, -58.0181
377, -58.0181
378, -58.0181
379, -60.0181
380, -56.0011
381, -72.1371
382, -60.0351
383, -51.9671
384, -51.9671
385, -68.1031
386, -60.0351
387, -58.0181
388, -60.0351
389, -64.0521
390, -58.0181
391, -56.0011
392, -53.9841
393, -58.0181
394, -60.9671
395, -56.0011
396, -56.0011
397, -60.0181
398, -47.933
399, -60.0351
400, -56.0011
401, -49.95
402, -45.916
403, -62.0521
404, -56.0011
405, -64.0691
406, -58.0181
407, -62.0521
408, -62.0181
409, -60.0351
410, -56.0011
411, -76.1711
412, -58.0181
413, -56.0011
414, -58.0181
415, -58.0181
416, -56.0011
417, -53.9841
418, -60.0351
419, -54.9841
420, -56.0011
421, -58.0181
422, -58.0181
423, -60.0351
424, -60.0351
425, -66.0861
426, -56.0011
427, -58.9841
428, -56.0011
429, -60.0351
430, -58.0181
431, -56.0011
432, -60.0011
433, -56.0011
434, -58.0181
435, -53.9841
436, -58.0181
437, -56.0011
438, -69.1031
439, -56.0011
440, -65.0351
441, -58.0181
442, -60.0351
443, -56.0011
444, -46.916
445, -52.9671
446, -53.9841
447, -56.0011
448, -56.0011
449, -56.0011
450, -64.0691
451, -58.0181
452, -58.0181
453, -56.0011
454, -56.0011
455, -56.0011
456, -63.0181
457, -72.1371
458, -56.0011
459, -49.899
460, -60.0351
461, -56.0011
462, -78.0861
463, -56.0011
464, -58.0181
465, -58.0181
466, -58.0181
467, -60.0351
468, -56.0011
469, -81.1371
470, -53.9841
471, -58.0181
472, -56.0011
473, -58.0181
474, -65.0181
475, -62.0521
476, -58.0181
477, -56.0011
478, -68.1031
479, -56.0011
480, -60.0351
481, -45.916
482, -52.9671
483, -53.9841
484, -39.865
485, -53.9841
486, -58.0181
487, -62.0521
488, -62.0521
489, -68.1031
490, -58.0181
491, -64.0691
492, -56.0011
493, -59.0181
494, -64.0691
495, -56.0011
496, -63.0181
497, -53.9841
498, -60.0351
499, -80.1201
500, -62.0521
501, -53.9841
502, -58.0181
503, -56.0011
504, -59.0011
505, -56.0011
506, -66.0521
507, -60.0351
508, -60.0351
509, -56.0011
510, -53.9841
511, -51.9671
512, -51.9671
513, -56.0011
514, -56.0011
515, -47.933
516, -56.0011
517, -60.0351
518, -58.0181
519, -58.0181
520, -58.0181
521, -62.0521
522, -59.0181
523, -60.0351
524, -62.0521
525, -61.0351
526, -56.0011
527, -56.0011
528, -58.0181
529, -70.1201
530, -47.933
531, -56.0011
532, -60.0351
533, -58.0181
534, -60.0351
535, -60.0351
536, -57.0011
537, -74.1541
538, -43.899
539, -53.9841
540, -66.0861
541, -60.0351
542, -56.0011
543, -68.1031
544, -62.0521
545, -48.933
546, -54.9841
547, -58.0181
548, -58.0181
549, -58.9841
550, -56.0011
551, -58.0181
552, -56.0011
553, -55.95
554, -56.0011
555, -56.0011
556, -58.0181
557, -68.1031
558, -58.0181
559, -62.0351
560, -74.1541
561, -43.899
562, -56.0011
563, -56.0011
564, -70.0521
565, -62.0521
566, -58.0181
567, -68.1031
568, -56.0011
569, -56.0011
570, -51.9671
571, -43.899
572, -56.0011
573, -41.882
574, -58.0181
575, -51.9671
576, -56.0011
577, -49.95
578, -62.0521
579, -53.9841
580, -43.899
581, -53.9841
582, -64.0691
583, -56.0011
584, -71.0521
585, -56.0011
586, -64.0691
587, -58.0181
588, -58.0181
589, -52.9671
590, -58.0181
591, -66.0861
592, -58.0181
593, -56.0011
594, -39.865
595, -58.0181
596, -66.0521
597, -58.0181
598, -51.9671
599, -56.0011
600, -58.0181
601, -62.0521
602, -58.0181
603, -56.0011
604, -53.9841
605, -58.0181
606, -58.0181
607, -56.0011
608, -58.0181
609, -58.0181
610, -47.933
611, -62.0521
612, -58.0181
613, -58.0181
614, -60.0351
615, -57.9841
616, -58.0181
617, -58.0181
618, -51.9671
619, -67.0521
620, -58.0181
621, -56.0011
622, -68.0351
623, -58.0181
624, -59.0181
625, -41.882
626, -60.0351
627, -58.0181
628, -47.882
629, -51.9671
630, -58.0181
631, -47.933
632, -53.9841
633, -59.0181
634, -53.9841
635, -62.0521
636, -58.9841
637, -60.0351
638, -62.0521
639, -56.0011
640, -64.0691
641, -58.0181
642, -56.0011
643, -53.9841
644, -60.0181
645, -60.0351
646, -72.1371
647, -56.0011
648, -56.0011
649, -53.9841
650, -56.0011
651, -60.0351
652, -56.0011
653, -62.0351
654, -51.933
655, -62.0521
656, -56.0011
657, -64.0691
658, -54.9671
659, -58.0011
660, -56.0011
661, -56.0011
662, -60.0181
663, -60.0351
664, -64.0691
665, -47.933
666, -74.1541
667, -62.9841
668, -43.899
669, -72.1371
670, -56.0011
671, -60.0011
672, -60.0351
673, -58.0181
674, -68.1031
675, -56.0011
676, -56.0011
677, -53.9841
678, -58.0181
679, -62.0521
680, -53.9841
681, -57.0011
682, -43.899
683, -56.0011
684, -56.0011
685, -52.9671
686, -60.0351
687, -60.0181
688, -72.0861
689, -53.9841
690, -56.0011
691, -58.0181
692, -58.0181
693, -66.0521
694, -53.9841
695, -56.0011
696, -60.0351
697, -58.0181
698, -62.0521
699, -56.0011
700, -58.0181
701, -60.0011
702, -53.9841
703, -56.0011
704, -53.9841
705, -58.0181
706, -64.0691
707, -58.0181
708, -58.0181
709, -58.0181
710, -60.0351
711, -56.0011
712, -56.0011
713, -56.0011
714, -58.0181
715, -58.0181
716, -60.0351
717, -58.0181
718, -56.0011
719, -64.0691
720, -62.0521
721, -56.0011
722, -63.0351
723, -57.95
724, -58.0181
725, -56.0011
726, -53.9841
727, -74.1371
728, -56.0011
729, -51.9671
730, -43.899
731, -64.0691
732, -72.1371
733, -60.0351
734, -53.9841
735, -59.0181
736, -72.1371
737, -52.9671
738, -60.0351
739, -69.0181
740, -68.0181
741, -65.0351
742, -56.0011
743, -60.0351
744, -60.0351
745, -58.0181
746, -56.0011
747, -37.848
748, -58.0181
749, -56.0011
750, -53.9841
751, -58.0181
752, -51.9671
753, -66.0861
754, -55.9841
755, -64.0181
756, -55.9841
757, -60.0351
758, -70.0351
759, -58.0181
760, -60.0351
761, -66.0861
762, -57.0011
763, -60.0181
764, -56.0011
765, -70.1201
766, -53.9841
767, -74.1541
768, -58.0181
769, -56.0011
770, -56.0011
771, -56.0011
772, -58.0181
773, -56.0011
774, -56.0011
775, -60.0351
776, -66.0861
777, -58.0181
778, -56.0011
779, -59.0181
780, -58.0181
781, -56.0011
782, -53.9841
783, -58.0181
784, -58.0181
785, -58.933
786, -58.0181
787, -56.0011
788, -49.95
789, -56.0011
790, -51.9671
791, -51.9671
792, -63.9671
793, -58.0181
794, -58.0181
795, -60.0351
796, -56.0011
797, -58.0181
798, -62.0011
799, -56.0011
800, -58.0181
801, -58.0181
802, -53.9841
803, -58.0181
804, -58.0181
805, -64.0691
806, -60.0011
807, -58.0181
808, -62.0521
809, -53.9841
810, -53.9841
811, -60.0351
812, -53.9841
813, -58.0181
814, -53.9841
815, -57.0011
816, -43.899
817, -58.0181
818, -53.9841
819, -61.9671
820, -45.916
821, -56.0011
822, -49.95
823, -47.933
824, -56.0011
825, -58.0181
826, -54.9841
827, -56.0011
828, -58.0181
829, -58.0181
830, -47.933
831, -58.0181
832, -79.1201
833, -58.0181
834, -57.0011
835, -45.916
836, -62.0521
837, -46.916
838, -56.0011
839, -58.0181
840, -56.0011
841, -60.0351
842, -58.0181
843, -58.0181
844, -56.0011
845, -56.0011
846, -51.9671
847, -51.9671
848, -58.0181
849, -58.0181
850, -58.0181
851, -53.9841
852, -51.9671
853, -53.9841
854, -57.9671
855, -56.0011
856, -51.9671
857, -56.0011
858, -60.0351
859, -57.0011
860, -45.916
861, -58.0181
862, -58.0181
863, -56.0011
864, -53.9841
865, -56.0011
866, -51.9671
867, -66.0861
868, -51.9671
869, -53.9841
870, -58.0181
871, -53.9841
872, -59.0181
873, -58.0181
874, -56.0011
875, -53.9841
876, -53.9841
877, -65.0521
878, -58.0181
879, -56.0011
880, -62.0521
881, -56.0011
882, -53.9841
883, -53.9841
884, -71.1201
885, -58.0181
886, -60.0351
887, -58.0181
888, -58.0181
889, -53.9841
890, -64.0521
891, -60.0351
892, -66.0861
893, -58.0181
894, -62.0521
895, -58.0181
896, -56.0011
897, -52.95
898, -58.0181
899, -60.0351
900, -56.0011
901, -51.9671
902, -60.0351
903, -53.9841
904, -52.882
905, -56.0011
906, -58.0181
907, -47.933
908, -74.1541
909, -60.0351
910, -62.0521
911, -45.916
912, -58.0181
913, -56.0011
914, -58.0181
915, -65.0181
916, -70.0521
917, -53.9841
918, -62.0521
919, -56.0011
920, -68.1031
921, -56.0011
922, -56.0011
923, -58.0181
924, -58.0181
925, -58.0181
926, -47.933
927, -56.0011
928, -53.9841
929, -56.0011
930, -60.0351
931, -58.0181
932, -56.0011
933, -58.0181
934, -60.0351
935, -51.9671
936, -60.0351
937, -62.0521
938, -53.9671
939, -60.0351
940, -58.0181
941, -49.95
942, -66.0861
943, -58.0181
944, -56.0011
945, -45.916
946, -66.0861
947, -56.0011
948, -56.0011
949, -56.0011
950, -67.0181
951, -72.1371
952, -58.0181
953, -56.0011
954, -56.0011
955, -56.0011
956, -44.899
957, -62.0521
958, -64.0691
959, -56.0011
960, -76.1711
961, -62.0521
962, -70.0861
963, -58.0181
964, -62.0351
965, -56.0011
966, -53.9841
967, -56.0011
968, -54.9841
969, -57.0011
970, -58.0181
971, -59.9841
972, -58.0181
973, -60.0351
974, -62.0521
975, -66.0011
976, -65.0181
977, -49.95
978, -56.0011
979, -58.0181
980, -58.0181
981, -56.0011
982, -53.9841
983, -58.0011
984, -56.0011
985, -56.0011
986, -60.0351
987, -66.0521
988, -56.0011
989, -56.0011
990, -61.0351
991, -56.0011
992, -60.0351
993, -58.0181
994, -64.0011
995, -56.0011
996, -62.0181
997, -53.9841
998, -53.9841
999, -62.0521
1000, -45.916
1001, -60.0181
1002, -58.0181
1003, -61.0011
1004, -62.0521
1005, -62.0521
1006, -53.9841
1007, -58.0181
1008, -58.0181
1009, -58.0181
1010, -60.0351
1011, -64.0691
1012, -51.9671
1013, -58.0181
1014, -64.0691
1015, -60.0351
1016, -51.9671
1017, -53.9671
1018, -58.0181
1019, -64.0691
1020, -56.0011
1021, -64.0691
1022, -58.0181
1023, -66.0861
1024, -58.0181
1025, -61.0181
1026, -53.9841
1027, -60.0351
1028, -60.0351
1029, -58.0181
1030, -56.0011
1031, -58.0181
1032, -60.0351
1033, -57.0011
1034, -49.95
1035, -58.0181
1036, -60.0351
1037, -56.0011
1038, -53.9841
1039, -53.9841
1040, -58.0181
1041, -58.0181
1042, -51.9671
1043, -58.0181
1044, -58.0181
1045, -58.0181
1046, -53.9841
1047, -53.9841
1048, -56.0011
1049, -58.95
1050, -56.0011
1051, -57.0011
1052, -58.0181
1053, -56.0011
1054, -57.0011
1055, -64.0691
1056, -58.0181
1057, -56.0011
1058, -56.0011
1059, -51.9671
1060, -60.0351
1061, -56.0011
1062, -64.0691
1063, -56.0011
1064, -53.9841
1065, -56.0011
1066, -60.0351
1067, -56.0011
1068, -58.0181
1069, -53.9841
1070, -60.0351
1071, -62.0521
1072, -62.0521
1073, -41.882
1074, -58.95
1075, -67.0011
1076, -53.9841
1077, -58.0181
1078, -53.9841
1079, -63.0181
1080, -53.9841
1081, -60.0351
1082, -60.0351
1083, -62.0521
1084, -56.0011
1085, -51.9671
1086, -62.0521
1087, -58.0181
1088, -56.0011
1089, -53.9841
1090, -56.0011
1091, -56.0011
1092, -60.0181
1093, -56.0011
1094, -64.0181
1095, -67.0181
1096, -72.0861
1097, -60.0351
1098, -56.0011
1099, -53.9841
1100, -62.0011
1101, -64.0691
1102, -58.0181
1103, -58.0181
1104, -59.0181
1105, -60.0351
1106, -58.0181
1107, -66.0861
1108, -62.0521
1109, -58.0181
1110, -53.9841
1111, -61.0011
1112, -70.0181
1113, -56.0011
1114, -62.0521
1115, -49.95
1116, -56.0011
1117, -56.0011
1118, -62.0521
1119, -53.9841
1120, -56.0011
1121, -58.0181
1122, -47.933
1123, -49.95
1124, -56.0011
1125, -58.0181
1126, -62.0521
1127, -60.0181
1128, -54.9841
1129, -60.0351
1130, -56.0011
1131, -56.0011
1132, -59.0181
1133, -60.0351
1134, -61.0181
1135, -58.0181
1136, -56.0011
1137, -56.0011
1138, -56.0011
1139, -59.0181
1140, -53.9841
1141, -58.0181
1142, -69.0351
1143, -62.0351
1144, -60.0351
1145, -60.0351
1146, -59.0181
1147, -60.0351
1148, -60.0351
1149, -58.0181
1150, -56.0011
1151, -56.0011
1152, -54.9841
1153, -72.1371
1154, -56.0011
1155, -58.0181
1156, -64.0011
1157, -56.0011
1158, -56.0011
1159, -56.0011
1160, -63.0011
1161, -65.0521
1162, -58.0181
1163, -51.9671
1164, -51.9671
1165, -56.0011
1166, -62.0011
1167, -59.0011
1168, -51.9671
1169, -56.0011
1170, -60.0351
1171, -56.0011
1172, -56.0011
1173, -72.1371
1174, -53.9841
1175, -63.0181
1176, -56.0011
1177, -58.0181
1178, -60.0351
1179, -57.0011
1180, -56.0011
1181, -45.916
1182, -60.0351
1183, -56.0011
1184, -65.0011
1185, -56.0011
1186, -56.0011
1187, -72.1371
1188, -61.0351
1189, -51.95
1190, -62.0521
1191, -58.0181
1192, -53.9841
1193, -56.0011
1194, -56.0011
1195, -64.0691
1196, -60.0351
1197, -51.9671
1198, -53.9841
1199, -58.0181
1200, -58.0181
1201, -70.1201
1202, -58.0181
1203, -47.933
1204, -70.1201
1205, -53.9841
1206, -51.9671
1207, -56.0011
1208, -58.0181
1209, -58.0181
1210, -53.9841
1211, -58.0181
1212, -68.1031
1213, -51.9671
1214, -58.0181
1215, -56.0011
1216, -56.0011
1217, -56.0011
1218, -56.0011
1219, -58.0181
1220, -56.0011
1221, -56.0011
1222, -59.0181
1223, -60.0351
1224, -53.9841
1225, -55.9671
1226, -53.9841
1227, -53.9841
1228, -58.0181
1229, -53.9841
1230, -61.0351
1231, -53.9841
1232, -58.0181
1233, -60.0351
1234, -52.9671
1235, -53.9841
1236, -53.9841
1237, -58.0181
1238, -58.0181
1239, -58.0181
1240, -53.9841
1241, -60.0011
1242, -64.0691
1243, -72.1371
1244, -56.0011
1245, -60.0351
1246, -58.0181
1247, -53.9841
1248, -60.0351
1249, -65.0011
1250, -58.0181
1251, -56.0011
1252, -53.9841
1253, -53.9841
1254, -58.0181
1255, -53.9841
1256, -66.0861
1257, -66.0181
1258, -56.0011
1259, -58.0181
1260, -53.9841
1261, -56.0011
1262, -63.0181
1263, -60.0351
1264, -49.95
1265, -41.882
1266, -53.9841
1267, -61.9841
1268, -59.0181
1269, -56.0011
1270, -51.9671
1271, -56.0011
1272, -53.9841
1273, -58.0181
1274, -58.0181
1275, -56.0011
1276, -56.0011
1277, -72.1371
1278, -58.0181
1279, -60.0351
1280, -56.0011
1281, -58.0181
1282, -56.0011
1283, -60.0351
1284, -58.0181
1285, -62.0521
1286, -56.0011
1287, -56.0011
1288, -53.9841
1289, -64.0181
1290, -60.0351
1291, -51.9671
1292, -53.9841
1293, -64.0691
1294, -56.0011
1295, -65.0521
1296, -53.9841
1297, -57.0011
1298, -56.0011
1299, -53.9841
1300, -58.0181
1301, -49.95
1302, -62.0521
1303, -49.95
1304, -56.0011
1305, -51.9671
1306, -56.0011
1307, -53.9841
1308, -55.9841
1309, -55.933
1310, -63.9841
1311, -62.0521
1312, -53.9841
1313, -45.916
1314, -58.0181
1315, -56.0011
1316, -53.9841
1317, -58.0181
1318, -60.0351
1319, -50.916
1320, -51.9671
1321, -53.9841
1322, -67.0351
1323, -51.9671
1324, -53.9841
1325, -65.0011
1326, -53.9841
1327, -53.9841
1328, -38.848
1329, -53.9841
1330, -58.0181
1331, -60.0351
1332, -56.0011
1333, -56.0011
1334, -51.9671
1335, -58.0181
1336, -53.9841
1337, -73.0691
1338, -56.0011
1339, -58.0181
1340, -60.0351
1341, -64.0691
1342, -37.848
1343, -53.9841
1344, -52.9671
1345, -58.0181
1346, -56.0011
1347, -63.0011
1348, -65.0351
1349, -56.0011
1350, -56.0011
1351, -62.0521
1352, -43.899
1353, -58.0181
1354, -56.0011
1355, -56.0011
1356, -53.9841
1357, -53.9841
1358, -51.9671
1359, -64.0691
1360, -56.0011
1361, -53.9841
1362, -41.882
1363, -58.0181
1364, -53.9841
1365, -56.0011
1366, -66.0861
1367, -57.0011
1368, -45.899
1369, -53.9841
1370, -56.0011
1371, -53.933
1372, -49.95
1373, -49.95
1374, -51.95
1375, -68.1031
1376, -60.0351
1377, -70.1201
1378, -58.0011
1379, -65.0521
1380, -56.0011
1381, -53.9841
1382, -56.0011
1383, -56.0011
1384, -56.0011
1385, -58.0181
1386, -58.0181
1387, -53.9841
1388, -56.0011
1389, -47.933
1390, -53.9841
1391, -56.0011
1392, -64.0691
1393, -53.9841
1394, -58.0181
1395, -56.9671
1396, -47.933
1397, -60.0351
1398, -72.1371
1399, -53.9841
1400, -51.9671
1401, -41.882
1402, -62.0521
1403, -37.848
1404, -58.0181
1405, -56.0011
1406, -58.0181
1407, -64.0691
1408, -58.0011
1409, -56.0011
1410, -56.0011
1411, -43.899
1412, -58.0181
1413, -58.0181
1414, -58.0181
1415, -66.0861
1416, -57.0011
1417, -58.0181
1418, -43.899
1419, -56.0011
1420, -58.95
1421, -56.0011
1422, -56.0011
1423, -33.814
1424, -56.0011
1425, -59.0181
1426, -56.0011
1427, -53.9841
1428, -45.916
1429, -58.0181
1430, -63.0011
1431, -56.0011
1432, -53.9841
1433, -56.0011
1434, -56.0011
1435, -56.0011
1436, -56.0011
1437, -53.9841
1438, -49.95
1439, -56.0011
1440, -70.1201
1441, -64.0521
1442, -53.9841
1443, -56.0011
1444, -68.0011
1445, -56.9671
1446, -57.0011
1447, -60.0351
1448, -56.0011
1449, -58.0181
1450, -58.0181
1451, -58.0181
1452, -58.0181
1453, -53.9841
1454, -47.933
1455, -51.9671
1456, -66.0181
1457, -53.9841
1458, -37.848
1459, -47.916
1460, -60.0351
1461, -61.0351
1462, -56.0011
1463, -45.916
1464, -53.9841
1465, -56.0011
1466, -65.0181
1467, -58.0181
1468, -58.0181
1469, -53.9841
1470, -58.0181
1471, -64.0691
1472, -56.0011
1473, -56.0011
1474, -53.9841
1475, -66.0861
1476, -56.0011
1477, -58.0181
1478, -61.0011
1479, -61.0011
1480, -53.9841
1481, -53.9841
1482, -56.0011
1483, -60.0351
1484, -51.9671
1485, -66.0521
1486, -58.0181
1487, -58.0181
1488, -35.831
1489, -53.9841
1490, -64.0691
1491, -51.9671
1492, -53.9841
1493, -60.0351
1494, -62.0521
1495, -56.0011
1496, -58.0181
1497, -58.0181
1498, -58.0181
1499, -53.9841
1500, -60.0351
1501, -58.0181
1502, -51.9671
1503, -56.0011
1504, -45.916
1505, -53.9841
1506, -58.0181
1507, -56.0011
1508, -60.0351
1509, -53.9841
1510, -53.9841
1511, -53.9841
1512, -56.0011
1513, -64.0691
1514, -43.899
1515, -53.9841
1516, -56.0011
1517, -70.1201
1518, -56.0011
1519, -56.0011
1520, -58.0181
1521, -58.0181
1522, -58.0181
1523, -58.0181
1524, -56.0011
1525, -60.0351
1526, -64.0691
1527, -51.9671
1528, -53.9841
1529, -60.0351
1530, -56.0011
1531, -64.0691
1532, -53.9841
1533, -58.0181
1534, -53.9841
1535, -58.0181
1536, -51.9671
1537, -58.0181
1538, -56.0011
1539, -53.9841
1540, -62.0351
1541, -53.9841
1542, -49.95
1543, -53.9841
1544, -58.0011
1545, -52.9671
1546, -60.0351
1547, -56.0011
1548, -58.0181
1549, -66.0861
1550, -53.9841
1551, -53.9841
1552, -53.9841
1553, -54.9841
1554, -51.9671
1555, -58.0011
1556, -53.9841
1557, -51.9671
1558, -56.0011
1559, -51.9671
1560, -60.0351
1561, -59.95
1562, -66.0861
1563, -58.0181
1564, -58.0181
1565, -73.1031
1566, -65.0351
1567, -62.0521
1568, -53.9841
1569, -51.9671
1570, -56.0011
1571, -62.0521
1572, -71.0521
1573, -72.0351
1574, -58.0181
1575, -43.899
1576, -58.0181
1577, -62.0521
1578, -58.0181
1579, -60.0351
1580, -56.0011
1581, -56.0011
1582, -72.1371
1583, -58.0181
1584, -58.0011
1585, -45.916
1586, -56.0011
1587, -56.0011
1588, -56.9841
1589, -49.95
1590, -56.0011
1591, -60.9841
1592, -60.0351
1593, -58.0181
1594, -60.0011
1595, -58.0181
1596, -58.0181
1597, -51.9671
1598, -56.0011
1599, -62.0521
1600, -66.0861
1601, -53.9671
1602, -58.0181
1603, -56.0011
1604, -58.0181
1605, -56.0011
1606, -58.0181
1607, -49.95
1608, -58.0181
1609, -51.9671
1610, -58.0181
1611, -58.0181
1612, -60.0351
1613, -43.899
1614, -63.0351
1615, -69.0351
1616, -58.0181
1617, -63.0521
1618, -72.1371
1619, -56.0011
1620, -52.9671
1621, -58.0181
1622, -53.9841
1623, -51.9671
1624, -55.916
1625, -58.0181
1626, -60.0351
1627, -56.0011
1628, -56.0011
1629, -49.95
1630, -68.1031
1631, -65.0011
1632, -51.9671
1633, -63.0011
1634, -60.0351
1635, -51.9671
1636, -72.0691
1637, -56.0011
1638, -56.0011
1639, -58.0181
1640, -56.0011
1641, -58.0181
1642, -58.0181
1643, -43.899
1644, -60.0351
1645, -53.9841
1646, -59.0181
1647, -71.1031
1648, -58.0181
1649, -53.9841
1650, -47.933
1651, -67.0011
1652, -53.9841
1653, -47.933
1654, -55.9841
1655, -58.0011
1656, -53.9841
1657, -58.0181
1658, -56.0011
1659, -60.0351
1660, -56.0011
1661, -56.0011
1662, -45.916
1663, -43.899
1664, -53.9841
1665, -59.0181
1666, -56.0011
1667, -41.882
1668, -56.0011
1669, -67.0351
1670, -56.0011
1671, -51.9671
1672, -56.0011
1673, -56.0011
1674, -60.9841
1675, -58.0181
1676, -56.0011
1677, -58.0181
1678, -51.9671
1679, -56.0011
1680, -51.882
1681, -43.899
1682, -53.9841
1683, -56.0011
1684, -72.1371
1685, -56.0011
1686, -57.9841
1687, -43.899
1688, -45.916
1689, -64.0691
1690, -43.899
1691, -56.0011
1692, -64.0691
1693, -56.0011
1694, -57.0011
1695, -60.0351
1696, -53.9841
1697, -58.0181
1698, -56.0011
1699, -56.0011
1700, -56.0011
1701, -63.0181
1702, -56.0011
1703, -56.0011
1704, -62.0521
1705, -56.0011
1706, -62.0521
1707, -53.9841
1708, -58.0181
1709, -51.9671
1710, -53.9841
1711, -47.933
1712, -60.0351
1713, -60.0351
1714, -74.1031
1715, -53.9841
1716, -56.0011
1717, -56.0011
1718, -52.9671
1719, -53.9841
1720, -58.0181
1721, -53.9841
1722, -56.0011
1723, -58.0181
1724, -66.0861
1725, -74.0691
1726, -76.1711
1727, -64.0691
1728, -68.1031
1729, -56.0011
1730, -60.0351
1731, -58.0181
1732, -58.0181
1733, -58.0181
1734, -58.0181
1735, -62.0181
1736, -62.0011
1737, -56.0011
1738, -53.9841
1739, -60.0351
1740, -65.0011
1741, -58.0181
1742, -60.0351
1743, -63.0351
1744, -53.9841
1745, -62.0521
1746, -51.9671
1747, -58.9841
1748, -60.0351
1749, -58.0181
1750, -57.0011
1751, -62.0351
1752, -58.0181
1753, -58.0181
1754, -56.0011
1755, -58.0181
1756, -56.0011
1757, -43.882
1758, -56.0011
1759, -60.0351
1760, -67.0861
1761, -58.0181
1762, -58.0181
1763, -54.9841
1764, -56.0011
1765, -56.0011
1766, -51.9671
1767, -56.0011
1768, -58.0181
1769, -56.0011
1770, -56.0011
1771, -58.0181
1772, -53.9841
1773, -56.0011
1774, -60.0351
1775, -60.0181
1776, -43.899
1777, -59.0011
1778, -60.0351
1779, -60.0181
1780, -56.0011
1781, -56.0011
1782, -68.1031
1783, -47.933
1784, -59.0181
1785, -57.0011
1786, -53.9841
1787, -62.0521
1788, -61.0351
1789, -53.9841
1790, -56.0011
1791, -71.1201
1792, -58.0181
1793, -56.0011
1794, -58.0181
1795, -54.9841
1796, -62.0521
1797, -56.0011
1798, -76.1711
1799, -56.0011
1800, -56.0011
1801, -62.0521
1802, -53.9841
1803, -67.0861
1804, -53.9841
1805, -56.0011
1806, -53.9841
1807, -61.0181
1808, -67.0861
1809, -56.0011
1810, -57.0011
1811, -51.9671
1812, -56.0011
1813, -53.9841
1814, -63.0181
1815, -64.0691
1816, -58.0181
1817, -58.0181
1818, -56.0011
1819, -60.0351
1820, -56.0011
1821, -56.0011
1822, -51.9671
1823, -59.9841
1824, -56.0011
1825, -58.0181
1826, -47.933
1827, -56.0011
1828, -56.0011
1829, -70.1201
1830, -58.0181
1831, -57.0011
1832, -70.1201
1833, -58.0181
1834, -58.0181
1835, -53.9841
1836, -58.0181
1837, -65.0181
1838, -51.9671
1839, -56.0011
1840, -58.0181
1841, -60.0351
1842, -60.0351
1843, -51.9671
1844, -58.0181
1845, -56.0011
1846, -51.9671
1847, -62.0521
1848, -56.0011
1849, -56.0011
1850, -56.0011
1851, -53.9841
1852, -49.95
1853, -58.0181
1854, -64.0691
1855, -43.899
1856, -56.9841
1857, -69.0691
1858, -58.0181
1859, -56.0011
1860, -56.0011
1861, -51.9671
1862, -58.0181
1863, -47.933
1864, -56.0011
1865, -51.9671
1866, -60.0181
1867, -53.9841
1868, -51.9671
1869, -56.0011
1870, -53.9841
1871, -53.9841
1872, -71.0691
1873, -56.0011
1874, -58.0181
1875, -58.0181
1876, -69.0861
1877, -60.0351
1878, -56.0011
1879, -49.933
1880, -53.9841
1881, -60.0351
1882, -53.9841
1883, -68.1031
1884, -74.1201
1885, -60.0351
1886, -72.1371
1887, -58.0181
1888, -56.0011
1889, -58.0181
1890, -58.0181
1891, -56.0011
1892, -49.95
1893, -60.0351
1894, -49.95
1895, -37.848
1896, -62.0521
1897, -53.9841
1898, -56.0011
1899, -70.1201
1900, -56.0011
1901, -53.9841
1902, -56.0011
1903, -62.0521
1904, -56.0011
1905, -56.0011
1906, -55.9841
1907, -51.9671
1908, -53.9841
1909, -51.9671
1910, -51.9671
1911, -56.0011
1912, -56.0011
1913, -51.9671
1914, -60.0351
1915, -49.95
1916, -55.9841
1917, -58.0181
1918, -56.0011
1919, -58.0181
1920, -56.0011
1921, -58.0181
1922, -47.933
1923, -62.0521
1924, -51.9671
1925, -61.0011
1926, -58.0181
1927, -51.9671
1928, -53.9841
1929, -60.0351
1930, -56.9841
1931, -63.0351
1932, -62.0521
1933, -68.1031
1934, -58.0181
1935, -56.9841
1936, -60.0351
1937, -49.933
1938, -56.0011
1939, -58.0181
1940, -53.9841
1941, -56.0011
1942, -58.0181
1943, -47.933
1944, -58.0181
1945, -60.0351
1946, -62.9671
1947, -58.0181
1948, -53.9841
1949, -56.0011
1950, -53.9841
1951, -53.9841
1952, -51.9671
1953, -58.0011
1954, -60.0351
1955, -46.882
1956, -56.0011
1957, -60.0011
1958, -58.0181
1959, -58.0181
1960, -45.916
1961, -53.9841
1962, -56.0011
1963, -56.0011
1964, -66.0861
1965, -58.0181
1966, -53.9841
1967, -62.0011
1968, -60.0351
1969, -53.9841
1970, -54.9841
1971, -56.0011
1972, -53.9841
1973, -72.1371
1974, -56.0011
1975, -53.9671
1976, -64.0691
1977, -60.0351
1978, -70.0521
1979, -60.0351
1980, -56.0011
1981, -51.9671
1982, -58.0181
1983, -56.0011
1984, -53.9841
1985, -66.0861
1986, -58.0181
1987, -58.0181
1988, -53.9841
1989, -54.9841
1990, -53.9841
1991, -70.1201
1992, -58.0181
1993, -56.0011
1994, -49.95
1995, -57.0011
1996, -53.9841
1997, -56.0011
1998, -53.9841
1999, -56.0011
2000, -56.0011
2001, -56.0011
2002, -58.0181
2003, -57.0011
2004, -56.0011
2005, -51.9671
2006, -58.0011
2007, -58.0181
2008, -56.0011
2009, -51.9671
2010, -58.0181
2011, -60.0351
2012, -56.0011
2013, -69.1031
2014, -58.0181
2015, -53.9841
2016, -48.882
2017, -58.0011
2018, -66.0861
2019, -58.0181
2020, -65.0351
2021, -56.0011
2022, -53.9841
2023, -58.0181
2024, -58.0181
2025, -58.0181
2026, -65.0691
2027, -56.0011
2028, -58.0181
2029, -60.0351
2030, -55.95
2031, -50.916
2032, -58.0181
2033, -58.0181
2034, -68.0691
2035, -61.9841
2036, -58.0181
2037, -58.0181
2038, -56.0011
2039, -53.9841
2040, -53.9841
2041, -60.0181
2042, -58.0181
2043, -56.0011
2044, -58.0181
2045, -56.0011
2046, -53.9841
2047, -70.1201
2048, -50.95
2049, -59.9841
2050, -70.1201
2051, -58.0181
2052, -56.0011
2053, -58.0181
2054, -73.1201
2055, -58.0181
2056, -56.0011
2057, -56.0011
2058, -65.0521
2059, -68.0861
2060, -69.1031
2061, -45.916
2062, -56.0011
2063, -68.1031
2064, -52.9671
2065, -53.9841
2066, -58.0181
2067, -49.95
2068, -53.9841
2069, -49.95
2070, -51.9671
2071, -65.0011
2072, -53.9841
2073, -56.0011
2074, -54.9841
2075, -64.0181
2076, -58.0181
2077, -56.0011
2078, -58.0181
2079, -56.0011
2080, -53.9841
2081, -66.0861
2082, -56.0011
2083, -58.0181
2084, -51.9671
2085, -69.0351
2086, -58.0181
2087, -51.9671
2088, -53.9841
2089, -60.0351
2090, -56.0011
2091, -60.0351
2092, -53.9841
2093, -51.9671
2094, -37.848
2095, -58.0181
2096, -72.1371
2097, -64.0691
2098, -66.0861
2099, -66.0521
2100, -65.0521
2101, -51.9671
2102, -61.0351
2103, -56.0011
2104, -58.0181
2105, -66.0691
2106, -58.0181
2107, -58.0181
2108, -53.9841
2109, -62.0521
2110, -58.0181
2111, -58.0181
2112, -53.9841
2113, -66.0181
2114, -66.0861
2115, -58.0181
2116, -62.0351
2117, -58.0181
2118, -55.9841
2119, -37.848
2120, -53.9841
2121, -56.0011
2122, -58.0181
2123, -56.0011
2124, -51.9671
2125, -53.9841
2126, -49.95
2127, -56.0011
2128, -58.0181
2129, -49.95
2130, -41.882
2131, -74.1541
2132, -66.0861
2133, -37.848
2134, -54.9841
2135, -58.0011
2136, -58.0181
2137, -53.9841
2138, -53.9841
2139, -56.0011
2140, -56.0011
2141, -56.0011
2142, -56.0011
2143, -60.0351
2144, -60.0351
2145, -51.9671
2146, -58.0181
2147, -64.0691
2148, -56.0011
2149, -58.0181
2150, -56.0011
2151, -58.0181
2152, -56.0011
2153, -49.95
2154, -56.0011
2155, -58.0181
2156, -39.865
2157, -53.9841
2158, -53.9841
2159, -53.9841
2160, -60.0351
2161, -53.9841
2162, -53.9841
2163, -41.882
2164, -58.0181
2165, -53.9841
2166, -47.933
2167, -47.933
2168, -41.882
2169, -49.95
2170, -71.1201
2171, -67.0861
2172, -58.9671
2173, -56.0011
2174, -53.9841
2175, -56.0011
2176, -53.9841
2177, -51.9671
2178, -58.0181
2179, -56.0011
2180, -56.0011
2181, -58.0181
2182, -53.9841
2183, -53.9841
2184, -60.0351
2185, -51.9671
2186, -51.9671
2187, -43.899
2188, -53.9841
2189, -62.0011
2190, -66.0861
2191, -58.0181
2192, -53.9841
2193, -58.0181
2194, -53.9841
2195, -58.0181
2196, -53.9841
2197, -51.9671
2198, -56.0011
2199, -56.0011
2200, -56.0011
2201, -62.0521
2202, -58.0181
2203, -53.9841
2204, -56.0011
2205, -58.0011
2206, -66.0181
2207, -56.0011
2208, -56.0011
2209, -51.9671
2210, -53.9841
2211, -51.9671
2212, -51.9671
2213, -82.1541
2214, -69.0351
2215, -53.9841
2216, -53.9841
2217, -58.0181
2218, -53.9841
2219, -58.0181
2220, -53.9841
2221, -56.0011
2222, -56.0011
2223, -57.0011
2224, -51.9671
2225, -56.0011
2226, -60.0351
2227, -53.9841
2228, -58.0181
2229, -56.0011
2230, -53.9841
2231, -53.9841
2232, -58.0181
2233, -60.0351
2234, -56.0011
2235, -59.9671
2236, -56.0011
2237, -53.9841
2238, -56.0011
2239, -58.0181
2240, -53.9841
2241, -62.0351
2242, -53.9841
2243, -56.0011
2244, -49.95
2245, -56.0011
2246, -56.0011
2247, -56.0011
2248, -53.9841
2249, -51.9671
2250, -53.9841
2251, -69.0691
2252, -70.1201
2253, -58.0181
2254, -60.0351
2255, -54.9841
2256, -53.9841
2257, -53.9841
2258, -52.899
2259, -53.9841
2260, -60.0351
2261, -56.0011
2262, -54.9841
2263, -53.9841
2264, -39.865
2265, -60.0351
2266, -60.0351
2267, -54.9841
2268, -53.9841
2269, -56.0011
2270, -58.0181
2271, -58.0181
2272, -53.9841
2273, -56.0011
2274, -53.9841
2275, -43.899
2276, -61.0011
2277, -49.95
2278, -52.95
2279, -56.0011
2280, -62.9841
2281, -64.0011
2282, -56.0011
2283, -51.9671
2284, -56.0011
2285, -58.0181
2286, -56.0011
2287, -60.0351
2288, -53.9841
2289, -53.9841
2290, -64.0691
2291, -56.0011
2292, -57.0011
2293, -57.9841
2294, -62.0521
2295, -53.9841
2296, -61.9671
2297, -53.9841
2298, -53.9841
2299, -60.0351
2300, -56.0011
2301, -58.0181
2302, -58.0181
2303, -53.9841
2304, -45.899
2305, -43.899
2306, -56.0011
2307, -53.9841
2308, -62.0521
2309, -70.1201
2310, -53.9841
2311, -56.0011
2312, -56.0011
2313, -58.0181
2314, -56.0011
2315, -49.95
2316, -58.0181
2317, -60.0351
2318, -58.0181
2319, -56.0011
2320, -64.0691
2321, -53.9841
2322, -56.0011
2323, -53.9841
2324, -55.9671
2325, -64.0691
2326, -56.0011
2327, -51.9671
2328, -56.0011
2329, -53.9841
2330, -56.0011
2331, -56.0011
2332, -58.0181
2333, -56.0011
2334, -49.95
2335, -53.9841
2336, -58.0181
2337, -56.0011
2338, -58.0181
2339, -58.0181
2340, -56.0011
2341, -66.0521
2342, -51.9671
2343, -60.0351
2344, -56.0011
2345, -53.9841
2346, -56.0011
2347, -56.0011
2348, -56.0011
2349, -56.0011
2350, -60.0351
2351, -56.0011
2352, -61.9841
2353, -45.916
2354, -56.0011
2355, -58.0181
2356, -51.9671
2357, -53.9841
2358, -56.0011
2359, -56.0011
2360, -68.0351
2361, -51.9671
2362, -56.0011
2363, -43.899
2364, -60.0351
2365, -58.0181
2366, -56.0011
2367, -56.0011
2368, -58.0181
2369, -54.9841
2370, -62.0521
2371, -51.9671
2372, -54.916
2373, -59.0181
2374, -62.0521
2375, -51.9671
2376, -58.0181
2377, -49.95
2378, -53.9841
2379, -56.0011
2380, -56.0011
2381, -56.0011
2382, -49.95
2383, -60.0351
2384, -58.0181
2385, -49.95
2386, -53.9841
2387, -60.0011
2388, -41.882
2389, -56.0011
2390, -74.1541
2391, -62.0521
2392, -58.0181
2393, -56.0011
2394, -56.0011
2395, -49.95
2396, -53.9841
2397, -51.9671
2398, -53.9841
2399, -56.0011
2400, -65.0181
2401, -64.0691
2402, -56.0011
2403, -57.95
2404, -53.9841
2405, -53.9841
2406, -56.0011
2407, -56.0011
2408, -76.1711
2409, -60.0351
2410, -53.9841
2411, -60.0011
2412, -56.0011
2413, -56.0011
2414, -56.0011
2415, -59.0181
2416, -58.0181
2417, -56.0011
2418, -64.0691
2419, -64.0691
2420, -53.9841
2421, -53.9841
2422, -58.0181
2423, -53.9841
2424, -58.0181
2425, -58.0181
2426, -56.0011
2427, -50.95
2428, -62.0521
2429, -51.9671
2430, -56.0011
2431, -58.0181
2432, -53.9841
2433, -56.0011
2434, -56.0011
2435, -61.0351
2436, -53.9841
2437, -51.933
2438, -53.9841
2439, -60.0351
2440, -53.9841
2441, -53.9841
2442, -58.0181
2443, -56.0011
2444, -56.0011
2445, -53.9841
2446, -51.9671
2447, -56.0011
2448, -56.0011
2449, -59.9841
2450, -47.933
2451, -58.0181
2452, -56.0011
2453, -66.0861
2454, -56.0011
2455, -63.0011
2456, -51.9671
2457, -53.9841
2458, -78.1201
2459, -56.0011
2460, -51.9671
2461, -62.0521
2462, -56.0011
2463, -58.0181
2464, -60.0351
2465, -53.9841
2466, -56.0011
2467, -53.9841
2468, -58.0181
2469, -68.0351
2470, -60.0351
2471, -62.0181
2472, -58.0181
2473, -56.0011
2474, -56.0011
2475, -51.9671
2476, -60.0351
2477, -58.0181
2478, -56.0011
2479, -53.9841
2480, -51.9671
2481, -56.0011
2482, -58.0181
2483, -55.9841
2484, -58.0181
2485, -60.0351
2486, -60.0351
2487, -62.0521
2488, -69.0351
2489, -56.0011
2490, -51.9671
2491, -59.0181
2492, -56.0011
2493, -56.0011
2494, -49.95
2495, -51.9671
2496, -45.916
2497, -66.0861
2498, -62.0521
2499, -56.9841
2500, -53.9841
2501, -53.9841
2502, -60.0351
2503, -53.9841
2504, -58.0181
2505, -68.1031
2506, -58.0181
2507, -49.95
2508, -45.916
2509, -56.0011
2510, -56.0011
2511, -61.0351
2512, -56.0011
2513, -56.0011
2514, -53.9841
2515, -64.0691
2516, -56.0011
2517, -57.0011
2518, -51.9671
2519, -53.9841
2520, -53.9841
2521, -58.0181
2522, -53.9841
2523, -53.9841
2524, -56.0011
2525, -53.9841
2526, -51.9671
2527, -53.9841
2528, -62.0181
2529, -64.0691
2530, -53.9841
2531, -60.0351
2532, -60.0351
2533, -56.0011
2534, -56.0011
2535, -51.9671
2536, -53.9841
2537, -53.9841
2538, -53.9841
2539, -53.9841
2540, -56.0011
2541, -64.0521
2542, -58.0181
2543, -53.9841
2544, -41.882
2545, -56.0011
2546, -49.899
2547, -58.0181
2548, -56.0011
2549, -53.9841
2550, -49.95
2551, -58.0181
2552, -58.0181
2553, -56.0011
2554, -53.9841
2555, -41.882
2556, -72.1371
2557, -70.1201
2558, -60.0351
2559, -56.0011
2560, -60.0351
2561, -56.0011
2562, -56.0011
2563, -53.9841
2564, -58.0181
2565, -64.0521
2566, -56.0011
2567, -53.9841
2568, -56.0011
2569, -51.9671
2570, -56.0011
2571, -56.0011
2572, -58.0181
2573, -51.9671
2574, -56.0011
2575, -51.9671
2576, -53.9841
2577, -56.0011
2578, -49.95
2579, -53.9841
2580, -49.95
2581, -51.9671
2582, -58.0181
2583, -56.0011
2584, -53.9841
2585, -68.1031
2586, -68.1031
2587, -67.0861
2588, -62.0521
2589, -51.9671
2590, -53.9841
2591, -53.9841
2592, -60.0351
2593, -62.0521
2594, -53.9841
2595, -58.0181
2596, -56.0011
2597, -60.0351
2598, -49.95
2599, -70.1201
2600, -53.9841
2601, -58.0181
2602, -56.0011
2603, -56.0011
2604, -51.9671
2605, -52.9671
2606, -49.95
2607, -56.0011
2608, -53.9841
2609, -51.9671
2610, -56.0011
2611, -47.933
2612, -53.9841
2613, -58.0181
2614, -45.916
2615, -68.1031
2616, -53.9841
2617, -53.9841
2618, -73.0521
2619, -56.0011
2620, -58.0181
2621, -49.95
2622, -51.9671
2623, -56.0011
2624, -58.0181
2625, -58.0181
2626, -58.0181
2627, -53.9841
2628, -60.0351
2629, -56.0011
2630, -67.0011
2631, -53.9841
2632, -53.9841
2633, -53.9671
2634, -51.9671
2635, -58.0181
2636, -63.9671
2637, -58.0181
2638, -63.9841
2639, -66.0861
2640, -53.9841
2641, -59.0181
2642, -56.0011
2643, -54.9841
2644, -41.882
2645, -60.0351
2646, -41.882
2647, -49.882
2648, -56.0011
2649, -60.0351
2650, -53.9841
2651, -57.9841
2652, -51.9671
2653, -64.0691
2654, -53.9841
2655, -53.9841
2656, -62.0521
2657, -56.0011
2658, -70.1201
2659, -56.0011
2660, -53.9841
2661, -60.0351
2662, -56.0011
2663, -51.9671
2664, -53.9841
2665, -60.0181
2666, -53.9841
2667, -51.9671
2668, -72.1371
2669, -60.0351
2670, -56.0011
2671, -61.0011
2672, -66.0861
2673, -56.0011
2674, -56.0011
2675, -56.0011
2676, -56.0011
2677, -60.0351
2678, -60.0351
2679, -51.9671
2680, -58.0011
2681, -56.0011
2682, -56.0011
2683, -58.0181
2684, -70.1031
2685, -58.0181
2686, -58.0181
2687, -48.933
2688, -68.0861
2689, -56.0011
2690, -49.95
2691, -74.1541
2692, -49.95
2693, -60.0351
2694, -66.0351
2695, -58.0181
2696, -53.9841
2697, -58.0181
2698, -62.0521
2699, -53.9671
2700, -53.9841
2701, -57.9841
2702, -58.0181
2703, -56.0011
2704, -66.0861
2705, -64.0691
2706, -62.0521
2707, -56.0011
2708, -58.0181
2709, -56.0011
2710, -51.9671
2711, -54.9841
2712, -56.0011
2713, -53.9841
2714, -58.0011
2715, -56.0011
2716, -58.0181
2717, -51.9671
2718, -53.9841
2719, -41.882
2720, -60.0351
2721, -58.0181
2722, -70.1201
2723, -58.0181
2724, -49.95
2725, -51.9671
2726, -56.0011
2727, -59.9841
2728, -56.0011
2729, -56.0011
2730, -57.9671
2731, -56.0011
2732, -58.0181
2733, -68.0861
2734, -62.0521
2735, -63.9841
2736, -53.9841
2737, -56.9841
2738, -58.0181
2739, -58.0181
2740, -56.0011
2741, -72.1371
2742, -56.0011
2743, -41.882
2744, -58.0181
2745, -60.0351
2746, -62.0011
2747, -60.0351
2748, -56.0011
2749, -51.9671
2750, -60.0351
2751, -53.9841
2752, -59.0181
2753, -59.0181
2754, -53.9841
2755, -53.9841
2756, -80.1031
2757, -58.0181
2758, -54.95
2759, -58.0181
2760, -60.0351
2761, -68.1031
2762, -56.0011
2763, -60.0351
2764, -53.9841
2765, -53.9841
2766, -58.0181
2767, -60.0351
2768, -51.9671
2769, -56.0011
2770, -56.0011
2771, -58.0181
2772, -56.0011
2773, -53.9841
2774, -56.0011
2775, -52.9671
2776, -53.9841
2777, -53.9841
2778, -56.0011
2779, -53.9841
2780, -56.0011
2781, -68.1031
2782, -57.0011
2783, -60.9841
2784, -56.0011
2785, -68.1031
2786, -56.0011
2787, -56.9841
2788, -70.1201
2789, -53.9841
2790, -58.0181
2791, -53.9841
2792, -77.1711
2793, -61.0181
2794, -56.0011
2795, -56.9671
2796, -53.9841
2797, -56.0011
2798, -58.0181
2799, -58.0181
2800, -56.0011
2801, -58.0181
2802, -60.0351
2803, -62.0521
2804, -56.0011
2805, -53.9841
2806, -53.9841
2807, -63.0351
2808, -58.0181
2809, -51.9671
2810, -53.9841
2811, -60.0351
2812, -53.9841
2813, -58.0181
2814, -58.9841
2815, -56.0011
2816, -60.0351
2817, -53.9841
2818, -60.0351
2819, -53.9841
2820, -54.9841
2821, -45.916
2822, -60.0351
2823, -60.0351
2824, -53.9841
2825, -83.1541
2826, -58.0181
2827, -56.0011
2828, -58.0181
2829, -56.0011
2830, -51.9671
2831, -53.9841
2832, -56.0011
2833, -60.0351
2834, -67.0181
2835, -53.9841
2836, -56.0011
2837, -48.916
2838, -58.0181
2839, -58.0181
2840, -39.865
2841, -62.0351
2842, -53.9841
2843, -60.0351
2844, -70.0691
2845, -72.1371
2846, -53.9841
2847, -60.0351
2848, -66.0181
2849, -56.0011
2850, -56.0011
2851, -43.899
2852, -58.0181
2853, -73.1371
2854, -62.0521
2855, -56.0011
2856, -64.0691
2857, -68.1031
2858, -60.0351
2859, -58.0181
2860, -56.0011
2861, -43.899
2862, -53.9841
2863, -51.9671
2864, -62.0521
2865, -53.9841
2866, -33.814
2867, -58.0181
2868, -58.0181
2869, -56.0011
2870, -53.9841
2871, -58.0181
2872, -64.9841
2873, -60.0351
2874, -53.9841
2875, -55.9671
2876, -59.0181
2877, -53.9841
2878, -59.0011
2879, -51.9671
2880, -58.0181
2881, -56.0011
2882, -58.0181
2883, -60.0351
2884, -58.0181
2885, -45.916
2886, -56.0011
2887, -51.9671
2888, -51.9671
2889, -55.9841
2890, -56.0011
2891, -53.9841
2892, -53.9841
2893, -60.0351
2894, -58.0181
2895, -60.0351
2896, -60.0351
2897, -70.1201
2898, -53.9841
2899, -67.0351
2900, -56.0011
2901, -56.0011
2902, -56.0011
2903, -66.0861
2904, -70.1201
2905, -56.0011
2906, -62.9841
2907, -70.1201
2908, -64.0521
2909, -67.0181
2910, -51.9671
2911, -64.0691
2912, -56.0011
2913, -53.9841
2914, -58.0181
2915, -53.9841
2916, -56.0011
2917, -45.916
2918, -62.0521
2919, -56.0011
2920, -58.0011
2921, -56.0011
2922, -53.9841
2923, -60.0351
2924, -56.9671
2925, -53.9841
2926, -47.933
2927, -58.0181
2928, -56.0011
2929, -60.0351
2930, -58.0181
2931, -56.0011
2932, -56.0011
2933, -60.0011
2934, -62.0521
2935, -58.0181
2936, -59.0011
2937, -39.865
2938, -58.0181
2939, -58.0181
2940, -53.9841
2941, -65.0691
2942, -56.0011
2943, -49.95
2944, -49.95
2945, -58.0181
2946, -58.0181
2947, -58.0181
2948, -56.0011
2949, -57.0011
2950, -56.0011
2951, -60.0351
2952, -56.0011
2953, -64.0181
2954, -57.0011
2955, -59.0011
2956, -68.1031
2957, -56.0011
2958, -56.0011
2959, -58.0181
2960, -53.9841
2961, -58.0181
2962, -58.0181
2963, -56.0011
2964, -56.0011
2965, -56.0011
2966, -43.899
2967, -41.882
2968, -53.9841
2969, -60.0351
2970, -58.0181
2971, -53.9841
2972, -68.1031
2973, -59.0181
2974, -67.0521
2975, -58.0181
2976, -60.0351
2977, -56.0011
2978, -56.0011
2979, -53.9841
2980, -61.0181
2981, -56.0011
2982, -56.0011
2983, -51.9671
2984, -58.0181
2985, -58.0181
2986, -58.0181
2987, -56.0011
2988, -51.9671
2989, -53.9841
2990, -56.0011
2991, -58.0181
2992, -62.0351
2993, -53.9841
2994, -58.0181
2995, -51.9671
2996, -58.0181
2997, -53.9841
2998, -41.882
2999, -60.0351
3000, -58.0181
3001, -68.1031
3002, -63.0521
3003, -56.0011
3004, -56.0011
3005, -56.95
3006, -53.9841
3007, -53.9841
3008, -70.1201
3009, -41.882
3010, -53.9841
3011, -56.0011
3012, -53.9841
3013, -56.0011
3014, -53.9841
3015, -56.0011
3016, -56.0011
3017, -54.9841
3018, -51.95
3019, -58.0181
3020, -53.9841
3021, -53.9841
3022, -51.9671
3023, -56.0011
3024, -58.0181
3025, -45.916
3026, -56.0011
3027, -61.0011
3028, -62.0521
3029, -51.9671
3030, -52.9671
3031, -51.9671
3032, -58.0181
3033, -60.0351
3034, -53.9841
3035, -58.0181
3036, -62.0521
3037, -51.9671
3038, -57.0011
3039, -53.9841
3040, -51.9671
3041, -60.0351
3042, -58.0181
3043, -53.9841
3044, -58.0181
3045, -51.9671
3046, -53.9841
3047, -60.0351
3048, -58.0181
3049, -61.9841
3050, -62.0521
3051, -56.0011
3052, -56.0011
3053, -58.0181
3054, -58.0181
3055, -56.0011
3056, -58.9671
3057, -58.0181
3058, -58.0181
3059, -39.865
3060, -53.9841
3061, -68.0181
3062, -58.0181
3063, -56.0011
3064, -58.0181
3065, -58.0181
3066, -56.0011
3067, -56.0011
3068, -49.95
3069, -78.1881
3070, -59.0011
3071, -45.916
3072, -53.9841
3073, -60.0351
3074, -56.0011
3075, -68.0011
3076, -60.0011
3077, -47.933
3078, -60.0351
3079, -49.95
3080, -58.0181
3081, -56.0011
3082, -56.0011
3083, -58.0181
3084, -58.0181
3085, -53.9841
3086, -56.0011
3087, -68.0351
3088, -60.0351
3089, -56.0011
3090, -49.95
3091, -58.0181
3092, -62.0521
3093, -56.0011
3094, -62.0521
3095, -56.0011
3096, -58.0181
3097, -64.0351
3098, -47.933
3099, -56.0011
3100, -51.9671
3101, -56.0011
3102, -53.9841
3103, -56.0011
3104, -56.0011
3105, -53.9841
3106, -72.1371
3107, -47.933
3108, -53.9841
3109, -57.0011
3110, -62.0521
3111, -53.9841
3112, -53.9841
3113, -60.9841
3114, -60.0351
3115, -58.0181
3116, -58.0181
3117, -56.0011
3118, -62.0011
3119, -58.0181
3120, -56.0011
3121, -51.9671
3122, -53.9841
3123, -53.9841
3124, -66.0861
3125, -53.9841
3126, -53.9841
3127, -60.0351
3128, -58.0181
3129, -51.9671
3130, -59.0011
3131, -53.9841
3132, -53.9841
3133, -51.9671
3134, -60.0351
3135, -53.9841
3136, -58.0181
3137, -76.1711
3138, -70.1201
3139, -58.0181
3140, -58.0181
3141, -54.9841
3142, -53.9841
3143, -58.0181
3144, -51.9671
3145, -66.0861
3146, -64.0691
3147, -53.9841
3148, -56.0011
3149, -62.0521
3150, -58.0181
3151, -61.0181
3152, -70.1201
3153, -56.0011
3154, -57.0011
3155, -58.0181
3156, -56.0011
3157, -64.0691
3158, -58.0181
3159, -53.9841
3160, -62.0521
3161, -58.0181
3162, -56.0011
3163, -56.0011
3164, -60.0181
3165, -53.9841
3166, -51.9671
3167, -49.95
3168, -58.0181
3169, -58.0181
3170, -56.0011
3171, -60.0351
3172, -59.9671
3173, -58.0181
3174, -64.0691
3175, -53.9841
3176, -58.0181
3177, -49.95
3178, -58.0181
3179, -62.0011
3180, -53.9841
3181, -56.0011
3182, -56.0011
3183, -53.9841
3184, -76.1711
3185, -53.9841
3186, -49.95
3187, -58.0181
3188, -56.0011
3189, -53.9841
3190, -56.0011
3191, -58.0011
3192, -58.0181
3193, -51.9671
3194, -68.1031
3195, -58.0181
3196, -56.9841
3197, -56.0011
3198, -66.0861
3199, -58.0181
3200, -56.0011
3201, -58.0181
3202, -60.0351
3203, -56.0011
3204, -56.0011
3205, -66.0861
3206, -53.9841
3207, -60.0351
3208, -51.9671
3209, -53.9841
3210, -47.933
3211, -53.9841
3212, -58.0181
3213, -56.0011
3214, -58.0181
3215, -58.0181
3216, -53.9841
3217, -53.9841
3218, -45.916
3219, -41.882
3220, -53.9841
3221, -51.9671
3222, -56.0011
3223, -56.0011
3224, -58.0181
3225, -56.0011
3226, -58.0181
3227, -58.0181
3228, -58.0181
3229, -54.9841
3230, -58.0181
3231, -56.0011
3232, -41.882
3233, -51.9671
3234, -51.9671
3235, -56.0011
3236, -56.0011
3237, -56.0011
3238, -60.0011
3239, -58.0181
3240, -56.0011
3241, -66.0861
3242, -56.0011
3243, -56.0011
3244, -56.0011
3245, -53.9841
3246, -70.1201
3247, -58.0181
3248, -62.0521
3249, -53.9841
3250, -60.0351
3251, -56.0011
3252, -58.0181
3253, -45.916
3254, -60.0351
3255, -56.0011
3256, -53.9841
3257, -62.0351
3258, -58.0181
3259, -58.0181
3260, -56.0011
3261, -56.0011
3262, -58.0181
3263, -58.0181
3264, -56.0011
3265, -66.0351
3266, -56.0011
3267, -49.95
3268, -60.0351
3269, -62.0521
3270, -56.0011
3271, -43.899
3272, -58.0181
3273, -57.0011
3274, -53.9841
3275, -51.9671
3276, -56.0011
3277, -58.0181
3278, -53.9841
3279, -58.0181
3280, -56.0011
3281, -54.9671
3282, -58.0011
3283, -58.0181
3284, -41.882
3285, -54.916
3286, -43.899
3287, -56.0011
3288, -51.9671
3289, -53.9841
3290, -60.0351
3291, -56.0011
3292, -53.9841
3293, -56.0011
3294, -56.0011
3295, -53.9841
3296, -56.0011
3297, -61.0351
3298, -53.9841
3299, -58.0181
3300, -56.0011
3301, -58.0181
3302, -58.0011
3303, -43.899
3304, -58.0181
3305, -64.0181
3306, -56.0011
3307, -49.95
3308, -56.0011
3309, -70.1201
3310, -58.0181
3311, -58.0181
3312, -53.9841
3313, -58.0181
3314, -51.9671
3315, -59.0011
3316, -57.0011
3317, -56.9671
3318, -53.9841
3319, -62.0521
3320, -43.899
3321, -53.9841
3322, -60.0351
3323, -58.0181
3324, -45.916
3325, -60.0351
3326, -59.9841
3327, -53.9841
3328, -56.0011
3329, -58.0181
3330, -56.0011
3331, -58.0181
3332, -58.0181
3333, -56.0011
3334, -41.882
3335, -56.0011
3336, -56.0011
3337, -51.9671
3338, -53.9841
3339, -56.0011
3340, -58.0181
3341, -70.1201
3342, -51.9671
3343, -62.9841
3344, -70.1201
3345, -51.9671
3346, -43.899
3347, -54.9841
3348, -63.0011
3349, -56.0011
3350, -56.0011
3351, -58.0181
3352, -56.0011
3353, -53.9841
3354, -56.0011
3355, -47.933
3356, -59.0011
3357, -53.9841
3358, -58.0181
3359, -59.0011
3360, -58.0011
3361, -58.0011
3362, -53.9841
3363, -53.9841
3364, -58.0181
3365, -62.0521
3366, -58.0181
3367, -53.9841
3368, -43.899
3369, -53.9841
3370, -58.0011
3371, -53.9841
3372, -58.0181
3373, -56.0011
3374, -51.9671
3375, -56.0011
3376, -59.9671
3377, -56.0011
3378, -56.0011
3379, -56.0011
3380, -60.0351
3381, -59.0181
3382, -62.0521
3383, -59.0011
3384, -53.9841
3385, -62.0521
3386, -53.9841
3387, -45.916
3388, -58.0181
3389, -60.0351
3390, -56.0011
3391, -53.9841
3392, -51.9671
3393, -49.95
3394, -53.9841
3395, -51.9671
3396, -64.0691
3397, -53.9841
3398, -53.9841
3399, -66.0861
3400, -58.0181
3401, -53.9841
3402, -56.0011
3403, -58.0181
3404, -57.0011
3405, -53.95
3406, -52.9671
3407, -58.0181
3408, -56.0011
3409, -56.9841
3410, -56.0011
3411, -58.0181
3412, -60.0181
3413, -56.0011
3414, -60.0351
3415, -49.95
3416, -56.0011
3417, -45.916
3418, -59.9841
3419, -58.0181
3420, -56.0011
3421, -53.9841
3422, -60.0181
3423, -51.9671
3424, -53.9841
3425, -49.95
3426, -56.0011
3427, -62.0521
3428, -56.0011
3429, -53.9841
3430, -56.0011
3431, -70.1201
3432, -58.0181
3433, -49.95
3434, -51.933
3435, -56.0011
3436, -61.0181
3437, -56.0011
3438, -59.0181
3439, -49.95
3440, -60.0351
3441, -63.9841
3442, -62.0521
3443, -49.95
3444, -60.0351
3445, -51.9671
3446, -57.0011
3447, -56.0011
3448, -56.0011
3449, -63.0521
3450, -58.0181
3451, -56.0011
3452, -70.1201
3453, -58.0181
3454, -56.0011
3455, -68.1031
3456, -53.9841
3457, -58.0181
3458, -60.0351
3459, -72.1371
3460, -60.0351
3461, -56.0011
3462, -60.0351
3463, -53.9841
3464, -58.0181
3465, -56.0011
3466, -51.9671
3467, -51.9671
3468, -56.0011
3469, -51.9671
3470, -56.0011
3471, -61.0181
3472, -57.0011
3473, -70.0691
3474, -53.9841
3475, -55.9671
3476, -56.0011
3477, -53.9841
3478, -64.0691
3479, -54.9841
3480, -56.0011
3481, -54.9671
3482, -56.0011
3483, -45.916
3484, -56.0011
3485, -56.0011
3486, -53.9841
3487, -51.9671
3488, -56.0011
3489, -57.0011
3490, -64.0691
3491, -53.9841
3492, -59.0181
3493, -56.0011
3494, -49.95
3495, -53.9841
3496, -56.0011
3497, -65.0011
3498, -58.0181
3499, -58.0181
3500, -64.0691
3501, -53.9841
3502, -48.933
3503, -58.0181
3504, -53.9841
3505, -51.9671
3506, -56.0011
3507, -62.0521
3508, -72.1371
3509, -53.9841
3510, -60.0351
3511, -53.9841
3512, -50.882
3513, -54.9841
3514, -51.9671
3515, -56.0011
3516, -62.0521
3517, -56.0011
3518, -53.9841
3519, -49.95
3520, -53.9841
3521, -58.0181
3522, -56.0011
3523, -78.1201
3524, -49.95
3525, -56.0011
3526, -53.9841
3527, -51.9671
3528, -53.9841
3529, -53.9841
3530, -49.95
3531, -49.933
3532, -49.95
3533, -56.0011
3534, -56.0011
3535, -43.899
3536, -58.0181
3537, -56.9671
3538, -66.0181
3539, -55.9841
3540, -56.0011
3541, -56.0011
3542, -53.9841
3543, -53.9841
3544, -58.0181
3545, -56.0011
3546, -56.0011
3547, -58.0181
3548, -43.899
3549, -56.0011
3550, -56.0011
3551, -59.9841
3552, -72.1371
3553, -53.9841
3554, -56.0011
3555, -53.9841
3556, -58.0181
3557, -62.0521
3558, -60.0351
3559, -47.933
3560, -75.1371
3561, -53.9841
3562, -56.0011
3563, -64.0691
3564, -51.9671
3565, -56.0011
3566, -53.9841
3567, -51.9671
3568, -60.0351
3569, -56.0011
3570, -51.9671
3571, -58.0181
3572, -54.9841
3573, -56.0011
3574, -47.933
3575, -70.1201
3576, -51.9671
3577, -58.0181
3578, -47.933
3579, -53.9841
3580, -56.0011
3581, -74.1541
3582, -56.0011
3583, -59.0011
3584, -37.848
3585, -53.9671
3586, -56.0011
3587, -58.0181
3588, -56.0011
3589, -74.1541
3590, -53.9841
3591, -62.0521
3592, -73.1031
3593, -60.0351
3594, -56.0011
3595, -56.0011
3596, -49.95
3597, -44.865
3598, -53.9841
3599, -70.1201
3600, -51.9671
3601, -53.9841
3602, -58.0181
3603, -56.0011
3604, -49.95
3605, -56.0011
3606, -60.0351
3607, -56.0011
3608, -56.0011
3609, -56.0011
3610, -56.0011
3611, -56.0011
3612, -62.0521
3613, -56.0011
3614, -60.0351
3615, -53.9841
3616, -59.0011
3617, -58.0181
3618, -60.0351
3619, -56.0011
3620, -51.9671
3621, -51.9671
3622, -51.9671
3623, -58.0181
3624, -53.9841
3625, -61.9841
3626, -51.9671
3627, -58.0181
3628, -49.95
3629, -49.95
3630, -53.9841
3631, -53.9841
3632, -51.9671
3633, -74.1541
3634, -63.0521
3635, -53.9841
3636, -58.0181
3637, -57.0011
3638, -58.0011
3639, -47.933
3640, -56.0011
3641, -56.0011
3642, -53.9841
3643, -56.0011
3644, -58.0181
3645, -55.9841
3646, -60.0351
3647, -59.0011
3648, -53.9841
3649, -53.9841
3650, -58.0181
3651, -41.882
3652, -58.0181
3653, -53.9841
3654, -56.0011
3655, -59.0181
3656, -56.0011
3657, -53.9841
3658, -51.9671
3659, -58.0181
3660, -60.9841
3661, -53.9841
3662, -55.9841
3663, -47.933
3664, -56.0011
3665, -60.0351
3666, -62.0521
3667, -58.0181
3668, -56.0011
3669, -53.9841
3670, -56.0011
3671, -58.0181
3672, -53.9841
3673, -60.0351
3674, -56.0011
3675, -56.0011
3676, -58.0181
3677, -53.9841
3678, -59.9671
3679, -70.1201
3680, -56.0011
3681, -51.9671
3682, -58.0181
3683, -54.95
3684, -53.9841
3685, -60.0351
3686, -55.9671
3687, -53.9841
3688, -53.9841
3689, -60.0351
3690, -64.0691
3691, -58.0181
3692, -55.9841
3693, -58.0181
3694, -58.0181
3695, -66.0861
3696, -53.9841
3697, -68.1031
3698, -53.9841
3699, -56.95
3700, -58.0181
3701, -58.0181
3702, -53.9841
3703, -56.0011
3704, -73.0351
3705, -43.899
3706, -56.0011
3707, -53.9671
3708, -51.9671
3709, -56.0011
3710, -58.0181
3711, -56.0011
3712, -60.0011
3713, -58.0181
3714, -60.0351
3715, -58.0181
3716, -51.9671
3717, -53.9841
3718, -53.9841
3719, -53.9841
3720, -60.0351
3721, -62.0521
3722, -53.9841
3723, -53.9841
3724, -56.0011
3725, -58.0181
3726, -53.9841
3727, -58.0011
3728, -58.0181
3729, -59.0181
3730, -53.9841
3731, -62.0011
3732, -64.0691
3733, -57.0011
3734, -41.882
3735, -51.9671
3736, -58.0181
3737, -64.0691
3738, -60.0351
3739, -49.95
3740, -51.9671
3741, -56.0011
3742, -61.9841
3743, -58.0181
3744, -58.0181
3745, -53.9841
3746, -58.0181
3747, -49.95
3748, -53.9671
3749, -49.95
3750, -51.9671
3751, -53.9671
3752, -60.0011
3753, -56.0011
3754, -60.0351
3755, -45.916
3756, -39.865
3757, -43.899
3758, -53.9841
3759, -51.9671
3760, -53.9841
3761, -72.1371
3762, -53.9841
3763, -58.0181
3764, -41.882
3765, -58.0181
3766, -53.9841
3767, -53.9841
3768, -56.0011
3769, -54.9671
3770, -56.0011
3771, -53.9841
3772, -49.95
3773, -58.0181
3774, -59.0181
3775, -68.1031
3776, -68.1031
3777, -58.0181
3778, -57.0011
3779, -51.9671
3780, -49.95
3781, -58.0181
3782, -56.0011
3783, -62.0011
3784, -56.0011
3785, -60.0351
3786, -53.9841
3787, -58.0181
3788, -56.0011
3789, -49.95
3790, -56.9841
3791, -60.0351
3792, -56.0011
3793, -62.0181
3794, -58.0181
3795, -56.0011
3796, -56.0011
3797, -56.0011
3798, -61.9671
3799, -51.9671
3800, -56.0011
3801, -53.9671
3802, -58.0181
3803, -56.0011
3804, -53.9841
3805, -51.9671
3806, -58.0181
3807, -51.95
3808, -43.899
3809, -58.0181
3810, -49.916
3811, -62.0521
3812, -56.0011
3813, -62.0521
3814, -58.0181
3815, -53.9841
3816, -53.9841
3817, -58.0181
3818, -39.865
3819, -53.9841
3820, -54.9841
3821, -63.0351
3822, -41.882
3823, -56.0011
3824, -58.0181
3825, -53.9841
3826, -58.0181
3827, -62.0521
3828, -56.0011
3829, -61.9841
3830, -56.0011
3831, -56.0011
3832, -64.0691
3833, -51.9671
3834, -60.0351
3835, -53.9841
3836, -53.9841
3837, -58.0011
3838, -47.933
3839, -53.9841
3840, -56.0011
3841, -62.0521
3842, -58.0181
3843, -56.0011
3844, -56.0011
3845, -54.9841
3846, -58.0181
3847, -60.0351
3848, -56.0011
3849, -49.95
3850, -62.0181
3851, -74.1371
3852, -64.0351
3853, -56.0011
3854, -62.0521
3855, -62.0521
3856, -56.0011
3857, -58.0181
3858, -53.9841
3859, -66.0351
3860, -56.0011
3861, -60.9841
3862, -56.0011
3863, -41.882
3864, -56.0011
3865, -60.0351
3866, -58.0181
3867, -58.0181
3868, -63.0521
3869, -58.0181
3870, -58.0181
3871, -51.9671
3872, -58.0181
3873, -57.0011
3874, -51.9671
3875, -53.9841
3876, -59.9841
3877, -37.848
3878, -37.848
3879, -62.0521
3880, -60.0351
3881, -68.1031
3882, -68.1031
3883, -49.95
3884, -53.9841
3885, -56.0011
3886, -61.0181
3887, -56.0011
3888, -51.9671
3889, -58.0181
3890, -56.0011
3891, -51.9671
3892, -58.0181
3893, -71.0861
3894, -56.0011
3895, -51.9671
3896, -45.899
3897, -58.0181
3898, -56.0011
3899, -62.0011
3900, -53.9841
3901, -60.9841
3902, -56.0011
3903, -58.0181
3904, -78.1201
3905, -56.0011
3906, -53.9841
3907, -56.9841
3908, -56.0011
3909, -61.9841
3910, -53.9841
3911, -53.9841
3912, -60.0351
3913, -62.0521
3914, -53.9841
3915, -58.0181
3916, -58.0181
3917, -58.0181
3918, -56.0011
3919, -60.0351
3920, -53.9841
3921, -51.9671
3922, -56.0011
3923, -58.0181
3924, -58.0181
3925, -56.0011
3926, -67.0181
3927, -53.9841
3928, -56.0011
3929, -51.9671
3930, -56.0011
3931, -56.0011
3932, -53.9841
3933, -56.0011
3934, -63.0011
3935, -53.9841
3936, -56.0011
3937, -63.0011
3938, -56.0011
3939, -53.9841
3940, -58.0181
3941, -70.0521
3942, -56.0011
3943, -60.0351
3944, -39.865
3945, -45.916
3946, -56.0011
3947, -51.9671
3948, -56.0011
3949, -45.916
3950, -56.0011
3951, -58.0181
3952, -53.9841
3953, -55.9841
3954, -58.0181
3955, -59.0181
3956, -70.1201
3957, -58.0181
3958, -53.9841
3959, -64.0691
3960, -58.0181
3961, -60.9841
3962, -43.899
3963, -51.9671
3964, -58.0181
3965, -60.0351
3966, -56.0011
3967, -60.0351
3968, -47.933
3969, -58.0181
3970, -58.0011
3971, -57.0011
3972, -60.0351
3973, -53.9841
3974, -53.9841
3975, -53.9841
3976, -56.0011
3977, -72.1031
3978, -58.0181
3979, -54.9841
3980, -58.0181
3981, -58.0181
3982, -58.0181
3983, -58.0181
3984, -56.0011
3985, -53.9841
3986, -51.9671
3987, -53.9841
3988, -58.0181
3989, -66.0181
3990, -56.0011
3991, -51.9671
3992, -66.0861
3993, -53.9841
3994, -58.0181
3995, -56.0011
3996, -69.1031
3997, -58.0181
3998, -60.0351
3999, -57.0011
4000, -64.0691
4001, -60.0351
4002, -45.916
4003, -56.0011
4004, -62.0521
4005, -58.0181
4006, -60.0351
4007, -56.0011
4008, -56.0011
4009, -60.0351
4010, -56.0011
4011, -70.1201
4012, -56.0011
4013, -63.0181
4014, -53.9841
4015, -56.0011
4016, -62.0521
4017, -68.1031
4018, -64.0691
4019, -53.9841
4020, -62.0521
4021, -56.0011
4022, -49.95
4023, -53.9841
4024, -58.0181
4025, -51.9671
4026, -60.0351
4027, -56.0011
4028, -64.0011
4029, -53.9841
4030, -50.95
4031, -56.0011
4032, -72.0691
4033, -72.1371
4034, -58.0181
4035, -60.0351
4036, -56.0011
4037, -49.95
4038, -58.0181
4039, -37.848
4040, -49.95
4041, -53.9841
4042, -70.1201
4043, -51.9671
4044, -51.9671
4045, -51.9671
4046, -60.0351
4047, -64.0691
4048, -58.0181
4049, -52.9671
4050, -64.0691
4051, -58.0181
4052, -51.9671
4053, -56.0011
4054, -53.9841
4055, -56.0011
4056, -51.9671
4057, -60.0351
4058, -58.0181
4059, -59.0181
4060, -49.95
4061, -58.0181
4062, -56.0011
4063, -58.0181
4064, -56.0011
4065, -47.933
4066, -58.0181
4067, -66.0861
4068, -53.9841
4069, -62.0521
4070, -53.9841
4071, -51.9671
4072, -56.0011
4073, -56.0011
4074, -58.0181
4075, -49.95
4076, -56.0011
4077, -56.0011
4078, -60.0351
4079, -58.0181
4080, -56.0011
4081, -56.0011
4082, -53.9841
4083, -56.0011
4084, -53.9841
4085, -53.9841
4086, -56.0011
4087, -72.1371
4088, -56.0011
4089, -58.0181
4090, -56.0011
4091, -54.9841
4092, -56.0011
4093, -53.9841
4094, -56.0011
4095, -39.865
