0,0
1.27838e-06,0
5.88147e-06,0
1.58545e-05,0
2.86544e-05,0
4.17392e-05,0
5.25602e-05,0
5.85699e-05,0
5.72296e-05,0
4.60016e-05,0
2.8018e-05,0
6.40962e-06,0
-1.56943e-05,0
-3.51656e-05,0
-4.88778e-05,0
-5.37053e-05,0
-5.34824e-05,0
-5.20416e-05,0
-5.32136e-05,0
-6.08275e-05,0
-7.87105e-05,0
-0.000110688,0
-0.000151866,0
-0.00019735,0
-0.000242251,0
-0.000281678,0
-0.000318153,0
-0.000354192,0
-0.000388258,0
-0.000418815,0
-0.000444319,0
-0.000463227,0
-0.000478807,0
-0.000494328,0
-0.000513056,0
-0.000538255,0
-0.000573188,0
-0.000621118,0
-0.000685303,0
-0.000769004,0
-0.000856332,0
-0.000931407,0
-0.000978347,0
-0.00098128,0
-0.000951097,0
-0.000898685,0
-0.000834928,0
-0.000770703,0
-0.000706877,0
-0.000644315,0
-0.000591705,0
-0.000557731,0
-0.000551082,0
-0.000580442,0
-0.000654482,0
-0.000781872,0
-0.00095135,0
-0.00115166,0
-0.00137156,0
-0.0015998,0
-0.00183612,0
-0.00208025,0
-0.00233191,0
-0.00259082,0
-0.00285672,0
-0.00312932,0
-0.00339798,0
-0.00365206,0
-0.00388091,0
-0.00407389,0
-0.00422039,0
-0.00430976,0
-0.00434109,0
-0.00431344,0
-0.00420863,0
-0.00400848,0
-0.00372222,0
-0.00335906,0
-0.00292823,0
-0.00243893,0
-0.00189231,0
-0.00128953,0
-0.000631732,0
7.992e-05,0
0.000844272,0
0.00166017,0
0.00252645,0
0.00344196,0
0.00441709,0
0.00546221,0
0.0065877,0
0.00780393,0
0.00912127,0
0.0105501,0
0.0121007,0
0.0137834,0
0.015588,0
0.0175042,0
0.0195218,0
0.0216303,0
0.0238197,0
0.0260795,0
0.0284102,0
0.0308121,0
0.0332854,0
0.0358305,0
0.0384328,0
0.0410776,0
0.0437504,0
0.0464365,0
0.0491213,0
0.0517902,0
0.0544286,0
0.057022,0
0.0595558,0
0.0620153,0
0.0643861,0
0.0666535,0
0.068803,0
0.0708201,0
0.0727384,0
0.0745913,0
0.0764125,0
0.0782354,0
0.0800936,0
0.0820206,0
0.0840499,0
0.0862148,0
0.088549,0
0.0910858,0
0.0938587,0
0.096901,0
0.100179,0
0.103661,0
0.107311,0
0.111098,0
0.115023,0
0.119088,0
0.123296,0
0.127648,0
0.132147,0
0.136794,0
0.141589,0
0.14653,0
0.151615,0
0.156843,0
0.162217,0
0.167739,0
0.17341,0
0.179233,0
0.185233,0
0.191432,0
0.19779,0
0.204266,0
0.21082,0
0.21741,0
0.223997,0
0.230539,0
0.236996,0
0.243326,0
0.249491,0
0.255448,0
0.261157,0
0.266579,0
0.271671,0
0.276394,0
0.280762,0
0.284789,0
0.28849,0
0.291879,0
0.294971,0
0.297779,0
0.300319,0
0.302605,0
0.304651,0
0.306471,0
0.308054,0
0.309386,0
0.310457,0
0.311254,0
0.311811,0
0.312165,0
0.312348,0
0.312398,0
0.312347,0
0.312232,0
0.312087,0
0.311947,0
0.311846,0
0.31182,0
0.311904,0
0.312131,0
0.312538,0
0.313158,0
0.314026,0
0.315177,0
0.316647,0
0.318468,0
0.320677,0
0.323307,0
0.326393,0
0.329971,0
0.333986,0
0.338385,0
0.343116,0
0.348124,0
0.353358,0
0.358763,0
0.364287,0
0.369876,0
0.375478,0
0.381038,0
0.386505,0
0.391825,0
0.396946,0
0.401813,0
0.406375,0
0.410578,0
0.414369,0
0.417695,0
0.420609,0
0.423161,0
0.425402,0
0.427385,0
0.429159,0
0.430778,0
0.432291,0
0.433751,0
0.435208,0
0.436714,0
0.43832,0
0.440077,0
0.442037,0
0.44425,0
0.446768,0
0.449642,0
0.452923,0
0.456662,0
0.46063,0
0.464601,0
0.468344,0
0.471634,0
0.474521,0
0.477058,0
0.479296,0
0.481288,0
0.483086,0
0.484741,0
0.486305,0
0.487831,0
0.489369,0
0.490973,0
0.492592,0
0.494179,0
0.495683,0
0.497057,0
0.498251,0
0.499217,0
0.499906,0
0.500269,0
0.50032,0
0.500074,0
0.499545,0
0.498748,0
0.497708,0
0.496453,0
0.495007,0
0.493397,0
0.491649,0
0.48979,0
0.487844,0
0.485839,0
0.483801,0
0.481755,0
0.479727,0
0.477744,0
0.475785,0
0.473833,0
0.471867,0
0.469868,0
0.467817,0
0.465695,0
0.463485,0
0.461173,0
0.458743,0
0.45618,0
0.453469,0
0.450593,0
0.447589,0
0.444491,0
0.441337,0
0.438161,0
0.434998,0
0.431885,0
0.428857,0
0.425949,0
0.423127,0
0.42036,0
0.417612,0
0.414852,0
0.412044,0
0.409157,0
0.406222,0
0.40327,0
0.400333,0
0.397442,0
0.39463,0
0.391928,0
0.389366,0
0.386978,0
0.384794,0
0.382846,0
0.381103,0
0.379534,0
0.378107,0
0.376792,0
0.375559,0
0.374375,0
0.37321,0
0.372033,0
0.370899,0
0.369862,0
0.368977,0
0.368298,0
0.367879,0
0.367776,0
0.367927,0
0.368268,0
0.36874,0
0.369279,0
0.369824,0
0.370313,0
0.370685,0
0.370878,0
0.370829,0
0.370478,0
0.369881,0
0.369092,0
0.368168,0
0.367165,0
0.366137,0
0.365142,0
0.364234,0
0.363469,0
0.362796,0
0.362163,0
0.361519,0
0.360812,0
0.359992,0
0.359006,0
0.357803,0
0.356333,0
0.354641,0
0.352775,0
0.350781,0
0.348706,0
0.346596,0
0.344498,0
0.342398,0
0.340281,0
0.338134,0
0.335943,0
0.333693,0
0.33137,0
0.32896,0
0.326449,0
0.323873,0
0.321266,0
0.318664,0
0.316101,0
0.313614,0
0.311237,0
0.308948,0
0.306722,0
0.304538,0
0.302373,0
0.300215,0
0.298054,0
0.295879,0
0.293678,0
0.291441,0
0.289157,0
0.286868,0
0.284615,0
0.282441,0
0.280387,0
0.278496,0
0.276807,0
0.275364,0
0.274209,0
0.273308,0
0.27263,0
0.272142,0
0.271813,0
0.271611,0
0.271502,0
0.271455,0
0.271439,0
0.27142,0
0.271367,0
0.271304,0
0.271258,0
0.271254,0
0.271316,0
0.271429,0
0.271576,0
0.271741,0
0.271906,0
0.272057,0
0.272176,0
0.27229,0
0.272428,0
0.272617,0
0.272884,0
0.273257,0
0.273763,0
0.27443,0
0.275285,0
0.276356,0
0.27767,0
0.279254,0
0.281136,0
0.283343,0
0.285903,0
0.288779,0
0.291934,0
0.295332,0
0.298937,0
0.302713,0
0.306623,0
0.31063,0
0.314699,0
0.318792,0
0.322875,0
0.326909,0
0.33086,0
0.33469,0
0.338364,0
0.341845,0
0.345097,0
0.348158,0
0.351067,0
0.353861,0
0.356579,0
0.359259,0
0.361939,0
0.364578,0
0.367135,0
0.36957,0
0.371843,0
0.373911,0
0.375734,0
0.377272,0
0.378485,0
0.37933,0
0.379768,0
0.379871,0
0.379709,0
0.379355,0
0.37888,0
0.378356,0
0.377855,0
0.377447,0
0.377205,0
0.377199,0
0.377502,0
0.37801,0
0.378621,0
0.379233,0
0.379743,0
0.380189,0
0.380607,0
0.381034,0
0.381509,0
0.382067,0
0.382746,0
0.383583,0
0.384616,0
0.38588,0
0.387413,0
0.389253,0
0.391435,0
0.393997,0
0.396977,0
0.400285,0
0.403835,0
0.407539,0
0.41131,0
0.415059,0
0.418699,0
0.422143,0
0.425303,0
0.428208,0
0.430886,0
0.433365,0
0.435673,0
0.43784,0
0.439893,0
0.44186,0
0.44377,0
0.445574,0
0.447226,0
0.448677,0
0.44988,0
0.450786,0
0.451348,0
0.451596,0
0.451557,0
0.451262,0
0.45074,0
0.450019,0
0.449129,0
0.448099,0
0.446958,0
0.445734,0
0.444458,0
0.443103,0
0.441643,0
0.440051,0
0.438303,0
0.436371,0
0.43423,0
0.431903,0
0.429416,0
0.42679,0
0.424051,0
0.421223,0
0.418328,0
0.415392,0
0.412437,0
0.409489,0
0.406569,0
0.40363,0
0.400622,0
0.397494,0
0.394198,0
0.390684,0
0.386903,0
0.382908,0
0.378752,0
0.374488,0
0.370169,0
0.365849,0
0.361581,0
0.357418,0
0.353412,0
0.349541,0
0.345784,0
0.342116,0
0.338517,0
0.334963,0
0.331431,0
0.3279,0
0.324347,0
0.3208,0
0.317284,0
0.313829,0
0.31046,0
0.307205,0
0.304091,0
0.301146,0
0.298397,0
0.29587,0
0.293593,0
0.291594,0
0.289898,0
0.288469,0
0.287269,0
0.286262,0
0.285409,0
0.284673,0
0.284018,0
0.283405,0
0.282798,0
0.282209,0
0.281651,0
0.281136,0
0.280679,0
0.28029,0
0.279984,0
0.279751,0
0.279584,0
0.279474,0
0.279412,0
0.279398,0
0.279429,0
0.279504,0
0.279622,0
0.279741,0
0.279823,0
0.279872,0
0.279894,0
0.279887,0
0.279845,0
0.279767,0
0.279649,0
0.279508,0
0.279361,0
0.279225,0
0.279119,0
0.279058,0
0.279061,0
0.279145,0
0.279326,0
0.279576,0
0.279863,0
0.280159,0
0.280432,0
0.280653,0
0.280793,0
0.280873,0
0.280917,0
0.280946,0
0.280983,0
0.281051,0
0.281172,0
0.281323,0
0.281484,0
0.281633,0
0.281747,0
0.281838,0
0.28192,0
0.282004,0
0.282103,0
0.282229,0
0.282395,0
0.282612,0
0.282893,0
0.28325,0
0.283696,0
0.2842,0
0.284733,0
0.285264,0
0.285765,0
0.286246,0
0.286721,0
0.287201,0
0.2877,0
0.288209,0
0.288721,0
0.289231,0
0.289729,0
0.290219,0
0.290701,0
0.291178,0
0.29165,0
0.29212,0
0.292589,0
0.293062,0
0.293543,0
0.294037,0
0.29455,0
0.295068,0
0.295581,0
0.296077,0
0.296544,0
0.296972,0
0.297347,0
0.297659,0
0.297896,0
0.298072,0
0.298202,0
0.298298,0
0.298377,0
0.298451,0
0.298535,0
0.298642,0
0.298788,0
0.298942,0
0.299075,0
0.299189,0
0.299286,0
0.299369,0
0.299439,0
0.299499,0
0.299551,0
0.299593,0
0.299622,0
0.299637,0
0.299635,0
0.299631,0
0.299638,0
0.299669,0
0.299739,0
0.299861,0
0.300048,0
0.300314,0
0.300673,0
0.301138,0
0.301724,0
0.302443,0
0.303309,0
0.304297,0
0.305381,0
0.306534,0
0.307732,0
0.308947,0
0.310156,0
0.311332,0
0.312448,0
0.313522,0
0.314567,0
0.3156,0
0.316637,0
0.317692,0
0.31878,0
0.319872,0
0.320936,0
0.32194,0
0.322853,0
0.323693,0
0.324473,0
0.325212,0
0.325925,0
0.326627,0
0.327335,0
0.328065,0
0.328833,0
0.329655,0
0.330547,0
0.331489,0
0.332463,0
0.333448,0
0.334426,0
0.335377,0
0.336281,0
0.337151,0
0.337996,0
0.338814,0
0.339603,0
0.340362,0
0.341087,0
0.341789,0
0.342478,0
0.343164,0
0.343857,0
0.344566,0
0.345302,0
0.346075,0
0.346894,0
0.347751,0
0.348634,0
0.349536,0
0.350445,0
0.351352,0
0.352249,0
0.353158,0
0.354105,0
0.355114,0
0.35621,0
0.357379,0
0.35861,0
0.359889,0
0.361203,0
0.36254,0
0.363887,0
0.365231,0
0.366559,0
0.367876,0
0.369185,0
0.370491,0
0.371796,0
0.373106,0
0.374424,0
0.375753,0
0.377099,0
0.378472,0
0.379883,0
0.381344,0
0.382866,0
0.384461,0
0.386138,0
0.38789,0
0.389707,0
0.39158,0
0.393499,0
0.395495,0
0.397595,0
0.39979,0
0.402069,0
0.404422,0
0.406838,0
0.409308,0
0.41182,0
0.414365,0
0.416932,0
0.41951,0
0.42209,0
0.424662,0
0.427214,0
0.429736,0
0.432218,0
0.434651,0
0.437023,0
0.439324,0
0.441543,0
0.443702,0
0.445819,0
0.447915,0
0.450009,0
0.452122,0
0.454272,0
0.456442,0
0.458612,0
0.460764,0
0.46288,0
0.464941,0
0.466929,0
0.468824,0
0.470608,0
0.47229,0
0.473878,0
0.475382,0
0.47681,0
0.478171,0
0.479474,0
0.480719,0
0.481909,0
0.483043,0
0.484124,0
0.485152,0
0.486129,0
0.487052,0
0.487922,0
0.488735,0
0.489491,0
0.490188,0
0.490825,0
0.491419,0
0.491988,0
0.492549,0
0.493121,0
0.493721,0
0.494367,0
0.495056,0
0.495787,0
0.496561,0
0.497379,0
0.49824,0
0.499147,0
0.500093,0
0.501075,0
0.502088,0
0.503126,0
0.504186,0
0.505263,0
0.506352,0
0.507447,0
0.508556,0
0.509681,0
0.51083,0
0.512006,0
0.513183,0
0.51433,0
0.515422,0
0.516428,0
0.517322,0
0.518074,0
0.518657,0
0.519043,0
0.519204,0
0.519111,0
0.518789,0
0.518262,0
0.517554,0
0.51669,0
0.515693,0
0.514588,0
0.513398,0
0.512149,0
0.510865,0
0.509568,0
0.508261,0
0.506943,0
0.505616,0
0.50428,0
0.502935,0
0.501582,0
0.500269,0
0.499044,0
0.497954,0
0.497048,0
0.496373,0
0.495977,0
0.495811,0
0.495827,0
0.495977,0
0.496212,0
0.496483,0
0.496743,0
0.496943,0
0.497035,0
0.49697,0
0.4967,0
0.496261,0
0.495689,0
0.49502,0
0.494289,0
0.493471,0
0.492542,0
0.491477,0
0.49025,0
0.488968,0
0.487737,0
0.486663,0
0.485852,0
0.485276,0
0.48491,0
0.484725,0
0.484696,0
0.484794,0
0.484994,0
0.485267,0
0.485588,0
0.485959,0
0.486382,0
0.486859,0
0.487394,0
0.48796,0
0.48853,0
0.489077,0
0.489574,0
0.489994,0
0.490312,0
0.490499,0
0.49053,0
0.490377,0
0.490015,0
0.489499,0
0.488889,0
0.488241,0
0.487612,0
0.48706,0
0.486642,0
0.486416,0
0.486439,0
0.486631,0
0.486914,0
0.487207,0
0.487432,0
0.487609,0
0.487758,0
0.487899,0
0.488052,0
0.488239,0
0.488478,0
0.488789,0
0.489194,0
0.489712,0
0.490364,0
0.491122,0
0.491959,0
0.492849,0
0.493766,0
0.494681,0
0.495568,0
0.496401,0
0.497153,0
0.497797,0
0.498306,0
0.498706,0
0.499025,0
0.499288,0
0.499523,0
0.499754,0
0.50001,0
0.500316,0
0.500699,0
0.501185,0
0.5018,0
0.50253,0
0.503361,0
0.504276,0
0.505262,0
0.506304,0
0.507387,0
0.508497,0
0.509618,0
0.510736,0
0.511837,0
0.512929,0
0.514021,0
0.515087,0
0.516103,0
0.517043,0
0.517881,0
0.518668,0
0.519454,0
0.520288,0
0.521222,0
0.522233,0
0.523302,0
0.524408,0
0.52553,0
0.526648,0
0.527741,0
0.528812,0
0.529866,0
0.530886,0
0.531853,0
0.532751,0
0.533563,0
0.534311,0
0.535018,0
0.535705,0
0.536396,0
0.537112,0
0.537875,0
0.538709,0
0.539635,0
0.540676,0
0.541854,0
0.54319,0
0.544708,0
0.546379,0
0.548175,0
0.550067,0
0.552027,0
0.554026,0
0.556037,0
0.558032,0
0.559981,0
0.561856,0
0.56363,0
0.565319,0
0.56694,0
0.568508,0
0.570042,0
0.57152,0
0.572923,0
0.574231,0
0.575424,0
0.576482,0
0.577385,0
0.578114,0
0.578649,0
0.579034,0
0.579316,0
0.579538,0
0.579746,0
0.579986,0
0.580301,0
0.580676,0
0.581092,0
0.581534,0
0.581984,0
0.582426,0
0.582841,0
0.583215,0
0.583528,0
0.583783,0
0.583982,0
0.584125,0
0.584214,0
0.58425,0
0.584235,0
0.584156,0
0.584002,0
0.58376,0
0.583417,0
0.582963,0
0.582385,0
0.58167,0
0.580807,0
0.579823,0
0.578744,0
0.577599,0
0.576413,0
0.575214,0
0.574029,0
0.572843,0
0.571641,0
0.570409,0
0.569131,0
0.567792,0
0.566379,0
0.564912,0
0.563417,0
0.561915,0
0.56043,0
0.558985,0
0.557602,0
0.556305,0
0.555116,0
0.55401,0
0.552961,0
0.551943,0
0.550929,0
0.549894,0
0.548812,0
0.547658,0
0.546404,0
0.545071,0
0.543677,0
0.542239,0
0.540778,0
0.539312,0
0.537858,0
0.536437,0
0.535067,0
0.533724,0
0.532388,0
0.531036,0
0.529645,0
0.528193,0
0.526659,0
0.525019,0
0.523251,0
0.521365,0
0.519368,0
0.517269,0
0.515075,0
0.512796,0
0.51044,0
0.508015,0
0.505529,0
0.50299,0
0.500408,0
0.497757,0
0.495013,0
0.492152,0
0.489149,0
0.485979,0
0.482618,0
0.479083,0
0.475389,0
0.471555,0
0.467596,0
0.463528,0
0.459369,0
0.455135,0
0.450843,0
0.446508,0
0.442148,0
0.437779,0
0.433418,0
0.429081,0
0.424784,0
0.420545,0
0.416379,0
0.412303,0
0.408333,0
0.404487,0
0.40078,0
0.39723,0
0.393851,0
0.390648,0
0.387622,0
0.384775,0
0.382112,0
0.379633,0
0.377341,0
0.375239,0
0.37333,0
0.371644,0
0.370212,0
0.369065,0
0.368234,0
0.367682,0
0.367371,0
0.367265,0
0.367326,0
0.367518,0
0.367802,0
0.368144,0
0.368504,0
0.368847,0
0.369135,0
0.369331,0
0.369399,0
0.369343,0
0.369168,0
0.368881,0
0.368486,0
0.367988,0
0.367393,0
0.366682,0
0.365834,0
0.364832,0
0.363655,0
0.362285,0
0.360702,0
0.358918,0
0.356946,0
0.354798,0
0.352486,0
0.350022,0
0.347418,0
0.344686,0
0.341839,0
0.338873,0
0.335783,0
0.332567,0
0.329219,0
0.325737,0
0.322116,0
0.318379,0
0.314547,0
0.310643,0
0.306688,0
0.302704,0
0.298713,0
0.294738,0
0.2908,0
0.286923,0
0.283133,0
0.279417,0
0.275766,0
0.272169,0
0.268614,0
0.265091,0
0.261589,0
0.258115,0
0.254674,0
0.251273,0
0.247919,0
0.244638,0
0.241457,0
0.238353,0
0.235307,0
0.232297,0
0.229302,0
0.226355,0
0.223487,0
0.220688,0
0.217949,0
0.215259,0
0.212609,0
0.210006,0
0.207457,0
0.204953,0
0.202481,0
0.20003,0
0.197589,0
0.195145,0
0.192688,0
0.190206,0
0.187687,0
0.185141,0
0.182577,0
0.180003,0
0.177428,0
0.174861,0
0.172311,0
0.169769,0
0.167223,0
0.164664,0
0.162082,0
0.159467,0
0.156809,0
0.154098,0
0.151324,0
0.148504,0
0.145656,0
0.142796,0
0.139941,0
0.137109,0
0.134316,0
0.131581,0
0.128919,0
0.126325,0
0.123792,0
0.121314,0
0.118884,0
0.116498,0
0.114147,0
0.111826,0
0.109529,0
0.107265,0
0.105044,0
0.102876,0
0.100771,0
0.098738,0
0.0967875,0
0.0949264,0
0.0931615,0
0.0915001,0
0.0899491,0
0.0885156,0
0.0872066,0
0.0860292,0
0.0849903,0
0.084097,0
0.0833563,0
0.082743,0
0.082232,0
0.0817979,0
0.0814158,0
0.0810603,0
0.0807063,0
0.0803288,0
0.0799025,0
0.0794206,0
0.0788761,0
0.078262,0
0.0775714,0
0.0768209,0
0.0760268,0
0.0752056,0
0.0743737,0
0.0735475,0
0.0727436,0
0.0719782,0
0.0712678,0
0.0706288,0
0.0700775,0
0.0695715,0
0.0690682,0
0.068525,0
0.0678995,0
0.0672202,0
0.066516,0
0.0658155,0
0.0651473,0
0.0645402,0
0.0640228,0
0.0635623,0
0.0631261,0
0.0626815,0
0.0621957,0
0.0616361,0
0.0609701,0
0.060165,0
0.0591881,0
0.0580726,0
0.0568513,0
0.0555573,0
0.0542236,0
0.052883,0
0.0515686,0
0.050261,0
0.048941,0
0.0475893,0
0.0461867,0
0.0447346,0
0.0432347,0
0.0416885,0
0.0400976,0
0.0384733,0
0.036827,0
0.0351703,0
0.0335143,0
0.0318596,0
0.0302064,0
0.0285743,0
0.0269827,0
0.0254512,0
0.0239993,0
0.0226465,0
0.0214122,0
0.0203159,0
0.019377,0
0.018615,0
0.0180493,0
0.0176493,0
0.0173845,0
0.0172241,0
0.0171377,0
0.0170946,0
0.0170644,0
0.0170164,0
0.0169201,0
0.0167451,0
0.0164607,0
0.0160366,0
0.0154421,0
0.014706,0
0.0138568,0
0.012923,0
0.0119333,0
0.010916,0
0.00989989,0
0.00888565,0
0.00787411,0
0.0068661,0
0.0058624,0
0.00490703,0
0.00404397,0
0.00319407,0
0.00227823,0
0.00129272,0
0.000233787,0
-0.000902307,0
-0.00211931,0
-0.00342094,0
-0.00481095,0
-0.00629305,0
-0.00787099,0
-0.00954848,0
-0.0113292,0
-0.0131786,0
-0.0150617,0
-0.0169441,0
-0.018791,0
-0.0205677,0
-0.0222397,0
-0.0237723,0
-0.025131,0
-0.026281,0
-0.0271879,0
-0.027872,0
-0.028354,0
-0.0286542,0
-0.0287931,0
-0.0287912,0
-0.0286688,0
-0.0284465,0
-0.0281447,0
-0.0277838,0
-0.0273842,0
-0.0269663,0
-0.0265506,0
-0.0261574,0
-0.0258072,0
-0.0254814,0
-0.0251616,0
-0.0248291,0
-0.0244656,0
-0.0240525,0
-0.0235715,0
-0.023004,0
-0.0223315,0
-0.0215774,0
-0.0207649,0
-0.0199173,0
-0.0190578,0
-0.0182097,0
-0.0173961,0
-0.0166056,0
-0.0158266,0
-0.0150476,0
-0.014257,0
-0.0134597,0
-0.0126608,0
-0.011865,0
-0.0110773,0
-0.0103027,0
-0.00954608,0
-0.00881228,0
-0.00810625,0
-0.00744325,0
-0.00683854,0
-0.00630735,0
-0.00586495,0
-0.00552655,0
-0.00530739,0
-0.0051712,0
-0.00508174,0
-0.00500277,0
-0.0048981,0
-0.00476699,0
-0.00460871,0
-0.00442251,0
-0.00420765,0
-0.0039343,0
-0.0035726,0
-0.0031437,0
-0.00266871,0
-0.00216875,0
-0.0016649,0
-0.00117827,0
-0.00072994,0
-0.000340985,0
-3.24694e-05,0
0.00017455,0
0.000259029,0
0.000272155,0
0.000265093,0
0.000288994,0
0.000394988,0
0.000561449,0
0.000766763,0
0.000989318,0
0.00120751,0
0.00139975,0
0.00154447,0
0.00167292,0
0.00181634,0
0.00200595,0
0.00227296,0
0.00264857,0
0.00316396,0
0.00380626,0
0.00456261,0
0.00542016,0
0.00636606,0
0.00738744,0
0.00847147,0
0.00960531,0
0.0107761,0
0.011971,0
0.0131773,0
0.014382,0
0.0155723,0
0.0167355,0
0.0178588,0
0.0189566,0
0.0200434,0
0.0211338,0
0.0222423,0
0.0233834,0
0.0245715,0
0.0257904,0
0.0270239,0
0.0282557,0
0.0294696,0
0.0306494,0
0.0317787,0
0.0328415,0
0.0338215,0
0.0347386,0
0.0356127,0
0.0364636,0
0.0373114,0
0.0381757,0
0.0390766,0
0.0400001,0
0.0409323,0
0.0418595,0
0.0427677,0
0.0436772,0
0.044608,0
0.0455805,0
0.0466145,0
0.0477304,0
0.0489483,0
0.0502566,0
0.051644,0
0.0530992,0
0.0546106,0
0.0561909,0
0.0578525,0
0.059608,0
0.0614698,0
0.0634506,0
0.0655627,0
0.0677812,0
0.0700811,0
0.0724376,0
0.0748257,0
0.0772203,0
0.0795967,0
0.0819299,0
0.0841951,0
0.0863672,0
0.0884215,0
0.0903823,0
0.0922739,0
0.0941205,0
0.0959466,0
0.0977764,0
0.0996342,0
0.101509,0
0.103389,0
0.105263,0
0.10712,0
0.10895,0
0.110739,0
0.112479,0
0.114156,0
0.11576,0
0.117281,0
0.118731,0
0.120128,0
0.121484,0
0.122815,0
0.124135,0
0.12546,0
0.126804,0
0.128182,0
0.129581,0
0.130991,0
0.132399,0
0.133793,0
0.135162,0
0.136494,0
0.137777,0
0.138999,0
0.140178,0
0.141333,0
0.142481,0
0.14364,0
0.144813,0
0.146003,0
0.147231,0
0.14852,0
0.149892,0
0.151369,0
0.152919,0
0.154513,0
0.156118,0
0.157706,0
0.159244,0
0.160702,0
0.162049,0
0.163255,0
0.164346,0
0.165349,0
0.166291,0
0.167198,0
0.168097,0
0.169015,0
0.169978,0
0.171014,0
0.172095,0
0.173195,0
0.174321,0
0.175478,0
0.176672,0
0.177911,0
0.179198,0
0.180542,0
0.181933,0
0.183366,0
0.184832,0
0.186325,0
0.187837,0
0.189361,0
0.190899,0
0.192455,0
0.194032,0
0.195632,0
0.197233,0
0.198813,0
0.20035,0
0.201822,0
0.203234,0
0.204595,0
0.205915,0
0.207204,0
0.208474,0
0.209733,0
0.210994,0
0.212266,0
0.213561,0
0.214888,0
0.216226,0
0.217553,0
0.218849,0
0.220092,0
0.221283,0
0.222423,0
0.223513,0
0.224554,0
0.225546,0
0.226491,0
0.227394,0
0.228262,0
0.2291,0
0.229915,0
0.23071,0
0.231492,0
0.232265,0
0.233035,0
0.233806,0
0.234584,0
0.235349,0
0.236082,0
0.236813,0
0.237577,0
0.238403,0
0.239325,0
0.240374,0
0.241582,0
0.242931,0
0.244402,0
0.245976,0
0.247636,0
0.249363,0
0.251138,0
0.252943,0
0.254759,0
0.256569,0
0.258353,0
0.260109,0
0.261836,0
0.263532,0
0.265193,0
0.266819,0
0.268406,0
0.269961,0
0.271489,0
0.273004,0
0.274522,0
0.27606,0
0.277632,0
0.279223,0
0.280818,0
0.282404,0
0.283963,0
0.285482,0
0.286946,0
0.288339,0
0.289647,0
0.290854,0
0.291947,0
0.292933,0
0.293824,0
0.29463,0
0.295358,0
0.29602,0
0.296626,0
0.297203,0
0.297784,0
0.29833,0
0.298805,0
0.299213,0
0.299558,0
0.299844,0
0.300076,0
0.300257,0
0.300391,0
0.300474,0
0.300501,0
0.300467,0
0.300369,0
0.300202,0
0.299961,0
0.299641,0
0.299238,0
0.298757,0
0.298199,0
0.297568,0
0.296869,0
0.296104,0
0.295277,0
0.294392,0
0.293452,0
0.29246,0
0.29142,0
0.290352,0
0.289275,0
0.288209,0
0.287174,0
0.286189,0
0.285275,0
0.284451,0
0.283736,0
0.283151,0
0.282715,0
0.282413,0
0.282232,0
0.282157,0
0.282174,0
0.282268,0
0.282425,0
0.282631,0
0.282872,0
0.283134,0
0.283401,0
0.28366,0
0.283896,0
0.284114,0
0.284317,0
0.284509,0
0.284693,0
0.284873,0
0.285053,0
0.285237,0
0.285428,0
0.28563,0
0.285847,0
0.286081,0
0.286333,0
0.286607,0
0.286905,0
0.28723,0
0.287583,0
0.287968,0
0.288388,0
0.288832,0
0.289292,0
0.289757,0
0.29022,0
0.29067,0
0.291099,0
0.291514,0
0.291924,0
0.292338,0
0.292764,0
0.29321,0
0.293685,0
0.29418,0
0.294687,0
0.295197,0
0.295701,0
0.296191,0
0.296658,0
0.297093,0
0.297487,0
0.297854,0
0.298205,0
0.298553,0
0.29891,0
0.299289,0
0.299703,0
0.300134,0
0.300567,0
0.300985,0
0.301374,0
0.301717,0
0.301998,0
0.302225,0
0.30241,0
0.30256,0
0.302685,0
0.302794,0
0.302897,0
0.302996,0
0.303091,0
0.303186,0
0.303281,0
0.303378,0
0.30348,0
0.303587,0
0.303702,0
0.303827,0
0.303962,0
0.304111,0
0.304274,0
0.304453,0
0.304651,0
0.304869,0
0.305108,0
0.305371,0
0.305662,0
0.305982,0
0.306335,0
0.306723,0
0.307149,0
0.307615,0
0.308125,0
0.308681,0
0.309286,0
0.309942,0
0.310653,0
0.311423,0
0.312257,0
0.313161,0
0.314141,0
0.315185,0
0.316284,0
0.317427,0
0.318603,0
0.319804,0
0.321017,0
0.322234,0
0.323443,0
0.324634,0
0.325798,0
0.326941,0
0.328073,0
0.329201,0
0.330334,0
0.331479,0
0.332644,0
0.333809,0
0.334953,0
0.336054,0
0.337093,0
0.338048,0
0.338898,0
0.339659,0
0.340344,0
0.340968,0
0.341547,0
0.342093,0
0.342623,0
0.34315,0
0.34369,0
0.344256,0
0.344863,0
0.345526,0
0.34626,0
0.347053,0
0.347893,0
0.348769,0
0.349671,0
0.350586,0
0.351503,0
0.352411,0
0.353298,0
0.354154,0
0.354968,0
0.355727,0
0.356422,0
0.35704,0
0.357571,0
0.358034,0
0.358444,0
0.358822,0
0.359183,0
0.359546,0
0.359929,0
0.360333,0
0.360757,0
0.361203,0
0.361671,0
0.362161,0
0.362674,0
0.363231,0
0.363851,0
0.364523,0
0.365235,0
0.365976,0
0.366733,0
0.367494,0
0.368248,0
0.368984,0
0.369688,0
0.370351,0
0.370959,0
0.371515,0
0.372021,0
0.37248,0
0.372894,0
0.373262,0
0.373584,0
0.373858,0
0.374085,0
0.374262,0
0.37439,0
0.37449,0
0.374582,0
0.374687,0
0.374828,0
0.375024,0
0.375297,0
0.375637,0
0.376034,0
0.376479,0
0.376962,0
0.377474,0
0.378005,0
0.378545,0
0.379085,0
0.379616,0
0.380127,0
0.380608,0
0.381052,0
0.381447,0
0.381784,0
0.382084,0
0.382365,0
0.382649,0
0.382955,0
0.383303,0
0.383712,0
0.384204,0
0.384797,0
0.38548,0
0.386242,0
0.38707,0
0.387954,0
0.388882,0
0.389842,0
0.390823,0
0.391813,0
0.3928,0
0.393774,0
0.394722,0
0.395633,0
0.396495,0
0.397298,0
0.398038,0
0.398715,0
0.399325,0
0.399868,0
0.40034,0
0.400741,0
0.401069,0
0.40132,0
0.401494,0
0.401589,0
0.401608,0
0.401555,0
0.401433,0
0.401246,0
0.401004,0
0.400715,0
0.40039,0
0.400036,0
0.399665,0
0.399284,0
0.398904,0
0.398533,0
0.398167,0
0.397801,0
0.39743,0
0.39705,0
0.396656,0
0.396242,0
0.395804,0
0.395338,0
0.394858,0
0.394379,0
0.393917,0
0.393488,0
0.393105,0
0.392785,0
0.392541,0
0.392391,0
0.392348,0
0.392427,0
0.392621,0
0.392921,0
0.393319,0
0.393807,0
0.394376,0
0.395018,0
0.395725,0
0.396489,0
0.397299,0
0.398147,0
0.399023,0
0.399916,0
0.400818,0
0.401718,0
0.402607,0
0.403476,0
0.404315,0
0.405113,0
0.405862,0
0.406552,0
0.407173,0
0.407715,0
0.408194,0
0.408625,0
0.409023,0
0.409402,0
0.409779,0
0.410168,0
0.410583,0
0.411041,0
0.411557,0
0.412144,0
0.412819,0
0.413597,0
0.414461,0
0.415398,0
0.416393,0
0.41743,0
0.418495,0
0.419573,0
0.420649,0
0.421707,0
0.422734,0
0.423713,0
0.424631,0
0.425472,0
0.426255,0
0.426997,0
0.427715,0
0.428429,0
0.429156,0
0.429914,0
0.430721,0
0.431595,0
0.432553,0
0.433614,0
0.434763,0
0.435985,0
0.437267,0
0.438594,0
0.439951,0
0.441325,0
0.4427,0
0.444062,0
0.445398,0
0.446692,0
0.44793,0
0.449099,0
0.450183,0
0.451168,0
0.45204,0
0.452785,0
0.453388,0
0.453835,0
0.454152,0
0.454367,0
0.454505,0
0.454593,0
0.454658,0
0.454727,0
0.454825,0
0.454979,0
0.455216,0
0.455562,0
0.456007,0
0.456542,0
0.457156,0
0.457839,0
0.458582,0
0.459374,0
0.460214,0
0.461101,0
0.462032,0
0.463006,0
0.464022,0
0.465077,0
0.466154,0
0.467232,0
0.468295,0
0.469322,0
0.470327,0
0.471323,0
0.472324,0
0.473343,0
0.474392,0
0.475486,0
0.476638,0
0.47786,0
0.479166,0
0.480569,0
0.482058,0
0.483622,0
0.48525,0
0.48693,0
0.488653,0
0.490405,0
0.492177,0
0.493958,0
0.495735,0
0.497499,0
0.499238,0
0.500941,0
0.502603,0
0.504218,0
0.505781,0
0.507288,0
0.508732,0
0.510108,0
0.511411,0
0.512636,0
0.513778,0
0.514831,0
0.515811,0
0.51673,0
0.517605,0
0.518449,0
0.519264,0
0.520048,0
0.520802,0
0.521527,0
0.522223,0
0.522889,0
0.523532,0
0.524159,0
0.524776,0
0.525389,0
0.526005,0
0.52663,0
0.527256,0
0.527876,0
0.528482,0
0.529068,0
0.529624,0
0.530144,0
0.53062,0
0.531044,0
0.53141,0
0.531708,0
0.531944,0
0.532122,0
0.532245,0
0.532317,0
0.532342,0
0.532324,0
0.532259,0
0.532141,0
0.531967,0
0.53173,0
0.531427,0
0.531052,0
0.530602,0
0.53007,0
0.529453,0
0.528746,0
0.527944,0
0.527042,0
0.526091,0
0.525145,0
0.524254,0
0.523471,0
0.522787,0
0.522197,0
0.521694,0
0.52127,0
0.520919,0
0.520634,0
0.520409,0
0.520235,0
0.520114,0
0.520045,0
0.520029,0
0.520064,0
0.520152,0
0.520291,0
0.520468,0
0.520668,0
0.520875,0
0.521075,0
0.521254,0
0.521396,0
0.521488,0
0.521513,0
0.521458,0
0.521308,0
0.52108,0
0.520793,0
0.520464,0
0.520112,0
0.519753,0
0.519407,0
0.519091,0
0.518822,0
0.518619,0
0.518499,0
0.518453,0
0.518472,0
0.518547,0
0.518668,0
0.518827,0
0.519015,0
0.519221,0
0.519437,0
0.519654,0
0.519863,0
0.520067,0
0.520269,0
0.520473,0
0.520682,0
0.520901,0
0.521132,0
0.521378,0
0.521644,0
0.521926,0
0.522222,0
0.522528,0
0.522844,0
0.523165,0
0.523488,0
0.523813,0
0.524134,0
0.524451,0
0.524759,0
0.525061,0
0.525358,0
0.525649,0
0.525938,0
0.526213,0
0.526466,0
0.526687,0
0.526867,0
0.526996,0
0.527065,0
0.527064,0
0.526984,0
0.526815,0
0.526549,0
0.526174,0
0.525683,0
0.525109,0
0.524487,0
0.52385,0
0.523233,0
0.522671,0
0.522196,0
0.521803,0
0.521484,0
0.521231,0
0.521037,0
0.520895,0
0.520799,0
0.520746,0
0.520737,0
0.520772,0
0.520849,0
0.520969,0
0.52113,0
0.521325,0
0.521543,0
0.521776,0
0.522016,0
0.522254,0
0.52248,0
0.522686,0
0.522863,0
0.523002,0
0.523094,0
0.523131,0
0.523104,0
0.523019,0
0.522884,0
0.522705,0
0.522489,0
0.522234,0
0.521939,0
0.521601,0
0.521219,0
0.520791,0
0.520314,0
0.519788,0
0.519211,0
0.518579,0
0.517893,0
0.517166,0
0.516413,0
0.51565,0
0.514891,0
0.514152,0
0.513447,0
0.512775,0
0.512132,0
0.511517,0
0.510927,0
0.510361,0
0.509815,0
0.509289,0
0.508779,0
0.508286,0
0.507808,0
0.507344,0
0.506894,0
0.506451,0
0.506005,0
0.505551,0
0.50508,0
0.504584,0
0.504055,0
0.503487,0
0.50287,0
0.502198,0
0.501463,0
0.500657,0
0.499772,0
0.498818,0
0.497801,0
0.496732,0
0.495617,0
0.494466,0
0.493288,0
0.49209,0
0.490881,0
0.489669,0
0.488464,0
0.487272,0
0.486104,0
0.484951,0
0.483807,0
0.482664,0
0.481516,0
0.480356,0
0.479176,0
0.477969,0
0.476729,0
0.475448,0
0.474119,0
0.472769,0
0.471424,0
0.470109,0
0.468852,0
0.46764,0
0.466461,0
0.465303,0
0.464154,0
0.463003,0
0.461837,0
0.460645,0
0.459414,0
0.458157,0
0.456886,0
0.455614,0
0.454353,0
0.453116,0
0.451915,0
0.450762,0
0.449669,0
0.44865,0
0.447716,0
0.446846,0
0.446018,0
0.445211,0
0.444404,0
0.443575,0
0.442702,0
0.441765,0
0.440741,0
0.439645,0
0.438491,0
0.437294,0
0.436067,0
0.434825,0
0.433583,0
0.432354,0
0.431153,0
0.429994,0
0.42889,0
0.427832,0
0.426806,0
0.425802,0
0.424808,0
0.423813,0
0.422804,0
0.421771,0
0.420701,0
0.419584,0
0.418408,0
0.417161,0
0.415831,0
0.414408,0
0.41288,0
0.411235,0
0.409461,0
0.4076,0
0.405689,0
0.403768,0
0.401878,0
0.400057,0
0.398345,0
0.396782,0
0.395407,0
0.394191,0
0.393108,0
0.392129,0
0.391226,0
0.390372,0
0.389538,0
0.388698,0
0.387822,0
0.386883,0
0.385853,0
0.384705,0
0.38341,0
0.381941,0
0.380271,0
0.378471,0
0.376614,0
0.374774,0
0.373022,0
0.371352,0
0.369755,0
0.368224,0
0.366751,0
0.365329,0
0.36395,0
0.362606,0
0.36129,0
0.359995,0
0.358712,0
0.357464,0
0.356271,0
0.355156,0
0.35414,0
0.35322,0
0.352396,0
0.351664,0
0.351022,0
0.350469,0
0.350001,0
0.349624,0
0.349339,0
0.349151,0
0.349063,0
0.349061,0
0.349129,0
0.349253,0
0.349418,0
0.34961,0
0.349813,0
0.350014,0
0.350197,0
0.350349,0
0.350453,0
0.35051,0
0.350517,0
0.350473,0
0.350378,0
0.350229,0
0.350026,0
0.349767,0
0.349451,0
0.349072,0
0.34862,0
0.348091,0
0.347475,0
0.346767,0
0.345959,0
0.345044,0
0.344014,0
0.342863,0
0.341584,0
0.340213,0
0.338786,0
0.337339,0
0.335909,0
0.334533,0
0.333246,0
0.332039,0
0.330906,0
0.329836,0
0.328822,0
0.327856,0
0.326928,0
0.32603,0
0.325154,0
0.324317,0
0.323534,0
0.322823,0
0.322201,0
0.321683,0
0.321286,0
0.320999,0
0.320809,0
0.320704,0
0.320673,0
0.320702,0
0.320781,0
0.320898,0
0.321039,0
0.321194,0
0.32135,0
0.321499,0
0.321634,0
0.321746,0
0.321829,0
0.321873,0
0.32187,0
0.321814,0
0.321696,0
0.321508,0
0.321243,0
0.320892,0
0.320448,0
0.319902,0
0.319248,0
0.318476,0
0.31758,0
0.316623,0
0.315669,0
0.314782,0
0.314027,0
0.313391,0
0.312864,0
0.312435,0
0.312093,0
0.311825,0
0.311622,0
0.311492,0
0.311444,0
0.311486,0
0.311628,0
0.311878,0
0.312245,0
0.312738,0
0.313366,0
0.314138,0
0.315061,0
0.316114,0
0.31727,0
0.318507,0
0.319801,0
0.321128,0
0.322463,0
0.323784,0
0.325065,0
0.326284,0
0.327417,0
0.328439,0
0.329326,0
0.330056,0
0.330604,0
0.330947,0
0.33106,0
0.33099,0
0.330786,0
0.330494,0
0.330162,0
0.329836,0
0.329563,0
0.329391,0
0.329367,0
0.329471,0
0.329685,0
0.329988,0
0.330362,0
0.330788,0
0.331246,0
0.331717,0
0.332182,0
0.332622,0
0.333017,0
0.333349,0
0.333597,0
0.333808,0
0.334026,0
0.334295,0
0.33466,0
0.335165,0
0.335856,0
0.336717,0
0.33773,0
0.338879,0
0.34015,0
0.341524,0
0.342987,0
0.344522,0
0.346112,0
0.347743,0
0.349396,0
0.351057,0
0.352708,0
0.354335,0
0.355921,0
0.357449,0
0.358903,0
0.360268,0
0.361527,0
0.362665,0
0.363664,0
0.364509,0
0.365185,0
0.365673,0
0.36596,0
0.36606,0
0.365989,0
0.365763,0
0.365397,0
0.364906,0
0.364307,0
0.363615,0
0.362846,0
0.362006,0
0.361104,0
0.360146,0
0.359141,0
0.358095,0
0.357016,0
0.355911,0
0.354788,0
0.353649,0
0.352498,0
0.351337,0
0.35017,0
0.348998,0
0.347826,0
0.346656,0
0.345492,0
0.344335,0
0.34319,0
0.342058,0
0.340943,0
0.339843,0
0.338755,0
0.337675,0
0.336603,0
0.335535,0
0.334468,0
0.333401,0
0.332331,0
0.331254,0
0.33017,0
0.329087,0
0.328017,0
0.326971,0
0.325959,0
0.324992,0
0.32408,0
0.323234,0
0.322464,0
0.321781,0
0.321196,0
0.320699,0
0.32028,0
0.319928,0
0.319635,0
0.31939,0
0.319184,0
0.319007,0
0.318848,0
0.318698,0
0.318548,0
0.318393,0
0.318231,0
0.318058,0
0.317871,0
0.317666,0
0.31744,0
0.317189,0
0.316911,0
0.316602,0
0.316259,0
0.315892,0
0.315511,0
0.315126,0
0.314749,0
0.31439,0
0.314059,0
0.313766,0
0.313521,0
0.313319,0
0.313152,0
0.313013,0
0.312896,0
0.312794,0
0.3127,0
0.312607,0
0.312509,0
0.312399,0
0.31227,0
0.312115,0
0.311928,0
0.311714,0
0.311477,0
0.311224,0
0.310958,0
0.310686,0
0.310413,0
0.310132,0
0.309839,0
0.309528,0
0.309193,0
0.308829,0
0.30843,0
0.308001,0
0.307546,0
0.307069,0
0.306574,0
0.306066,0
0.305547,0
0.305014,0
0.30446,0
0.303879,0
0.303266,0
0.302615,0
0.30192,0
0.301176,0
0.300377,0
0.299518,0
0.298592,0
0.297607,0
0.296569,0
0.295485,0
0.294362,0
0.293206,0
0.292025,0
0.290825,0
0.289613,0
0.288396,0
0.28718,0
0.285972,0
0.284779,0
0.283595,0
0.282414,0
0.28123,0
0.280037,0
0.278829,0
0.277601,0
0.276347,0
0.275064,0
0.273745,0
0.272386,0
0.270983,0
0.26953,0
0.268024,0
0.266459,0
0.26483,0
0.263133,0
0.261375,0
0.259562,0
0.257702,0
0.255801,0
0.253866,0
0.251905,0
0.249924,0
0.24793,0
0.24593,0
0.243931,0
0.241944,0
0.23998,0
0.23805,0
0.236164,0
0.234335,0
0.232572,0
0.230865,0
0.229205,0
0.22758,0
0.225979,0
0.224394,0
0.222812,0
0.221223,0
0.219618,0
0.217986,0
0.216315,0
0.214614,0
0.21289,0
0.21115,0
0.209401,0
0.20765,0
0.205905,0
0.204173,0
0.202461,0
0.200777,0
0.199127,0
0.19752,0
0.195961,0
0.194459,0
0.19302,0
0.191634,0
0.190288,0
0.188972,0
0.187674,0
0.186383,0
0.185088,0
0.183777,0
0.182439,0
0.181063,0
0.179637,0
0.178172,0
0.176679,0
0.175169,0
0.173651,0
0.172138,0
0.170639,0
0.169165,0
0.167728,0
0.166337,0
0.165003,0
0.16372,0
0.162482,0
0.161283,0
0.160117,0
0.158976,0
0.157856,0
0.15675,0
0.155652,0
0.154559,0
0.153472,0
0.152388,0
0.151307,0
0.150225,0
0.149143,0
0.148058,0
0.14697,0
0.145874,0
0.144766,0
0.143644,0
0.142502,0
0.141348,0
0.140185,0
0.139019,0
0.137857,0
0.136703,0
0.135562,0
0.134428,0
0.133293,0
0.132149,0
0.13099,0
0.129809,0
0.128597,0
0.127348,0
0.126055,0
0.124709,0
0.123305,0
0.121852,0
0.120363,0
0.118847,0
0.117316,0
0.115782,0
0.114254,0
0.112744,0
0.111264,0
0.109823,0
0.108433,0
0.107105,0
0.105851,0
0.104663,0
0.103535,0
0.102463,0
0.101439,0
0.100458,0
0.0995137,0
0.0985998,0
0.0977104,0
0.0968395,0
0.0959811,0
0.0951291,0
0.0942774,0
0.0934201,0
0.0925511,0
0.0916712,0
0.0907814,0
0.0898824,0
0.0889752,0
0.0880605,0
0.0871393,0
0.0862123,0
0.0852806,0
0.0843395,0
0.0833848,0
0.082412,0
0.0814167,0
0.0803947,0
0.0793413,0
0.0782523,0
0.0771233,0
0.0759499,0
0.0747277,0
0.0734625,0
0.0721601,0
0.0708262,0
0.0694666,0
0.0680871,0
0.0666935,0
0.0653221,0
0.0640095,0
0.062734,0
0.0614743,0
0.0602302,0
0.0590017,0
0.0577889,0
0.0565916,0
0.0554099,0
0.0542437,0
0.0530931,0
0.0519578,0
0.050838,0
0.0497337,0
0.0486447,0
0.047571,0
0.0465127,0
0.0454696,0
0.0444418,0
0.0434292,0
0.0424318,0
0.0414496,0
0.0404824,0
0.0395304,0
0.0385934,0
0.0376714,0
0.0367645,0
0.0358725,0
0.0349954,0
0.0341331,0
0.0332858,0
0.0324532,0
0.0316354,0
0.0308323,0
0.030044,0
0.0292702,0
0.0285112,0
0.0277667,0
0.0270367,0
0.0263212,0
0.0256203,0
0.0249337,0
0.0242615,0
0.0236037,0
0.0229602,0
0.022331,0
0.021716,0
0.0211152,0
0.0205286,0
0.019956,0
0.0193975,0
0.0188531,0
0.0183226,0
0.0178061,0
0.0173034,0
0.0168147,0
0.0163397,0
0.0158785,0
0.015431,0
0.0149972,0
0.014577,0
0.0141705,0
0.0137774,0
0.0133979,0
0.0130318,0
0.0126791,0
0.0123398,0
0.0120138,0
0.0117011,0
0.0114016,0
0.0111152,0
0.010842,0
0.0105819,0
0.0103348,0
0.0101007,0
0.00987948,0
0.00967117,0
0.00947569,0
0.009293,0
0.00912305,0
0.00896579,0
0.00882116,0
0.0086891,0
0.00856958,0
0.00846255,0
0.00836795,0
0.00828573,0
0.00821584,0
0.00815822,0
0.00811282,0
0.00807959,0
0.00805849,0
0.00804945,0
0.00805242,0
0.00806734,0
0.00809417,0
0.00813285,0
0.00818333,0
0.00824555,0
0.00831945,0
0.00840499,0
0.00850209,0
0.00861073,0
0.00873083,0
0.00886234,0
0.0090052,0
0.00915935,0
0.00932474,0
0.00950132,0
0.00968903,0
0.0098878,0
0.0100976,0
0.0103183,0
0.0105499,0
0.0107924,0
0.0110457,0
0.0113096,0
0.0115843,0
0.0118695,0
0.0121653,0
0.0124715,0
0.0127882,0
0.0131152,0
0.0134526,0
0.0138002,0
0.0141579,0
0.0145258,0
0.0149038,0
0.0152918,0
0.0156897,0
0.0160974,0
0.016515,0
0.0169423,0
0.0173794,0
0.017826,0
0.0182823,0
0.018748,0
0.0192232,0
0.0197077,0
0.0202016,0
0.0207047,0
0.021217,0
0.0217384,0
0.0222689,0
0.0228084,0
0.0233568,0
0.0239141,0
0.0244802,0
0.025055,0
0.0256385,0
0.0262306,0
0.0268312,0
0.0274403,0
0.0280578,0
0.0286836,0
0.0293177,0
0.0299601,0
0.0306105,0
0.0312691,0
0.0319356,0
0.0326101,0
0.0332925,0
0.0339827,0
0.0346806,0
0.0353862,0
0.0360994,0
0.0368201,0
0.0375483,0
0.0382839,0
0.0390269,0
0.0397771,0
0.0405345,0
0.0412991,0
0.0420707,0
0.0428493,0
0.0436348,0
0.0444271,0
0.0452263,0
0.0460322,0
0.0468447,0
0.0476638,0
0.0484894,0
0.0493215,0
0.0501599,0
0.0510046,0
0.0518556,0
0.0527127,0
0.0535759,0
0.0544451,0
0.0553202,0
0.0562013,0
0.0570881,0
0.0579807,0
0.0588789,0
0.0597828,0
0.0606921,0
0.061607,0
0.0625272,0
0.0634527,0
0.0643834,0
0.0653193,0
0.0662603,0
0.0672064,0
