0
0
0.000186599
-0.0010501
-0.000626872
-7.83038e-05
-0.000846048
-0.000540191
-0.00245478
-0.00274959
-0.00284306
-0.00299819
-0.00152617
-0.0032068
-0.00353689
-0.00381421
-0.00416061
-0.00203396
-0.00209051
-0.00144604
-0.00149043
-0.00237024
-0.00122056
-0.000686172
0.00095914
0.00187723
0.00127629
0.00234375
0.00208378
0.00335281
0.00523379
0.00553218
0.00665273
0.00583266
0.00608456
0.00680152
0.00665324
0.00799378
0.00730205
0.00683762
0.00681946
0.00564891
0.00607604
0.00426282
0.00295046
0.00129992
-0.000983587
-0.00106908
-0.00273164
-0.00350617
-0.00453202
-0.00661131
-0.00625515
-0.00704324
-0.00683283
-0.00673262
-0.00796447
-0.00773752
-0.00912921
-0.00839579
-0.00738804
-0.00784224
-0.00642242
-0.00681439
-0.00562622
-0.00418582
-0.00349077
-0.00182685
-0.00183039
-0.000395903
0.00100896
0.00206658
0.0044522
0.00461727
0.00589776
0.00730372
0.00761757
0.00955213
0.00979088
0.0106477
0.0107057
0.00975455
0.0109429
0.0102296
0.0107486
0.0114002
0.00943581
0.00903678
0.00675651
0.00608105
0.00448175
0.00262586
0.00176525
-0.00105812
-0.00331155
-0.00513522
-0.00847618
-0.010598
-0.0133283
-0.0154398
-0.0172393
-0.0189066
-0.0192328
-0.0209139
-0.0213306
-0.0205772
-0.021218
-0.0189217
-0.0179139
-0.0160491
-0.0134997
-0.0120913
-0.00843007
-0.00672633
-0.00366186
-0.000386878
0.00177433
0.00616279
0.00834813
0.0107465
0.0129068
0.013565
0.0161351
0.0167014
0.0182517
0.0196624
0.0187377
0.0197685
0.0184939
0.0183617
0.0172065
0.0149745
0.0145669
0.0129302
0.0118937
0.0106009
0.0078195
0.00666637
0.00452335
0.00384809
0.00353009
0.00114077
0.000714181
-0.00135445
-0.00230159
-0.00272699
-0.00440596
-0.00462357
-0.00599912
-0.00670834
-0.00682829
-0.00797203
-0.00768589
-0.00914554
-0.00961703
-0.00945572
-0.00988026
-0.0089991
-0.00933101
-0.00890541
-0.0077925
-0.00720814
-0.00512098
-0.00492906
-0.00357882
-0.00182286
-0.000449309
0.00214675
0.00346452
0.00501596
0.00651758
0.00758259
0.0102069
0.0108531
0.0120404
0.0127925
0.0122442
0.0131526
0.0128772
0.0135012
0.0141427
0.0133355
0.0133868
0.0116686
0.0105216
0.00904718
0.0058506
0.00445057
0.00153244
-0.000309868
-0.00177557
-0.00461487
-0.0062788
-0.00895642
-0.0106023
-0.0109496
-0.0120976
-0.0112147
-0.0123881
-0.0124362
-0.011271
-0.0109655
-0.00813502
-0.00688541
-0.00537948
-0.00369675
-0.00338885
0.000115885
0.00232691
0.00506984
0.00828045
0.00913902
0.0112286
0.0114279
0.0127023
0.0143754
0.014626
0.0162339
0.0150947
0.0141618
0.0140958
0.0121473
0.0117827
0.00974864
0.00909125
0.00728755
0.00456972
0.00378689
0.0013184
-0.000102896
-0.000500689
-0.00271718
-0.0033183
-0.00468961
-0.0053473
-0.00591059
-0.00681114
-0.0068025
-0.00784431
-0.008184
-0.00770671
-0.00894213
-0.00874637
-0.00902529
-0.0088017
-0.00777162
-0.00759706
-0.00616656
-0.0062992
-0.00548555
-0.00341514
-0.0032065
-0.00102671
-0.000591478
-8.74218e-05
0.00130676
0.00132386
0.00371464
0.00476473
0.00598582
0.00699702
0.00619187
0.0076809
0.00826331
0.00923063
0.0105958
0.0098652
0.0105791
0.00981579
0.00956438
0.0104439
0.00943237
0.0105562
0.00938009
0.00862039
0.00835806
0.00723227
0.00729735
0.00646856
0.00537444
0.00473777
0.00231674
0.00260721
0.00211429
0.00149918
0.00223917
0.000476733
0.000507303
-0.00135203
-0.00191093
-0.00157844
-0.00257931
-0.000760977
-0.000640242
8.82977e-05
0.00147812
0.000784298
0.00258736
0.00284244
0.00450342
0.00662605
0.00778643
0.0100582
0.0107683
0.0120669
0.01344
0.0135773
0.0154969
0.0159298
0.0164654
0.0165741
0.0156097
0.0150417
0.01439
0.0136573
0.0131886
0.010806
0.00968116
0.00727469
0.00513142
0.00500482
0.00263607
0.00145079
-0.000871786
-0.00315195
-0.0043468
-0.00632561
-0.00593655
-0.00706463
-0.00761743
-0.00748838
-0.00874609
-0.00786993
-0.00702046
-0.00581211
-0.00424494
-0.00414736
-0.00175871
-0.00103698
0.000245837
0.00245043
0.00300504
0.00437491
0.00574395
0.00700862
0.00729783
0.00649806
0.00755398
0.00651254
0.00572108
0.00570575
0.0042065
0.00265243
0.00139037
0.00014284
-0.000509952
-0.00299593
-0.00361711
-0.00594055
-0.00864183
-0.0102774
-0.0127888
-0.0130988
-0.0143923
-0.0152596
-0.0165439
-0.0196196
-0.0200593
-0.0214402
-0.0216404
-0.0204308
-0.0227811
-0.0236717
-0.0274747
-0.0295261
-0.0310368
-0.0322494
-0.0307827
-0.0322239
-0.0349972
-0.0363232
-0.0393452
-0.040323
-0.0411139
-0.0413184
-0.0412608
-0.0419643
-0.0413065
-0.0421538
-0.0416894
-0.0406307
-0.0415024
-0.0405154
-0.0389404
-0.0378502
-0.0352886
-0.0343604
-0.031672
-0.030991
-0.0283545
-0.0244577
-0.0222156
-0.0174538
-0.0138301
-0.0096022
-0.00530724
-0.00277306
0.00162146
0.00373681
0.00667243
0.0109617
0.014475
0.0190146
0.0222373
0.024894
0.0283935
0.0301671
0.0328796
0.0343716
0.0342587
0.0354438
0.0348854
0.0358489
0.0359702
0.0366073
0.039113
0.0380822
0.0387021
0.038316
0.0374478
0.0381847
0.0376954
0.0381109
0.0359191
0.0338952
0.0326051
0.0307996
0.0292044
0.026926
0.0238888
0.0210644
0.0170354
0.0130638
0.00923435
0.00480855
0.000666467
-0.00445515
-0.00886396
-0.0127986
-0.0177542
-0.0190367
-0.0221589
-0.0234929
-0.0224628
-0.0216395
-0.017721
-0.0169892
-0.0142906
-0.0105205
-0.00671825
0.000869596
0.00472273
0.0115734
0.0174177
0.0226637
0.0300868
0.0355144
0.0417153
0.0466954
0.0511797
0.0573097
0.0596564
0.0650882
0.0683055
0.0702658
0.0713951
0.0736778
0.0767456
0.0733069
0.0718886
0.0741315
0.0707947
0.0662927
0.0586843
0.052804
0.0444315
0.0352501
0.0319764
0.0230043
0.0144312
0.0109543
0.00515838
0.00315368
0.00498408
0.00695369
0.0145894
0.0251662
0.0417235
0.0526425
0.0640148
0.0804613
0.0956225
0.105301
0.112503
0.124425
0.135691
0.143445
0.161266
0.1759
0.188685
0.208344
0.226561
0.242642
0.254412
0.262206
0.266295
0.261763
0.25488
0.241715
0.223428
0.201465
0.177046
0.15613
0.125172
0.0932594
0.0591165
0.0294243
0.00191599
-0.0387659
-0.0777427
-0.111122
-0.152663
-0.191622
-0.23117
-0.262105
-0.286605
-0.315873
-0.342681
-0.364428
-0.385374
-0.405509
-0.420302
-0.428781
-0.449247
-0.465503
-0.472467
-0.479569
-0.476474
-0.462472
-0.444773
-0.424906
-0.398969
-0.366862
-0.336577
-0.303047
-0.263797
-0.227054
-0.187449
-0.158146
-0.138551
-0.12468
-0.129495
-0.133609
-0.144406
-0.156443
-0.176521
-0.202337
-0.224914
-0.250569
-0.273526
-0.292491
-0.305895
-0.311145
-0.309435
-0.306114
-0.290917
-0.267406
-0.246997
-0.222428
-0.189137
-0.147442
-0.0970171
-0.0396616
0.0227735
0.0930681
0.173867
0.259334
0.35453
0.447296
0.536269
0.625299
0.704771
0.777146
0.838896
0.889274
0.932578
0.96758
0.991446
1.0013
1.00372
1.00918
1.01979
1.02512
1.02075
1.00303
0.968608
0.905813
0.821501
0.713758
0.598046
0.476372
0.342046
0.223071
0.117504
0.0278551
-0.0429317
-0.102776
-0.150918
-0.18572
-0.206248
-0.22086
-0.237179
-0.251753
-0.26362
-0.275862
-0.290588
-0.3121
-0.329896
-0.359928
-0.402728
-0.441677
-0.486693
-0.541321
-0.60312
-0.668778
-0.735009
-0.798742
-0.850602
-0.891681
-0.92027
-0.941304
-0.976615
-1.02264
-1.07318
-1.11873
-1.15563
-1.17636
-1.18713
-1.19609
-1.20004
-1.20577
-1.21599
-1.23619
-1.28185
-1.34691
-1.42473
-1.51413
-1.6099
-1.70618
-1.78899
-1.845
-1.86712
-1.83853
-1.75645
-1.614
-1.3985
-1.11627
-0.761868
-0.345533
0.11498
0.597639
1.0807
1.55295
1.9968
2.3938
2.73951
3.02418
3.2489
3.41415
3.52712
3.59658
3.62841
3.63076
3.59731
3.54687
3.47205
3.34906
3.22473
3.13929
3.0687
3.00533
2.94537
2.87452
2.78165
2.65615
2.50238
2.32086
2.10292
1.84469
1.5505
1.21914
0.844604
0.432248
-0.00869892
-0.473045
-0.94346
-1.42292
-1.89833
-2.35106
-2.78657
-3.19781
-3.57539
-3.91322
-4.21214
-4.46258
-4.6518
-4.78968
-4.86788
-4.89007
-4.83796
-4.71924
-4.5338
-4.28091
-3.98121
-3.64988
-3.29125
-2.90034
-2.48108
-2.03709
-1.57379
-1.09763
-0.626456
-0.163562
0.282615
0.711634
1.12438
1.51656
1.89275
2.24453
2.57123
2.87615
3.1638
3.41841
3.63559
3.81597
3.94594
4.01484
4.01882
3.95491
3.81739
3.59949
3.30012
2.91779
2.44514
1.88729
1.25704
0.562843
-0.166721
-0.907303
-1.63409
-2.30179
-2.89946
-3.41216
-3.8072
-4.08092
-4.23724
-4.26249
-4.15391
-3.93969
-3.63898
-3.26034
-2.78611
-2.17631
-1.46594
-0.676689
0
