0
1
2
3
4
5
6
7
8
9
10
11
12
13
14
15
16
17
18
19
20
21
22
23
24
25
26
27
28
29
30
31
32
33
34
35
36
37
38
39
40
41
42
43
44
45
46
47
48
49
50
51
52
53
54
55
56
57
58
59
60
61
62
63
64
65
66
67
68
69
70
71
72
73
74
75
76
77
78
79
80
81
82
83
84
85
86
87
88
89
90
91
92
93
94
96
97
98
99
100
101
102
103
104
105
106
107
108
109
110
111
113
114
116
117
118
120
121
122
123
124
125
126
127
128
129
130
131
132
133
134
135
136
137
138
139
140
141
142
143
144
145
146
147
148
149
150
151
152
153
154
155
156
157
158
159
160
161
162
163
164
165
166
167
168
169
170
171
172
173
174
175
176
177
178
179
180
181
182
183
184
185
186
187
188
190
191
192
193
194
195
196
197
198
199
200
201
202
203
204
205
206
207
208
209
210
212
213
214
216
217
218
219
220
221
222
223
224
225
226
227
228
229
230
231
232
233
234
235
236
237
238
239
240
241
242
243
244
245
246
247
248
249
250
251
252
253
254
255
256
257
258
259
260
261
262
263
264
265
266
267
268
269
270
271
272
273
274
275
276
277
278
279
280
281
282
283
284
285
286
287
288
289
290
291
292
293
294
295
296
297
298
299
300
301
302
303
304
305
306
307
308
309
310
311
312
313
314
315
316
317
318
319
320
321
322
323
324
325
326
327
328
329
330
331
332
333
334
335
336
337
338
339
340
341
342
343
344
345
346
347
348
349
350
351
352
353
354
355
356
357
358
359
360
361
362
363
364
365
366
367
368
369
370
371
373
374
375
376
377
378
379
381
382
383
384
385
386
387
388
390
391
392
393
394
395
396
397
398
399
400
401
402
403
404
405
406
407
408
410
411
413
415
416
418
419
421
422
423
425
426
428
429
430
432
433
434
435
436
437
438
439
440
441
442
443
444
445
446
447
448
449
450
451
452
453
454
455
457
458
460
461
463
465
466
468
470
471
473
474
476
477
478
479
481
482
483
485
486
489
490
493
495
497
500
502
504
506
508
510
511
513
514
515
516
517
519
521
522
523
525
527
530
532
535
538
539
542
545
547
549
550
551
552
555
559
564
568
572
578
583
586
589
593
597
600
606
611
615
622
628
633
637
640
642
644
647
651
658
665
673
680
691
701
713
723
732
746
759
770
784
797
810
820
829
838
847
855
862
869
874
877
884
889
892
894
896
901
907
914
922
933
943
954
967
980
993
1003
1009
1014
1016
1018
1022
1026
1033
1042
1049
1058
1065
1072
1076
1078
1079
1081
1086
1094
1101
1109
1120
1134
1151
1170
1191
1214
1241
1270
1302
1333
1362
1392
1418
1443
1463
1480
1494
1506
1514
1517
1518
1520
1524
1526
1528
1534
1546
1567
1595
1631
1669
1710
1755
1794
1830
1860
1883
1903
1919
1931
1938
1943
1948
1953
1957
1961
1966
1974
1980
1990
2004
2017
2032
2050
2071
2093
2115
2136
2154
2167
2177
2184
2196
2211
2228
2243
2256
2263
2266
2269
2271
2273
2277
2284
2299
2321
2347
2376
2408
2441
2468
2487
2494
2504
2532
2579
2651
2745
2863
3002
3156
3316
3477
3635
3783
3915
4030
4125
4200
4255
4293
4316
4327
4328
4340
4357
4382
4423
4464
4493
4516
4537
4557
4581
4612
4654
4705
4765
4838
4924
5022
5133
5258
5395
5542
5697
5854
6013
6172
6323
6468
6605
6731
6844
6943
7027
7090
7136
7162
7169
7187
7227
7289
7373
7473
7583
7703
7833
7973
8121
8275
8434
8591
8745
8894
9037
9175
9305
9431
9548
9657
9759
9854
9939
10012
10072
10115
10138
10140
10162
10208
10281
10381
10508
10666
10852
11062
11293
11536
11783
12025
12248
12447
12618
12750
12841
12893
12902
12940
13011
13111
13237
13396
13599
13836
