0.00806594
0.00734782
0.00838304
0.00908208
0.00919008
0.00682807
0.00800395
0.00716901
0.00698209
0.00702596
0.00815582
0.00889087
0.00729203
0.0077858
0.00705409
0.00962305
0.00747204
0.00763297
0.00696802
0.00689006
0.00689602
0.00711799
0.00969505
0.00782299
0.00787592
0.00758219
0.00911689
0.00770307
0.00789809
0.00690103
0.00935602
0.00687099
0.0089848
0.00732303
0.00738287
0.00687718
0.00855088
0.00763702
0.00755095
0.00700998
0.00750399
0.00732708
0.00784397
0.00946093
0.00779104
0.00686097
0.00823998
0.00918984
0.00742316
0.00713587
0.00710702
0.00933981
0.0077908
0.00840378
0.00702286
0.00742698
0.00696611
0.0071981
0.00684881
0.007056
0.00698996
0.00786209
0.0076952
0.007442
0.00749803
0.00748897
0.00762892
0.00699401
0.00858498
0.00705194
0.00781703
0.00889897
0.00882912
0.00690699
0.00815797
0.0073638
0.00824809
0.00849795
0.00815797
0.0068481
0.00705099
0.0071249
0.00690293
0.00920391
0.00745296
0.00759315
0.00704312
0.00748801
0.007442
0.00711393
0.00713301
0.00680995
0.00706005
0.00749588
0.00779986
0.00768089
0.00880694
0.0071981
0.00783896
0.00865698
0.00883794
0.00783896
0.00685596
0.00697494
0.00729609
0.00712299
0.00704908
0.00716901
0.00732994
0.0069201
0.00715399
0.00733995
0.006814
0.0069139
0.00735617
0.00733089
0.00691199
0.00687695
0.00760794
0.00742412
0.00694394
0.00707293
0.00686502
0.00699615
0.00687408
0.00730515
0.00682807
0.00753808
0.00684595
0.00738692
0.00724602
0.00686717
0.00682497
0.0071249
0.00700402
0.00701594
0.00725985
0.00729203
0.00696206
0.00740409
0.00736594
0.00732493
0.00719285
0.00743198
0.00882816
0.00726414
0.00687599
0.00753689
0.00735307
0.00749707
0.00749898
0.00739789
0.00748301
0.00750709
0.0075779
0.00805593
0.00704002
0.008008
0.00747895
0.00768209
0.00724602
0.00766492
0.007478
0.00946999
0.00738692
0.00732303
0.00757384
0.00740194
0.00750899
0.00733399
0.00708199
0.00748587
0.0074029
0.00817895
0.00750089
0.00829887
0.00837183
0.00705695
0.00765014
0.00718999
0.00716901
0.00713491
0.00741982
0.00758195
0.00716901
0.00882196
0.00751019
0.00746799
0.00735402
0.00891399
0.00767899
0.00829506
0.00715518
0.00697398
0.00754285
0.00785995
0.00745606
0.00752592
0.00762486
0.00737691
0.00737906
0.00690913
0.00790906
0.00680208
0.00693011
0.00717711
0.00729108
0.00736403
0.00747204
0.00874901
0.00734591
0.00785804
0.00778294
0.00831485
0.007375
0.00762701
0.00717807
0.00748014
0.00715399
0.00729203
0.00702596
0.00737596
0.00729799
0.00711203
0.00705981
0.00721097
0.00703502
0.0067482
0.00734496
0.00733399
0.00722218
0.00690103
0.00806189
0.00805497
0.00736117
0.007442
0.00720191
0.00736117
0.00734997
0.00766516
0.00760388
0.00762486
0.007411
0.00773907
0.00742292
0.0086832
0.00750494
0.00860596
0.00760198
0.00804591
0.00772095
0.0072
0.00752401
0.00759578
0.007797
0.00747919
0.00872588
0.00887895
0.0076952
0.00700307
0.00764799
0.0085721
0.0088141
0.00819206
0.00856304
0.00742793
0.0076499
0.00773883
0.00753403
0.00746298
0.00686002
0.00773478
0.00681806
0.00768805
0.00733614
0.00789285
0.00846004
0.00746608
0.00789905
0.00745511
0.00736284
0.00729299
0.00756288
0.00893807
0.00746799
0.00743198
0.00760198
0.00796103
0.007411
0.00724006
0.00886393
0.00722408
0.00742197
0.00697803
0.00765491
0.00759506
0.00884795
0.00680804
0.00703216
0.00693679
0.00692201
0.00684118
0.00713778
0.00730515
0.00715208
0.00738382
0.00716805
0.00686407
0.00675797
0.00683689
0.00714493
0.00745201
0.00682092
0.00773191
0.00761795
0.007025
0.00705409
0.00821519
0.00760508
0.00750494
0.00737906
0.00799203
0.00778079
0.0078311
0.00883985
0.0073719
0.00682187
0.00695086
0.0071559
0.00893593
0.00713587
0.006814
0.00675583
0.00786805
0.00904799
0.00702715
0.00734806
0.00751901
0.00736308
0.00809097
0.0081861
0.00743008
0.00776887
0.00743794
0.00949621
0.00731301
0.0092001
0.00709891
0.00679111
0.00717282
0.00711322
0.00714421
0.00760102
0.00801086
0.00686502
0.00701904
0.00764012
0.0077529
0.00725293
0.00756192
0.00896001
0.0072639
0.00717402
0.00706697
0.00801897
0.00696087
0.00737596
0.00683594
0.00704718
0.007128
0.00772023
0.0073421
0.00736308
0.00826979
0.00814486
0.00718498
0.00758886
0.00696397
0.00725579
0.00742602
0.00778413
0.00829506
0.00700283
0.00734901
0.00736308
0.00759411
0.00763392
0.00836015
0.00731206
0.00714707
0.00718284
0.00969601
0.00862408
0.00707889
0.00820112
0.00940108
0.00737882
0.00697899
0.0101349
0.00785708
0.00838304
0.00683999
0.006989
0.00778103
0.00682712
0.00977015
0.00741696
0.00753999
0.00685596
0.00941515
0.00771093
0.00858688
0.00724792
0.00932693
0.00720906
0.00710511
0.00686908
0.00723791
0.00720286
0.00777292
0.00751615
0.00727296
0.00791907
0.0109921
0.00754499
0.00686407
0.00689411
0.00746298
0.00725007
0.00702882
0.00766397
0.00731707
0.00860214
0.00690603
0.00698209
0.00803399
0.00866199
0.00836802
0.00761199
0.00752211
0.00728416
0.00720501
0.00758815
0.00716209
0.00737906
0.00721192
0.00685906
0.00756907
0.00748515
0.00738001
0.00842309
0.00748014
0.00730205
0.00738001
0.00794315
0.0068109
0.00796103
0.00871897
0.00728893
0.00692201
0.00798202
0.0068171
0.00726414
0.00824904
0.0068562
0.00878596
0.00699902
0.00886703
0.00852203
0.00835395
0.0069828
0.00770617
0.00900316
0.0100992
0.00711703
0.00686884
0.00753689
0.00718594
0.0068152
0.00709796
0.00716496
0.00751686
0.00720406
0.00762701
0.0067091
0.00680304
0.00689507
0.00685406
0.00811291
0.00690317
0.00683904
0.00728893
0.00691414
0.00687003
0.00677991
0.00695705
0.00729299
0.00733399
0.00701904
0.00704002
0.007375
0.00696993
0.00734115
0.00788307
0.008564
0.00852108
0.00739908
0.00704312
0.00942898
0.0088048
0.00738716
0.00736904
0.00756288
0.00752687
0.00834012
0.00752497
0.00781918
0.00764298
0.00772882
0.00735998
0.00736117
0.00737286
0.00742602
0.00764704
0.00789213
0.00735307
0.00706482
0.00690603
0.00780892
0.00757098
0.00764585
0.00742602
0.00884604
0.00733304
0.00795913
0.00814199
0.00733995
0.00814795
0.00798702
0.00734401
0.00743389
0.00788498
0.00733995
0.00734591
0.00741196
0.00826907
0.00730419
0.0075562
0.00722194
0.00731611
0.00845003
0.00777793
0.00675917
0.00726295
0.00672412
0.00722313
0.00749397
0.00815916
0.00848699
0.00738287
0.00729203
0.0080719
0.00876188
0.00744796
0.00734711
0.00730205
0.00782204
0.00746107
0.00724196
0.00723219
0.00749111
0.007442
0.0083189
0.00681591
0.00718617
0.00679517
0.00727391
0.00774503
0.00823498
0.00780797
0.00788307
0.00763202
0.00932503
0.00728893
0.00698113
0.00706315
0.00883198
0.00718093
0.00689006
0.00699401
0.00814891
0.00753713
0.00673413
0.00766802
0.00796103
0.00775599
0.00729704
0.00724101
0.00842094
0.00793219
0.0075109
0.00725102
0.00688887
0.00840187
0.00760388
0.00895905
0.00799417
0.00678205
0.00757599
0.00735903
0.00682306
0.00810695
0.00926018
0.00940895
0.00679612
0.00784206
0.00806308
0.00802112
0.006809
0.007236
0.00679708
0.00841904
0.00922084
0.00780511
0.00689578
0.00879312
0.00747705
0.00780201
0.00979614
0.00711608
0.00680089
0.00745893
0.00689197
0.00719905
0.00749993
0.00847411
0.0068841
0.00713086
0.00741792
0.00716114
0.00713801
0.00704408
0.00727797
0.00825214
0.00701404
0.0073278
0.00896001
0.008003
0.01017
0.00737619
0.00730801
0.00743818
0.00764179
0.00781202
0.00796008
0.00816703
0.00838089
0.00915909
0.00821781
0.00714087
0.00909209
0.00919104
0.00984287
0.00683403
0.00847387
0.00870514
0.00789905
0.00687289
0.00775313
0.00683999
0.00945306
0.00943398
0.0078311
0.00677705
0.00971103
0.00691986
0.00672507
0.00701785
0.00777411
0.00877714
0.00837588
0.00693583
0.00759602
0.00813293
0.00884199
0.00731611
0.00972009
0.00728703
0.00715208
0.00736499
0.00854182
0.00735307
0.00730896
0.00812197
0.00735402
0.00734711
0.00761104
0.006845
0.00732708
0.00688291
0.00736499
0.00688505
0.00760102
0.00741315
0.00820708
0.00809884
0.00948691
0.00830102
0.00877213
0.00725818
0.0078342
0.00720882
0.00743198
0.00729108
0.00733089
0.00742722
0.00760388
0.00732398
0.00880504
0.00749493
0.00727201
0.00753117
0.00678086
0.0067668
0.00699019
0.00767493
0.0078609
0.00722909
0.00743604
0.00704002
0.00754189
0.00771093
0.00733399
0.00764298
0.00769711
0.00734806
0.00746202
0.00830984
0.00745606
0.00770116
0.00800204
0.00768304
0.00845098
0.00735712
0.00716019
0.00739503
0.00714707
0.00682688
0.00687599
0.00707984
0.00713396
0.0075841
0.00747299
0.0080359
0.00782895
0.00743294
0.00687599
0.0089941
0.00771904
0.00754213
0.00763416
0.0078969
0.00780201
0.00738883
0.00784302
0.00901103
0.00674009
0.007442
0.00727105
0.00741696
0.00735188
0.00756884
0.00720191
0.00744796
0.00719404
0.00739717
0.00720406
0.00714016
0.00761294
0.0072341
0.00751901
0.00737095
0.00732112
0.00731087
0.00704694
0.00723696
0.00746012
0.0074861
0.00742793
0.00721502
0.00753808
0.00728297
0.00710011
0.00797892
0.00690103
0.00755095
0.00778794
0.00695419
0.00706506
0.00822902
0.00707698
0.00693488
0.00701094
0.00741792
0.007092
0.00739503
0.00737906
0.007236
0.007164
0.00684905
0.00728393
0.00744891
0.00720382
0.006809
0.00731206
0.00704479
0.00699401
0.007303
0.00715899
0.00685883
0.00731802
0.00707698
0.00771189
0.00757098
0.00734711
0.009202
0.00731897
0.00951505
0.0100341
0.00893593
0.00921106
0.0103271
0.00785184
0.00923705
0.00737095
0.00748706
0.00728893
0.00796795
0.00806689
0.00843692
0.00758505
0.00700498
0.0075202
0.00711608
0.00729299
0.00753999
0.00721598
0.0080111
0.00742102
0.00720906
0.00700402
0.00887799
0.00818586
0.00688386
0.00734401
0.00767779
0.00834107
0.00746202
0.00694013
0.00826693
0.00823808
0.00693083
0.009866
0.00874686
0.007375
0.00804114
0.007967
0.00782704
0.00744104
0.00738001
0.00720501
0.007267
0.00743794
0.00805402
0.0077498
0.00765896
0.00722384
0.00766492
0.00775003
0.00714397
0.00844407
0.00680304
0.00857997
0.00911689
0.00695801
0.00801682
0.00912213
0.0068531
0.00989413
0.00686097
0.00720501
0.00708199
0.00907612
0.00728679
0.00781608
0.0069809
0.00745392
0.0077672
0.00735998
0.00759482
0.0074811
0.00689507
0.00724196
0.0070641
0.00733113
0.00767612
0.00726819
0.00697494
0.00771689
0.00890899
0.00767422
0.00835395
0.00810695
0.00782514
0.00733185
0.00934792
0.00810099
0.00723195
0.0068121
0.00729585
0.00724196
0.00724506
0.00683999
0.00777197
0.00689507
0.00922298
0.00696588
0.00878
0.00700188
0.00680017
0.00701904
0.00764322
0.00693798
0.0067811
0.00772095
0.00677991
0.00762296
0.00699115
0.00838995
0.00987697
0.00776696
0.00685406
0.010844
0.00797796
0.00781107
0.00920987
0.007061
0.00761986
0.00680709
0.00728202
0.00765085
0.00708413
0.00838399
0.00777197
0.00732112
0.00728798
0.00736308
0.00680399
0.00709987
0.00726414
0.00682306
0.00711894
0.00763392
0.0088551
0.00748587
0.00907207
0.0088079
0.00782204
0.00830984
0.00952291
0.00692916
0.00692415
0.00688505
0.00843787
0.00754905
0.00846791
0.00760293
0.00729394
0.00756502
0.00750804
0.00771809
0.00693583
0.00719285
0.007581
0.00728989
0.00723815
0.00700903
0.00788403
0.00729895
0.00759101
0.00737214
0.00765395
0.00815392
0.0076499
0.00731397
0.00742078
0.00709319
0.00794697
0.00711608
0.00792217
0.00827503
0.00775099
0.00736284
0.00805497
0.0090301
0.00800204
0.00767088
0.00745082
0.00746417
0.00750303
0.00722003
0.00809503
0.00802422
0.00764608
0.00679088
0.00836396
0.00727701
0.006953
0.00773382
0.00738597
0.00697899
0.00744104
0.00695014
0.00711703
0.00718904
0.00731778
0.00691009
0.00692606
0.00684214
0.00687385
0.00726795
0.0075469
0.00759983
0.00793099
0.00722313
0.00789189
0.00709581
0.00692105
0.00839305
0.00728393
0.00701404
0.00791788
0.00731587
0.00692201
0.00733209
0.00689006
0.00714111
0.007164
0.00802088
0.00696206
0.00890708
0.00965214
0.0082922
0.00700307
0.00794482
0.009027
0.00862193
0.00673103
0.00904799
0.00702691
0.00716186
0.00718093
0.00755501
0.00741982
0.00754595
0.00808406
0.0069592
0.008008
0.00737214
0.00787401
0.00778913
0.00738788
0.00887179
0.00911093
0.00766802
0.00722313
0.00824618
0.007514
0.00869703
0.00736189
0.0073998
0.00853109
0.00790405
0.00781107
0.00710487
0.00776196
0.00774503
0.00697207
0.00842404
0.007586
0.00769401
0.00720191
0.0073421
0.00744987
0.00771999
0.00736594
0.00744796
0.00726008
0.00744796
0.00733805
0.00743914
0.0074451
0.00736284
0.00854301
0.00828695
0.00755596
0.00815797
0.00726795
0.00728297
0.0075779
0.00796199
0.00748587
0.00749183
0.00877714
0.00879598
0.0073421
0.00748587
0.00836396
0.0080142
0.00751901
0.00721788
0.007478
0.00746202
0.00761104
0.00734186
0.00748205
0.00808597
0.00708723
0.00738192
0.00717807
0.00745893
0.00775504
0.00769615
0.00825
0.00750804
0.00718093
0.00735903
0.00763488
0.00774002
0.00690484
0.00712991
0.008003
0.00870991
0.00706697
0.00761914
0.00715113
0.0068469
0.00742602
0.00697613
0.00799704
0.00733304
0.00764298
0.00725293
0.008008
0.00690198
0.00738502
0.00756812
0.00729704
0.00907516
0.00942397
0.00702691
0.00858784
0.006953
0.00776291
0.0068109
0.00928116
0.00708914
0.00699782
0.00773597
0.00684905
0.00936198
0.00688887
0.00844812
0.00724697
0.00851893
0.00776601
0.00731206
0.00711894
0.00709581
0.00757885
0.00690794
0.00906396
0.00725484
0.00743389
0.00802207
0.00729609
0.00688887
0.00692797
0.00836396
0.00795889
0.00721502
0.00737309
0.00739813
0.0073719
0.00704408
0.00718904
0.00708795
0.00716686
0.00734687
0.00761104
0.00798798
0.00813699
0.0088098
0.00767183
0.00743008
0.0081749
0.00760007
0.00794315
0.00739193
0.00851893
0.00871801
0.00743389
0.00739002
0.00840497
0.00718498
0.00708199
0.00675178
0.00724816
0.00718689
0.007797
0.00737
0.00734401
0.00749493
0.00744605
0.00713992
0.00760102
0.00679803
0.00680494
0.00739694
0.00775886
0.00775814
0.00743198
0.00727081
0.00763988
0.00735092
0.00688791
0.00719213
0.00689507
0.00853896
0.007972
0.00729299
0.00810695
0.00704813
0.00726819
0.00754619
0.00746107
0.00692105
0.00730705
0.008775
0.00742722
0.00675988
0.00728798
0.00742388
0.00678778
0.00751996
0.00687909
0.00783587
0.00738287
0.00808382
0.00721502
0.00920796
0.00721693
0.00693202
0.00689602
0.00757408
0.00791717
0.00693107
0.00708389
0.00771189
0.007828
0.00746107
0.0075171
0.00737214
0.00725579
0.00715208
0.00685596
0.00693107
0.00742698
0.00796914
0.00790405
0.00827193
0.00773215
0.00794101
0.0076921
0.00782204
0.00720811
0.00711894
0.00781298
0.010051
0.00719404
0.00685406
0.007375
0.00725794
0.00976014
0.0081141
0.00709009
0.00734305
0.00743222
0.00754905
0.00786495
0.00763702
0.00713587
0.00763202
0.00748992
0.00749612
0.00761986
0.00896597
0.00923491
0.00985003
0.00910378
0.00871181
0.00977802
0.00700998
0.00943899
0.00695992
0.00963998
0.00780201
0.00703406
0.0106599
0.00902081
0.00952888
0.00893307
0.00729704
0.00729513
0.00773096
0.00687599
0.00745797
0.00695992
0.00765109
0.00729179
0.00739813
0.00743103
0.00737286
0.00736284
0.00768209
0.00827885
0.00688195
0.00680184
0.00683689
0.00712585
0.00719285
0.00793004
0.00694919
0.00686312
0.00750518
0.00845504
0.00728512
0.00817585
0.0075779
0.00717115
0.00734115
0.007586
0.00717902
0.00741601
0.00684905
0.00685596
0.00708699
0.00812602
0.00895405
0.00728202
0.0076468
0.00944519
0.00856805
0.00887489
0.00823402
0.00929999
0.00769687
0.00743389
0.00913596
0.00752401
0.00738621
0.00757289
0.00740719
0.00704598
0.00732684
0.00749087
0.00706005
0.0075531
0.00801802
0.00767899
0.00734305
0.00744796
0.00735307
0.00732589
0.00847292
0.007514
0.00721407
0.00843501
0.00742602
0.00696898
0.0074439
0.00724792
0.00727391
0.00732398
0.00760818
0.00718498
0.00682902
0.00683999
0.00696898
0.00727105
0.00801301
0.006989
0.00957823
0.0072968
0.00797415
0.00734901
0.00712895
0.00946689
0.00788593
0.00782204
0.00713491
0.00900483
0.00759411
0.00700498
0.00870419
0.00747395
0.00797296
0.0084269
0.00757313
0.00716591
0.00725102
0.00678301
0.00748086
0.00734091
0.00835991
0.007622
0.00752091
0.00711083
0.00734997
0.00695705
0.00715804
0.00737786
0.00736904
0.00757599
0.00773597
0.00723004
0.0079329
0.00739789
0.00785398
0.00759816
0.0076189
0.00747085
0.00731993
0.00680184
0.00882697
0.00758791
0.00677609
0.00778985
0.00887299
0.00904679
0.00781608
0.00842118
0.0071578
0.009588
0.00864482
0.00884104
0.00676799
0.00751591
0.00692391
0.007231
0.00693607
0.00721288
0.00766802
0.00690508
0.00773621
0.00878096
0.00894904
0.00687695
0.00759387
0.00863719
0.00810313
0.00836086
0.00712299
0.00970507
0.00676107
0.00751281
0.00814104
0.00886488
0.00680304
0.00874496
0.00702405
0.00675201
0.00920296
0.00734591
0.00720406
0.00746012
0.00738311
0.00731897
0.00760007
0.00792813
0.007411
0.00666308
0.00696802
0.0069561
0.00815296
0.00675797
0.00685811
0.00678205
0.00694013
0.00866604
0.0068531
0.00688791
0.00739312
0.00722218
0.00732017
0.00738502
0.00739884
0.00681615
0.00787616
0.00743103
0.00730491
0.00721478
0.00742102
0.00710607
0.00752211
0.00729203
0.00724888
0.00763202
0.00726891
0.00727391
0.00732398
0.00712299
0.00730085
0.00726819
0.00669885
0.00827885
0.00705481
0.00741982
0.00798583
0.00754094
0.00824308
0.00921011
0.00727415
0.00782704
0.00777411
0.00729394
0.00814104
0.00756192
0.00733495
0.00745416
0.00724006
0.00739288
0.00721788
0.00746608
0.00744796
0.00840783
0.00950408
0.00719094
0.007375
0.00742316
0.00865602
0.00703096
0.0072701
0.00760198
0.0073359
0.00779986
0.00880313
0.00810814
0.00758886
0.0077579
0.00792289
0.00732183
0.00723815
0.00696516
0.00732994
0.00727296
0.00711703
0.00828099
0.00770378
0.00710702
0.0074439
0.00722694
0.00723386
0.00714111
0.0074532
0.00767493
0.00728798
0.00726414
0.00706697
0.00685406
0.00690293
0.007231
0.00809407
0.00736094
0.00750899
0.00747299
0.00690317
0.00758696
0.00754786
0.00744987
0.00679111
0.00728703
0.00730395
0.00764489
0.00725222
0.00729489
0.00738716
0.00733185
0.00750589
0.00788879
0.00780487
0.00754285
0.00732303
0.00745392
0.00742197
0.00738096
0.00731492
0.00810289
0.0072279
0.0072999
0.00718999
0.008322
0.00716901
0.00741482
0.0087409
0.00783992
0.00735903
0.00822616
0.00733495
0.00735903
0.00840187
0.00903201
0.00754309
0.00833201
0.00725102
0.00814319
0.00841784
0.00734186
0.00686002
0.00794315
0.00743699
0.00691605
0.0068059
0.00679398
0.00710797
0.00699306
0.00830102
0.00695109
0.00808191
0.00783515
0.00792313
0.00772405
0.00674295
0.00737906
0.00795698
0.00756502
0.00757003
0.00753379
0.00782299
0.00706506
0.0075779
0.00759315
0.00721884
0.00733399
0.00814319
0.00836587
0.00732708
0.00708508
0.00726295
0.00681806
0.00765705
0.00713611
0.00712204
0.00696397
0.00716209
0.00708008
0.006742
0.00690103
0.00716496
0.00686193
0.00672102
0.00756621
0.00675011
0.00728583
0.00680304
0.00725317
0.00735879
0.00747299
0.00722384
0.00728893
0.00744295
0.00740194
0.00726795
0.00732112
0.00784016
0.00767398
0.00728893
0.00767207
0.0076189
0.00748014
0.00741887
0.00743484
0.00730395
0.0074811
0.00725198
0.00737023
0.00741982
0.00781107
0.00731611
0.00861406
0.00734615
0.00708103
0.00721598
0.00720882
0.0070231
0.00702906
0.00667906
0.00677204
0.0068748
0.00675201
0.0070591
0.00676203
0.00812101
0.00693107
0.00703502
0.00756907
0.00669193
0.0070169
0.00854993
0.00752711
0.00854993
0.00685596
0.00672507
0.00783896
0.00708199
0.00673199
0.00733781
0.00713205
0.00696397
0.00686502
0.0069859
0.00679088
0.00725698
0.00684094
0.00685501
0.00686789
0.007061
0.00715613
0.00730395
0.00776196
0.00891685
0.00745296
0.00678086
0.00739098
0.00728893
0.00866604
0.00679708
0.00759196
0.009269
0.00728822
0.00770402
0.00879002
0.00800109
0.00703287
0.00669312
0.00949621
0.00668621
0.00689101
0.00683904
0.00841784
0.00724411
0.00694513
0.00780106
0.00734711
0.00837398
0.00690007
0.00711584
0.0074079
0.00667596
0.0090549
0.00716805
0.00738001
0.00927806
0.00796413
0.00689483
0.00759387
0.00845003
0.00680399
0.00693607
0.0074389
0.0081861
0.00720787
0.00715494
0.00686407
0.00699687
0.00695705
0.00674009
0.00715399
0.00749302
0.00756907
0.00676298
0.00802708
0.00745702
0.00774717
0.00871897
0.00756884
0.00671196
0.00703311
0.00688219
0.00674105
0.00829911
0.00717902
0.00760388
0.0068512
0.00706697
0.00850916
0.00929809
0.00759411
0.00856709
0.00916195
0.00932407
0.00826693
0.0070231
0.00798512
0.00941014
0.00863504
0.00692797
0.00933003
0.007478
0.00799799
0.00948596
0.00719213
0.008389
0.00766397
0.00911999
0.00709391
0.00720382
0.00747204
0.00912714
0.00679994
0.00710607
0.00792694
0.00818992
0.00784802
0.00858498
0.00700808
0.00733709
0.00691795
0.00757504
0.00822401
0.00703311
0.00727797
0.0069921
0.00772786
0.00677705
0.00666404
0.00672483
0.00753999
0.00680089
0.00683594
0.00688982
0.00686002
0.00686097
0.0069139
0.00707197
0.00695086
0.007761
0.00679803
0.00724101
0.00685692
0.00671482
0.00691414
0.00776386
0.00734401
0.00900006
0.00704312
0.00689697
0.00764894
0.00743198
0.00768304
0.00683093
0.00731802
0.00755906
0.00797987
0.00942612
0.00741196
0.00710201
0.00696993
0.00726295
0.00692701
0.0073061
0.00710082
0.006742
0.00717711
0.00690794
0.00884104
0.00709414
0.00691414
0.00906014
0.00677896
0.00904989
0.00690007
0.00696301
0.00824499
0.008605
0.00824499
0.00786114
0.00868893
0.00689316
0.00784993
0.00910115
0.00906587
0.00702786
0.00991702
0.00723886
0.00764394
0.00664091
0.00677705
0.00724411
0.00698805
0.00705695
0.00865388
0.00919008
0.00991797
0.0068109
0.00763702
0.00847101
0.00692391
0.00673604
0.00675702
0.00903511
0.00750899
0.00871897
0.00844407
0.00873995
0.00821304
0.00835896
0.00815177
0.00881886
0.007231
0.00676298
0.00774503
0.00686407
0.00892091
0.00781202
0.00752807
0.00688696
0.00773096
0.00728798
0.00803399
0.00689197
0.00886321
0.00831008
0.00994587
0.00758982
0.00918698
0.00727081
0.006706
0.00674701
0.00867581
0.00683594
0.00771523
0.00732398
0.00733185
0.00810695
0.00779486
0.00808287
0.00698304
0.00857186
0.00678706
0.00743008
0.00752091
0.00791502
0.00766587
0.00789714
0.00915289
0.00750518
0.0085721
0.00731087
0.00715399
0.00850701
0.00668311
0.00841212
0.00921416
0.00814295
0.00759101
0.0068109
0.00909591
0.00724316
0.00769591
0.00861692
0.008533
0.00669885
0.00812483
0.00787091
0.00867009
0.00735092
0.00954199
0.00688601
0.00690913
0.00928903
0.00791001
0.00718117
0.00847507
0.00737596
0.00901318
0.00670695
0.00709701
0.00795984
0.00735211
0.00914288
0.00671196
0.00704288
0.00685906
0.00946593
0.00749302
0.00775123
0.00763702
0.00780797
0.00884199
0.0084331
0.0074439
0.00745702
0.00743604
0.00713205
0.00732112
0.00795817
0.00725222
0.00728893
0.00686383
0.00717711
0.00745487
0.00734806
0.00806499
0.00750899
0.00757599
0.00912499
0.00799918
0.00709105
0.00707793
0.00954008
0.00689793
0.00701499
0.00689101
0.00927305
0.0102999
0.00864792
0.0071609
0.00703001
0.00721693
0.00692487
0.00768614
0.00767517
0.00705194
0.00764608
0.00791597
0.00694203
0.00783205
0.00940299
0.00737715
0.00755501
0.00678015
0.00767303
0.00697184
0.00724578
0.00804806
0.00694084
0.007442
0.00772405
0.00692892
0.0074749
0.00724816
0.00772882
0.00682902
0.00748086
0.00746298
0.00746799
0.00701714
0.0074358
0.00727105
0.00731111
0.00719213
0.00735593
0.00728703
0.00725794
0.00750613
0.00760412
0.00942302
0.00781894
0.00717807
0.00701594
0.00688195
0.00675678
0.00827599
0.00723815
0.00779676
0.00680184
0.00741601
0.00854802
0.00882316
0.00833917
0.00788498
0.00685692
0.00777388
0.00742102
0.00760293
0.00776792
0.00681305
0.00667214
0.00718617
0.00687289
0.00732183
0.00754094
0.00738788
0.00732303
0.00737405
0.00750399
0.007478
0.00742602
0.00742698
0.00740981
0.00711298
0.0073359
0.00737
0.00761104
0.00786495
0.0090189
0.00778008
0.00712085
0.00770903
0.00735593
0.00714707
0.00753713
0.00761604
0.00710988
0.00733805
0.00805116
0.00731492
0.00722003
0.00747895
0.00699496
0.00759292
0.00737906
0.00755692
0.00800991
0.00769401
0.00734687
0.00733304
0.0072999
0.0078721
0.00726914
0.00682306
0.00731087
0.00722718
0.00739503
0.00743103
0.00794816
0.00749993
0.00738478
0.00681615
0.00775695
0.008394
0.007478
0.0071702
0.00734997
0.00701594
0.00709391
0.00738287
0.00711989
0.00686002
0.00696087
0.00690508
0.00704694
0.00731087
0.00683999
0.00689292
0.00890207
0.008816
0.00757003
0.00684094
0.00732899
0.00932503
0.00685191
0.00946903
0.006706
0.00723505
0.00704479
0.00751495
0.00707793
0.00724912
0.00680804
0.00670481
0.00708795
0.00736499
0.00676394
0.00686193
0.00760818
0.0074451
0.00787687
0.00671291
0.00773215
0.00781393
0.0068171
0.00728202
0.00935984
0.00851798
0.0075469
0.00673199
0.00822687
0.00775695
0.0076201
0.00675297
0.0069201
0.00701284
0.00936413
0.00764298
0.00706291
0.00672507
0.00916815
0.00683713
0.00795197
0.0093441
0.00767899
0.00824118
0.00925303
0.0068779
0.00705695
0.00676203
0.00751114
0.00939989
0.00781918
0.00673199
0.00772905
0.00726891
0.00876808
0.00928807
0.00781202
0.00756478
0.00695395
0.00756097
0.00671315
0.00770307
0.00704408
0.0068202
0.00725102
0.00751591
0.00679612
0.00676894
0.00720406
0.007828
0.00675797
0.00917006
0.00683188
0.00681186
0.00711679
0.00683999
0.00717211
0.00683117
0.00718212
0.00786686
0.00756693
0.00804186
0.00674391
0.00865817
0.0070169
0.00720882
0.00768518
0.00767517
0.00704217
0.00694489
0.00690508
0.0068152
0.00717902
0.0072968
0.00741196
0.00737882
0.00704694
0.00918198
0.00868201
0.00809908
0.00897503
0.00674009
0.00711608
0.00697589
0.00683188
0.00747108
0.00670218
0.00707388
0.00755215
0.00672793
0.00750494
0.00732183
0.00885487
0.00745988
0.00692797
0.00695801
0.00711489
0.00903296
0.00886512
0.00940394
0.00863099
0.00668192
0.00862503
0.00760508
0.00677681
0.00683904
0.00869179
0.00738597
0.0067668
0.00712109
0.00673008
0.00710392
0.00712991
0.00713801
0.00714803
0.00726891
0.00724006
0.00711203
0.00756288
0.00725794
0.0072732
0.00718093
0.00716496
0.00718713
0.00717688
0.007267
0.00773001
0.007231
0.00766301
0.00723314
0.010108
0.0072341
0.0093379
0.00743103
0.00719881
0.00753021
0.00899506
0.00719905
0.00882101
0.007164
0.00846696
0.00789404
0.00714898
0.00711298
0.00751305
0.00812793
0.00717306
0.00724506
0.00756788
0.00783491
0.00725889
0.00717306
0.00734687
0.00766397
0.00799704
0.00782895
0.00717497
0.00723219
0.007195
0.00776196
0.00771284
0.00762701
0.00711012
0.00758505
0.00749898
0.00750279
0.00774384
0.00769305
0.00722098
0.00715613
0.00717115
0.00721717
0.00799799
0.00747108
0.0072639
0.00730205
0.00751209
0.00723886
0.0076108
0.00719905
0.00733805
0.00759602
0.00711203
0.00744891
0.007231
0.00707579
0.00784397
0.00797105
0.00724006
0.00700402
0.00711703
0.00668287
0.00710607
0.00739789
0.00771117
0.00697494
0.00707984
0.00688887
0.00711298
0.00705385
0.00729895
0.00701809
0.00711489
0.00707483
0.00704312
0.00701594
0.00725412
0.00714517
0.00765586
0.0068059
0.00699306
0.007092
0.00710392
0.00685596
0.0068562
0.00699496
0.00704598
0.0068841
0.00714612
0.00683498
0.00711703
0.006845
0.00735784
0.00822592
0.00750399
0.00707507
0.00738311
0.00706983
0.00753117
0.0072
0.007581
0.00749397
0.00721097
0.00786304
0.00739503
0.00726509
0.00746679
0.00730705
0.00807214
0.00707603
0.00719595
0.00785089
0.00819492
0.00734305
0.00745916
0.00708199
0.00747609
0.00725007
0.00729513
0.00724101
0.00707388
0.00730896
0.00711894
0.00768209
0.00710201
0.00779891
0.00784397
0.00730395
0.00758004
0.007442
0.00719309
0.007231
0.007442
0.00683689
0.00718188
0.00724888
0.00723505
0.00706005
0.00779819
0.00714612
0.00855684
0.00772095
0.00802112
0.00731707
0.00733995
0.00717092
0.0069108
0.00776505
0.00678897
0.00686193
0.00680995
0.00699997
0.00857592
0.00957799
0.006706
0.00735092
0.0067668
0.00681806
0.008178
0.00822401
0.00677013
0.00763679
0.0090909
0.00731182
0.00791192
0.00739408
0.008636
0.00746322
0.0079
0.00785899
0.00715899
0.00738096
0.00740004
0.0075388
0.00718808
0.00742412
0.00723195
0.00725293
0.00710917
0.00801706
0.00721288
0.0073688
0.00728989
0.00784898
0.00704694
0.0076189
0.00799918
0.00773716
0.00735188
0.00713491
0.00766802
0.00907111
0.00832701
0.00726199
0.00834179
0.00745392
0.00728798
0.00802684
0.00707579
0.00757217
0.00708795
0.00679302
0.00768089
0.00680494
0.00687003
0.00763702
0.00726891
0.00741196
0.007092
0.00726104
0.00732207
0.00715613
0.00883603
0.00850987
0.00715804
0.00726104
0.00707412
0.00708199
0.00717282
0.00687504
0.00795102
0.00851393
0.00707507
0.00793004
0.00913596
0.00788903
0.00736809
0.00697494
0.00715518
0.00713801
0.00686193
0.00702596
0.00717592
0.00704789
0.00675297
0.00690293
0.00688887
0.00707793
0.00742292
0.00754404
0.00725222
0.0077951
0.00705099
0.0081079
0.00741291
0.00707102
0.00752378
0.00704694
0.00713015
0.00851989
0.00754404
0.00714898
0.008883
0.00864911
0.00747895
0.00784206
0.00757194
0.0094471
0.00756598
0.00959802
0.00754118
0.00672007
0.00705218
0.00783396
0.00753403
0.00843
0.00755906
0.00724602
0.00726604
0.00856304
0.00894213
0.00785089
0.00910997
0.00747299
0.00680518
0.008636
0.00678802
0.00705481
0.00843811
0.00681901
0.00682116
0.00681686
0.00684094
0.00698113
0.00676799
0.00722909
0.0072031
0.0070889
0.00759482
0.00713515
0.00745606
0.00733519
0.00703406
0.00714111
0.00677204
0.00727201
0.00717402
0.00754905
0.00714397
0.00692296
0.00682092
0.00744414
0.010586
0.0071981
0.00671005
0.00682902
0.00775003
0.00885105
0.00717807
0.007725
0.00754499
0.00717211
0.00717711
0.00737405
0.0074439
0.00773191
0.0092411
0.00732708
0.00757289
0.00899005
0.00795817
0.00730705
0.00729799
0.00723791
0.00729394
0.00717306
0.00704002
0.00709319
0.00703001
0.00693607
0.00718188
0.00710297
0.00674319
0.00712705
0.00807905
0.00792909
0.007967
0.00724006
0.00721598
0.00714803
0.00792599
0.00748491
0.00916195
0.00707006
0.00690484
0.00721383
0.00763798
0.00710511
0.00778508
0.00712299
0.00695705
0.00750303
0.00919509
0.00736403
0.00915504
0.00713897
0.00714493
0.0100019
0.00678301
0.00732589
0.00670505
0.00701904
0.00686002
0.00733089
0.00898004
0.00898004
0.00826287
0.00696707
0.00674009
0.00686002
0.00711107
0.00678611
0.00686502
0.00686502
0.00845385
0.00697613
0.00861907
0.00724411
0.00852394
0.00836396
0.00705194
0.00700402
0.00667405
0.00724602
0.00763011
0.00839114
0.007864
0.00722814
0.00785995
0.00674391
0.00884414
0.00679994
0.00914502
0.00862694
0.00682998
0.00669503
0.00720692
0.00686407
0.00675297
0.00692892
0.00680804
0.00681186
0.00727701
0.00676084
0.00716496
0.00910997
0.00712681
0.00919795
0.00721002
0.00947881
0.00708199
0.00714898
0.0073359
0.00710297
0.00712585
0.00705695
0.00731802
0.00720906
0.00729322
0.00738001
0.00726199
0.00717711
0.00719213
0.0076859
0.00751495
0.00703692
0.00715709
0.00855994
0.00750709
0.00742102
0.00714183
0.00774002
0.0078702
0.00737381
0.00749183
0.00674701
0.00782394
0.00726891
0.00713491
0.00700593
0.00697017
0.00735497
0.00706506
0.00753713
0.00798011
0.00721192
0.00790501
0.00712299
0.00711298
0.0075922
0.00707793
0.00735402
0.00886607
0.00827909
0.00751805
0.00894189
0.00751805
0.00722814
0.00773811
0.00777888
0.007725
0.00845814
0.00792098
0.00722599
0.00759006
0.00760603
0.00747299
0.00739908
0.007617
0.006984
0.00708985
0.0072
0.00690079
0.00671101
0.00722098
0.00803399
0.00671101
0.00699401
0.00911999
0.00783801
0.00740409
0.00742602
0.00737214
0.00824714
0.00705385
0.00740695
0.00736308
0.00786304
0.00729418
0.00735593
0.00740004
0.00801897
0.00807905
0.00790501
0.00712419
0.00859499
0.00726604
0.00692797
0.00718403
0.00717998
0.00714207
0.00715804
0.00689816
0.00716686
0.00678682
0.00674987
0.00775814
0.00755382
0.00733399
0.00754809
0.00758004
0.00720596
0.00713301
0.00715518
0.00708604
0.0072329
0.00726199
0.00699902
0.00701904
0.00724697
0.00726199
0.00722814
0.00709701
0.00708199
0.00698209
0.00703382
0.00693488
0.0070641
0.00803685
0.00701404
0.00705004
0.00747108
0.00704598
0.0070889
0.00727391
0.00715995
0.00692201
0.00715804
0.00696087
0.00724912
0.00701308
0.0070858
0.00891089
0.00848198
0.00738716
0.00723219
0.00739694
0.00749803
0.00894499
0.00743794
0.00725007
0.00721908
0.00739408
0.0080049
0.00722814
0.00727797
0.00729609
0.00737906
0.00810289
0.00780582
0.0074451
0.00745606
0.00754595
0.00736189
0.00764203
0.00879192
0.00740409
0.00762796
0.007864
0.00733304
0.00710797
0.00724697
0.00677109
0.00913382
0.006984
0.00739908
0.00738192
0.00742507
0.00723195
0.00734496
0.00686097
0.00720096
0.0071609
0.00717092
0.00730801
0.00685787
0.00708008
0.00700092
0.00761199
0.0069201
0.0068481
0.00685501
0.00704503
0.00673294
0.0075562
0.00695705
0.00706506
0.00711608
0.00700402
0.00728703
0.00720787
0.0070591
0.00695205
0.00795794
0.00742698
0.00752687
0.00718999
0.00808311
0.00764203
0.00732207
0.00736594
0.00780797
0.00720787
0.0074091
0.00706482
0.00763893
0.00769114
0.00768304
0.00780392
0.00726986
0.00764012
0.00669694
0.00679898
0.00706315
0.00757098
0.0067811
0.0068121
0.00678182
0.00729394
0.00687099
0.00688004
0.00673199
0.00683904
0.00758791
0.00716996
0.0070858
0.00714493
0.00713396
0.00777102
0.00732708
0.00718904
0.00714588
0.00718904
0.00724101
0.00741911
0.00717497
0.00683999
0.00755692
0.00755095
0.00678992
0.00776005
0.00685096
0.00681996
0.00679994
0.00843501
0.00711918
0.00717711
0.00834203
0.00725889
0.00672722
0.00709391
0.00891614
0.00882196
0.00728011
0.00680304
0.00745988
0.00699401
0.00894904
0.00877786
0.00901318
0.00844693
0.00777102
0.00766706
0.00759196
0.00701284
0.00678802
0.00679493
0.00678492
0.00710416
0.00677395
0.00667
0.0075779
0.00780416
0.00681186
0.00758314
0.00802994
0.00712705
0.00717306
0.00694919
0.00781512
0.00678611
0.00742102
0.00727582
0.00738215
0.00732017
0.00696015
0.00711703
0.00723696
0.00728011
0.0074501
0.00763011
0.00877094
0.00794387
0.00767779
0.00729108
0.0067029
0.0072391
0.00680995
0.00715899
0.00706291
0.00674987
0.00967193
0.00717402
0.00772715
0.00910997
0.00701714
0.00786996
0.00685501
0.00733495
0.00885296
0.00755
0.00715613
0.00835204
0.00781417
0.00844884
0.00668883
0.00969291
0.00726295
0.0074811
0.00853801
0.00785804
0.00963211
0.00880289
0.00763583
0.00702906
0.00749803
0.00722289
0.00841188
0.007447
0.00715089
0.00714588
0.0071969
0.00689387
0.00713515
0.00732398
0.00704288
0.00713897
0.00683403
0.00689888
0.00668693
0.00714087
0.00717592
0.00728607
0.00756502
0.00730586
0.00684595
0.00783896
0.00720215
0.00708389
0.00716877
0.00760198
0.00708389
0.00721097
0.00793409
0.00728393
0.00742722
0.00887704
0.00724506
0.00744295
0.00712681
0.00671792
0.00673699
0.00779796
0.00682712
0.00790191
0.00749016
0.00682998
0.00766706
0.00722098
0.00755
0.00761199
0.00778699
0.00750899
0.00776005
0.00747299
0.00735307
0.00901103
0.00715423
0.00713491
0.00751185
0.00711703
0.00716686
0.00720596
0.00713706
0.00735378
0.00843
