0
0
0
0
0
0
0
0
0
0
0
0
0
0
0
0
0
0
0
0
0
0
0
0
0
0
0
0
0
0
0
0
0
0
0
0
0
0
0
0
0
0
0
0
0
0
0
0
0
0
0
0
0
0
0
0
0
0
0
0
0
0
0
0
0
0
0
0
0
0
0
0
0
0
0
0
0
0
0
0
0
0
0
0
0
0
0
0
0
0
0
0
0
0
0
0
0
0
0
0
0
0
0
0
0
0
0
0
0
0
0
0
0
0
0
0
0
0
0
0
0
0
0
0
0
0
0
0
0
0
0
0
0
0
0
0
0
0
0
0
0
0
0
0
0
0
0
0
0
0
0
0
0
0
0
0
0
0
0
0
0
0
0
0
0
0
0
0
0
0
0
0
0
0
0
0
0
0
0
0
0
0
0
0
0
0
0
0
0
0
0
0
0
0
0
0
0
0
0
0
0
0
0
0
0
0
0
0
0
0
0
0
0
0
0
0
0
0
0
0
0
0
0
0
0
0
0
0
0
0
0
0
0
0
0
0
0
0
0
0
0
0
0
0
0
0
0
0
0
0
0
0
0
0
0
0
0
0
0
0
0
0
0
0
0
0
0
0
0
0
0
0
0
0
0
0
0
0
0
0
0
0
0
0
0
0
0
0
0
0
0
0
0
0
0
0
0
0
0
0
0
0
0
0
0
0
0
0
0
0
0
0
0
0
0
0
0
0
0
0
0
0
0
0
0
0
0
0
0
0
0
0
0
0
0
0
0
0
0
0
0
0
0
0
0
0
0
0
0
0
0
0
0
0
0
0
0
0
0
0
0
0
0
0
0
0
0
0
0
0
0
0
0
0
0
0
0
0
0
0
0
0
0
0
0
0
0
0
0
0
0
0
0
0
0
0
0
0
0
0
0
0
0
0
0
0
0
0
0
0
0
0
0
0
0
0
0
0
0
0
0
0
0
0
0
0
0
0
0
0
0
0
0
0
0
0
0
0
0
0
0
0
0
0
0
0
0
0
0
0
0
0
0
0
0
0
0
0
0
0
0
0
0
0
0
0
0
0
0
0
0
0
0
0
0
0
0
0
0
0
0
0
0
0
0
0
0
0
0
0
0
0
0
0
0
0
0
0
0
0
0
0
0
0
0
0
0
0
0
0
0
0
0
0
0
0
0
0
0
0
0
0
0
0
0
0
0
0
0
0
0
0
0
0
0
0
0
0
0
0
0
0
0
0
0
0
0
0
0
0
0
0
0
0
0
0
0
0
0
0
0
0
0
0
0
0
0
0
0
0
0
0
0
0
0
0
0
0
0
0
0
0
0
0
0
0
0
0
0
0
0
0
0
0
0
0
0
0
0
0
0
0
0
0
0
0
0
0
0
0
0
0
0
0
0
0
0
0
0
0
0
0
0
0
0
0
0
0
0
0
0
0
0
0
0
0
0
0
0
0
0
0
0
0
0
0
0
0
0
0
0
0
0
0
0
0
0
0
0
0
0
0
0
0
0
0
0
0
0
0
0
0
0
0
0
0
0
0
0
0
0
0
0
0
0
0
0
0
0
0
0
0
0
0
0
0
0
0
0
0
0
0
0
0
0
0
0
0
0
0
0
0
0
0
0
0
0
0
0
0
0
0
0
0
0
0
0
0
0
0
0
0
0
0
0
0
0
0
0
0
0
0
0
0
0
0
0
0
0
0
0
0
0
0
0
0
0
0
0
0
0
0
0
0
0
0
0
0
0
0
0
0
0
0
0
0
0
0
0
0
0
0
0
0
0
0
0
0
0
0
0
0
0
0
0
0
0
0
0
0
0
0
0
0
0
0
0
0
0
0
0
0
0
0
0
0
0
0
0
0
0
0
0
0
0
0
0
0
0
0
0
0
0
0
0
0
0
0
0
0
0
0
0
0
0
0
0
0
0
0
0
0
0
0
0
0
0
0
0
0
0
0
0
0
0
0
0
0
0
0
0
0
0
0
0
0
0
0
0
0
0
0
0
0
0
0
0
0
0
0
0
0
0
0
0
0
0
0
0
0
0
0
0
0
0
0
0
0
0
0
0
0
0
0
0
0
0
0
0
0
0
0
0
0
0
0
0
0
0
0
0
0
0
0
0
0
0
0
0
0
0
0
0
0
0
0
0
0
0
0
0
0
0
0
0
0
0
0
0
0
0
0
0
0
0
0
0
0
0
0
0
0
0
0
0
0
0
0
0
0
0
0
0
0
0
0
0
0
0
0
0
0
0
0
0
0
0
0
0
0
0
0
0
0
0
0
0
0
0
0
0
0
0
0
0
0
0
0
0
0
0
0
0
0
0
0
0
0
0
0
0
0
0
0
0
0
0
0
0
0
0
0
0
0
0
0
0
0
0
0
0
0
0
0
0
0
0
0
0
0
0
0
0
0
0
0
0
0
0
0
0
0
0
0
0
0
0
0
0
0
0
0
0
0
0
0
0
0
0
0
0
0
0
0
0
0
0
0
0
0
0
0
0
0
0
0
0
0
0
0
0
0
0
0
0
0
0
0
0
0
0
0
0
0
0
0
0
0
0
0
0
0
0
0
0
0
0
0
0
0
0
0
0
0
0
0
0
0
0
0
0
0
0
0
0
0
0
0
0
0
0
0
0
0
0
0
0
0
0
0
0
0
0
0
0
0
0
0
0
0
0
0
0
0
0
0
0
0
0
0
0
0
0
0
0
0
0
0
0
0
0
0
0
0
0
0
0
0
0
0
0
0
0
0
0
0
0
0
0
0
0
0
0
0
0
0
0
0
0
0
0
0
0
0
0
0
0
0
0
0
0
0
0
0
0
0
0
0
0
0
0
0
0
0
0
0
0
0
0
0
0
0
0
0
0
0
0
0
0
0
0
0
0
0
0
0
0
0
0
0
0
0
0
0
0
0
0
0
0
0
0
0
0
0
0
0
0
0
0
0
0
0
0
0
0
0
0
0
0
0
0
0
0
0
0
0
0
0
0
0
0
0
0
0
0
0
0
0
0
0
0
0
0
0
0
0
0
0
0
0
0
0
0
0
0
0
0
0
0
0
0
0
0
0
0
0
0
0
0
0
0
0
0
0
0
0
0
0
0
0
0
0
0
0
0
0
0
0
0
0
0
0
0
0
0
0
0
0
0
0
0
0
0
0
0
0
0
0
0
0
0
0
0
0
0
0
0
0
0
0
0
0
0
0
0
0
0
0
0
0
0
0
0
0
0
0
0
0
0
0
0
0
0
0
0
0
0
0
0
0
0
0
0
0
0
0
0
0
0
0
0
0
0
0
0
0
0
0
0
0
0
0
0
0
0
0
0
0
0
0
0
0
0
0
0
0
0
0
0
0
0
0
0
0
0
0
0
0
0
0
0
0
0
0
0
0
0
0
0
0
0
0
0
0
0
0
0
0
0
0
0
0
0
0
0
0
0
0
0
0
0
0
0
0
0
0
0
0
0
0
0
0
0
0
0
0
0
0
0
0
0
0
0
0
0
0
0
0
0
0
0
0
0
0
0
0
0
0
0
0
0
0
0
0
0
0
0
0
0
0
0
0
0
0
0
0
0
0
0
0
0
0
0
0
0
0
0
0
0
0
0
0
0
0
0
0
0
0
0
0
0
0
0
0
0
0
0
0
0
0
0
0
0
0
0
0
0
0
0
0
0
0
0
0
0
0
0
0
0
0
0
0
0
0
0
0
0
0
0
0
0
0
0
0
0
0
0
0
0
0
0
0
0
0
0
0
0
0
0
0
0
0
0
0
0
0
0
0
0
0
0
0
0
0
0
0
0
0
0
0
0
0
0
0
0
0
0
0
0
0
0
0
0
0
0
0
0
0
0
0
0
0
0
0
0
0
0
0
0
0
0
0
0
0
0
0
0
0
0
0
0
0
0
0
0
0
0
0
0
0
0
0
0
0
0
0
0
0
0
0
0
0
0
0
0
0
0
0
0
0
0
0
0
0
0
0
0
0
0
0
0
0
0
0
0
0
0
0
0
0
0
0
0
0
0
0
0
0
0
0
0
0
0
0
0
0
0
0
0
0
0
0
0
0
0
0
0
0
0
0
0
0
0
0
0
0
0
0
0
0
0
0
0
0
0
0
0
0
0
0
0
0
0
0
0
0
0
0
0
0
0
0
0
0
0
0
0
0
0
0
0
0
0
0
0
0
0
0
0
0
0
0
0
0
0
0
0
0
0
0
0
0
0
0
0
0
0
0
0
0
0
0
0
0
0
0
0
0
0
0
0
0
0
0
0
0
0
0
0
0
0
0
0
0
0
0
0
0
0
0
0
0
0
0
0
0
0
0
0
0
0
0
0
0
0
0
0
0
0
0
0
0
0
0
0
0
0
0
0
0
0
0
0
0
0
0
0
0
0
0
0
0
0
0
0
0
0
0
0
0
0
0
0
0
0
0
0
0
0
0
0
0
0
0
0
0
0
0
0
0
0
0
0
0
0
0
0
0
0
0
0
0
0
0
0
0
0
0
0
0
0
0
0
0
0
0
0
0
0
0
0
0
0
0
0
0
0
0
0
0
0
0
0
0
0
0
0
0
0
0
0
0
0
0
0
0
0
0
0
0
0
0
0
0
0
0
0
0
0
0
0
0
0
0
0
0
0
0
0
0
0
0
0
0
0
0
0
0
0
0
0
0
0
0
0
0
0
0
0
0
0
0
0
0
0
0
0
0
0
0
0
0
0
0
0
0
0
0
0
0
0
0
0
0
0
0
0
0
0
0
0
0
0
0
0
0
0
0
0
0
0
0
0
0
0
0
0
0
0
0
0
0
0
0
0
0
0
0
0
0
0
0
0
0
0
0
0
0
0
0
0
0
0
0
0
0
0
0
0
0
0
0
0
0
0
0
0
0
0
0
2.35578
2.45554
2.55606
2.65542
2.75539
2.85566
2.95555
3.05553
3.15621
3.25604
3.35581
3.45618
3.55555
3.65529
3.75545
3.85569
3.95554
4.05624
4.15591
4.25622
4.35601
4.45594
4.55579
4.65553
4.75546
4.85558
4.95564
5.05623
5.15608
5.25629
5.35546
5.45595
5.55555
5.65604
5.75542
5.85574
5.95556
6.05556
6.15534
6.25537
6.35608
6.45623
6.55608
6.65639
6.75592
6.85558
6.95581
7.0552
7.15604
7.25554
7.35553
7.45623
7.55562
7.65556
7.75591
7.85545
7.95587
8.05621
8.15568
8.25619
8.35549
8.45601
8.5558
8.65561
8.75619
8.85619
8.95595
9.05568
9.1556
9.25615
9.35543
9.45609
9.55621
9.65569
9.75668
9.85548
9.95538
10.0558
10.1561
10.2558
10.3553
10.4563
10.556
10.6553
10.7563
10.8558
10.9556
11.0583
11.1553
11.2555
11.356
11.4557
11.5562
11.656
11.7556
11.8559
11.9554
12.0559
12.1562
12.2562
12.3557
12.456
12.5556
12.6558
12.7559
12.8554
12.9559
13.0558
13.1562
13.2557
13.3562
13.4562
13.556
13.6558
13.7554
13.8554
13.9562
14.056
14.1561
14.2555
14.356
14.456
14.556
14.6554
14.756
14.8561
14.9557
15.0552
15.156
15.2555
15.3558
15.456
15.556
15.6559
15.756
15.856
15.9562
16.0552
16.1562
16.2559
16.3555
16.4552
16.5552
16.6555
16.7562
16.8554
16.9556
17.0554
17.1558
17.2559
17.3553
17.4557
17.5552
17.6558
17.7562
17.8561
17.9555
18.0561
18.1555
18.2557
18.3558
18.4553
18.5553
18.6557
18.7558
18.8562
18.9558
19.0555
19.1562
19.2553
19.3554
19.4553
19.5556
19.6562
19.7553
19.8559
19.9557
20.0553
20.1556
20.2552
20.3569
20.4558
20.5557
20.6557
20.7557
20.856
20.9553
21.0553
21.1562
21.2562
21.3564
21.4557
21.5558
21.6559
21.7562
21.8565
21.9554
22.0556
22.1562
22.2557
22.3563
22.4555
22.5557
22.6554
22.7556
22.8568
22.9562
23.0553
23.1562
23.2557
23.3563
23.4557
23.5554
23.6552
23.7562
23.856
23.9558
24.0557
24.1557
24.2555
24.3564
24.4555
24.5562
24.6553
24.7554
24.8566
24.9558
25.0557
25.1558
25.2561
25.3564
25.4562
25.5556
25.6552
25.7553
25.8559
25.9561
26.0554
26.1552
26.2556
26.3562
26.4554
26.5553
26.6557
26.7562
26.8564
26.9556
27.0558
27.1562
27.2555
27.3563
27.4553
27.5559
27.6553
27.7558
27.8564
27.956
28.0556
28.156
28.2555
28.3563
28.4562
28.5558
28.6554
28.7554
28.8568
28.9556
29.0561
29.156
29.2553
29.3561
29.4558
29.5562
29.6562
29.7556
29.8566
29.9562
30.0554
30.1553
30.2556
30.3569
30.4557
30.5555
30.6562
30.7556
30.8561
30.9556
31.0561
31.1559
31.2552
31.3566
31.4558
31.5555
31.6552
31.7558
31.8561
31.9553
32.0558
32.156
32.2558
32.3561
32.4557
32.5554
32.6559
32.7554
32.8562
32.956
33.0556
33.1558
33.2555
33.3566
33.4553
33.5554
33.6556
33.756
33.8563
33.9557
34.0556
34.156
34.2558
34.3568
34.4558
34.5561
34.6558
34.7562
34.8567
34.9561
35.056
35.1556
35.2555
35.3567
35.4559
35.5562
35.6556
35.7556
35.8565
35.9553
36.0553
36.1559
36.2562
36.3565
36.4562
36.5562
36.6558
36.7554
36.8564
36.9555
37.056
37.1561
37.2557
37.3563
37.4561
37.5557
37.6558
37.7555
37.857
37.9553
38.0561
38.1562
38.256
38.3566
38.4556
38.5556
38.6556
38.7558
38.8568
38.9555
39.0562
39.1553
39.2557
39.3561
39.456
39.5559
39.6553
39.7558
39.8562
39.9562
40.0552
40.1562
40.2561
40.3562
40.4558
40.5559
40.6553
40.7558
40.8565
40.9558
41.0558
41.1554
41.2557
41.3566
41.4554
41.5552
41.6552
41.7557
41.8564
41.9561
42.056
42.1554
42.2562
42.357
42.4557
42.5553
42.6554
42.7555
42.856
42.956
43.0554
43.1552
43.2552
43.3561
43.4555
43.5553
43.6553
43.7558
43.8567
43.9556
44.0555
44.1557
44.2554
44.3563
44.4557
44.5558
44.6558
44.7556
44.8566
44.9556
45.0552
45.156
45.2555
45.356
45.4562
45.5562
45.6553
45.7559
45.8565
45.9556
46.0552
46.1553
46.2555
46.3564
46.4558
46.556
46.6554
46.7553
46.8568
46.9562
47.0553
47.1557
47.2562
47.3564
47.4559
47.5561
47.6562
47.7558
47.8566
47.9559
48.0562
48.1558
48.2559
48.3566
48.4556
48.5562
48.6553
48.7562
48.856
48.9561
49.056
49.1562
49.2558
49.3563
49.4556
49.5554
49.6557
49.7554
49.856
49.9556
50.0558
50.1558
50.2562
50.356
50.456
50.5553
50.6559
50.7559
50.8563
50.956
51.0559
51.1554
51.2556
51.3565
51.4562
51.5556
51.6562
51.7555
51.8569
51.9554
52.0556
52.1556
52.2556
52.357
52.456
52.5553
52.6562
52.7557
52.8561
52.9562
53.0554
53.1557
53.2552
53.3568
53.4554
53.5561
53.6562
53.7557
53.8565
53.9559
54.0556
54.1561
54.2556
54.3569
54.4559
54.5563
54.6554
54.7555
54.8571
54.9561
55.0559
55.1556
55.2562
55.3569
55.4557
55.5562
55.6555
55.7561
55.856
55.956
56.056
56.1558
56.256
56.3563
56.4559
56.5556
56.6553
56.7555
56.8569
56.9554
57.056
57.1562
57.2554
57.3562
57.4555
57.5553
57.6556
57.7552
57.8567
57.9553
58.056
58.1552
58.2554
58.3563
58.4561
58.556
58.656
58.7557
58.8564
58.9558
59.0562
59.1561
59.2562
59.3568
59.4555
59.5561
59.656
59.7553
59.8562
59.9558
60.0562
60.1554
60.2563
60.3565
60.4562
60.5562
60.6556
60.7553
60.8564
60.9558
61.0558
61.1562
61.2555
61.3566
61.4557
61.5562
61.6561
61.7555
61.8569
61.9559
62.056
62.1558
62.2557
62.3559
62.4559
62.5562
62.6561
62.7562
62.8571
62.9553
63.0559
63.1556
63.2563
63.3564
63.4552
63.5559
63.6555
63.756
63.8563
63.9556
64.0562
64.1554
64.2556
64.3562
64.4552
64.5557
64.6558
64.7555
64.857
64.9558
65.0562
65.156
65.2562
65.3567
65.4555
65.556
65.6554
65.7562
65.8568
65.9556
66.0559
66.1553
66.2556
66.3569
66.4553
66.5557
66.6559
66.7557
66.857
66.9562
67.0562
67.1554
67.2557
67.3569
67.4557
67.5558
67.6553
67.7557
67.8566
67.9558
68.0554
68.1554
68.2554
68.3563
68.4556
68.5557
68.6557
68.7556
68.8563
68.9559
69.0553
69.1552
69.2559
69.3568
69.4558
69.5558
69.6558
69.7554
69.8563
69.956
70.0559
70.1559
70.2555
70.3565
70.456
70.5562
70.6562
70.7556
70.857
70.9555
71.0557
71.1554
71.2557
71.357
71.4562
71.5555
71.6557
71.7561
71.8565
71.9553
72.0561
72.1557
72.256
72.3563
72.4553
72.5556
72.6553
72.7559
72.8564
72.9558
73.0558
73.1561
73.2558
73.3562
73.4558
73.5555
73.6555
73.7555
73.8568
73.9557
74.056
74.156
74.2558
74.3565
74.4554
74.5559
74.6562
74.7562
74.8562
74.9562
75.0559
75.1562
75.2555
75.3575
75.4558
75.5561
75.6559
75.7554
75.8563
75.9559
76.0558
76.1555
76.2557
76.3568
76.456
76.5552
76.6555
76.7555
76.857
76.956
77.0561
77.1554
77.256
77.3563
77.4552
77.556
77.6554
77.756
77.8558
77.9561
78.0552
78.1552
78.2555
78.3566
78.4554
78.5562
78.6559
78.7553
78.8563
78.956
79.0559
79.1562
79.2552
79.3561
79.4556
79.5553
79.6554
79.756
79.8561
79.9562
80.0553
80.1554
80.2554
80.3567
80.4553
80.5556
80.6554
80.7562
80.8567
80.9561
81.0557
81.1553
81.2558
81.357
81.4559
81.5561
81.6557
81.7558
81.8564
81.9557
82.0555
82.1554
82.2557
82.3566
82.4559
82.5558
82.656
82.7554
82.8567
82.956
83.0559
83.1558
83.2552
83.3566
83.4552
83.5553
83.6558
83.7554
83.8568
83.9553
84.0558
84.156
84.256
84.3563
84.4556
84.5556
84.6557
84.7558
84.857
84.9557
85.0558
85.1559
85.2556
85.3565
85.4556
85.5557
85.6553
85.7554
85.8565
85.9553
86.0559
86.156
86.2559
86.3565
86.4562
86.5557
86.6557
86.7557
86.8564
86.956
87.0558
87.1554
87.2552
87.3567
87.4556
87.5556
87.6556
87.7552
87.856
87.9557
88.0562
88.1554
88.2554
88.3564
88.4558
88.5556
88.6553
88.7562
88.8564
88.9552
89.0554
89.1554
89.2561
89.3567
89.4562
89.5557
89.6561
89.7559
89.8562
89.9555
90.0552
90.1557
90.2553
90.3567
90.4553
90.5562
90.656
90.7554
90.8564
90.9557
91.0556
91.1555
91.2553
91.3564
91.4557
91.5553
91.6558
91.756
91.857
91.9561
92.0562
92.1558
92.2562
92.3565
92.4553
92.556
92.6559
92.7562
92.8561
92.9561
93.0552
93.1562
93.2555
93.356
93.4559
93.5556
93.6559
93.7561
93.8568
93.9562
94.0552
94.1561
94.2555
94.3568
94.4554
94.5556
94.6559
94.7559
94.8568
94.9562
95.0559
95.156
95.256
95.3563
95.4562
95.5562
95.6558
95.7559
95.8563
95.9558
96.0552
96.1559
96.2561
96.3569
96.456
96.5561
96.6552
96.7553
96.8565
96.9559
97.0562
97.1556
97.2557
97.3564
97.4562
97.5555
97.6562
97.7556
97.857
97.9556
98.0556
98.1562
98.2554
98.3559
98.4554
98.5553
98.6556
98.7554
98.8568
98.9553
99.0553
99.1558
99.2556
99.3569
99.4562
99.556
99.656
99.756
99.8565
99.9555
100.056
100.155
100.256
100.357
100.456
100.556
100.656
100.756
100.857
100.956
101.055
101.155
101.256
101.357
101.455
101.555
101.656
101.756
101.857
101.955
102.055
102.155
102.255
102.357
102.456
102.555
102.655
102.756
102.856
102.956
103.056
103.155
103.255
103.357
103.456
103.556
103.656
103.755
103.856
103.956
104.055
104.156
104.256
104.357
104.456
104.556
104.655
104.756
104.857
104.956
105.056
105.155
105.256
105.357
105.456
105.555
105.655
105.756
105.856
105.955
106.056
106.155
106.256
106.356
106.456
106.555
106.656
106.756
106.857
106.955
107.056
107.156
107.255
107.357
107.455
107.556
107.656
107.755
107.856
107.956
108.056
108.156
108.256
108.357
108.456
108.556
108.656
108.756
108.856
108.955
109.056
109.156
109.255
109.356
109.455
109.556
109.656
109.756
109.857
109.956
110.055
110.155
110.255
110.357
110.456
110.555
110.655
110.756
110.856
110.956
111.055
111.156
111.256
111.356
111.456
111.556
111.656
111.756
111.857
111.956
112.056
112.155
112.256
112.357
112.455
112.556
112.656
112.756
112.857
112.956
113.056
113.156
113.256
113.357
113.456
113.555
113.656
113.756
113.857
113.956
114.055
114.156
114.255
114.357
114.455
114.556
114.655
114.756
114.856
114.955
115.056
115.156
115.256
115.357
115.456
115.556
115.656
115.756
115.856
115.956
116.056
116.156
116.256
116.356
116.456
116.556
116.656
116.756
116.856
116.956
117.056
117.156
117.256
117.356
117.455
117.556
117.656
117.756
117.856
117.956
118.055
118.155
118.256
118.356
118.456
118.556
118.656
118.755
118.856
118.956
119.055
119.156
119.256
119.356
119.456
119.556
119.656
119.756
119.855
119.956
120.056
120.156
120.256
120.355
120.455
120.556
120.655
120.756
120.856
120.955
121.056
121.156
121.255
121.356
121.456
121.556
121.656
121.756
121.856
121.956
122.055
122.156
122.256
122.356
122.455
122.556
122.656
122.756
122.855
122.956
123.056
123.155
123.256
123.356
123.456
123.555
123.656
123.756
123.855
123.956
124.056
124.156
124.255
124.356
124.456
124.556
124.656
124.756
124.855
124.956
125.056
125.156
125.255
125.356
125.455
125.556
125.656
125.755
125.855
125.956
126.056
126.156
126.256
126.356
126.455
126.556
126.656
126.756
126.855
126.956
127.056
127.155
127.256
127.355
127.455
127.556
127.656
127.756
127.856
127.956
128.056
128.155
128.256
128.356
128.455
128.556
128.655
128.755
128.855
128.956
129.056
129.155
129.256
129.355
129.455
129.556
129.656
129.756
129.855
129.956
130.056
130.155
130.256
130.356
130.456
130.556
130.655
130.756
130.856
130.955
131.055
131.155
131.255
131.356
131.456
131.556
131.656
131.755
131.856
131.956
132.056
132.156
132.255
132.355
132.455
132.556
132.656
132.755
132.856
132.956
133.056
133.156
133.256
133.356
133.456
133.555
133.655
133.756
133.855
133.956
134.055
134.155
134.256
134.355
134.455
134.556
134.656
134.756
134.856
134.955
135.056
135.156
135.256
135.356
135.456
135.556
135.656
135.756
135.855
135.956
136.056
136.156
136.256
136.356
136.456
136.555
136.655
136.755
136.855
136.956
137.055
137.156
137.256
137.356
137.455
137.556
137.655
137.756
137.856
137.956
138.056
138.155
138.255
138.355
138.456
138.555
138.655
138.756
138.856
138.955
139.056
139.156
139.255
139.355
139.456
139.556
139.656
139.756
139.856
139.957
140.056
140.155
140.256
140.355
140.455
140.555
140.656
140.756
140.856
140.956
141.056
141.156
141.256
141.356
141.456
141.556
141.656
141.755
141.856
141.956
142.056
142.156
142.256
142.355
142.455
142.556
142.656
142.756
142.855
142.956
143.055
143.156
143.256
143.356
143.455
143.556
143.656
143.756
143.856
143.956
144.055
144.156
144.255
144.355
144.456
144.556
144.655
144.756
144.855
144.956
145.056
145.155
145.255
145.356
145.456
145.555
145.655
145.756
145.855
145.956
146.055
146.156
146.255
146.356
146.455
146.556
146.656
146.756
146.856
146.955
147.056
147.156
147.256
147.355
147.455
147.555
147.655
147.755
147.855
147.956
148.056
148.156
148.256
148.356
148.456
148.556
148.656
148.755
148.855
148.955
149.055
149.156
149.255
149.356
149.456
149.556
149.656
149.756
149.856
149.956
150.056
150.155
150.255
150.356
150.456
150.556
150.655
150.755
150.856
150.956
151.056
151.156
151.256
151.356
151.456
151.555
151.656
151.755
151.855
151.956
152.056
152.155
152.256
152.355
152.456
152.556
152.656
152.755
152.856
152.955
153.056
153.156
153.256
153.356
153.456
153.556
153.656
153.755
153.856
153.956
154.055
154.156
154.255
154.356
154.455
154.556
154.656
154.756
154.855
154.956
155.056
155.156
155.256
155.356
155.456
155.556
155.656
155.756
155.856
155.956
156.055
156.155
156.256
156.356
156.456
156.556
156.655
156.756
156.856
156.956
157.055
157.156
157.255
157.356
157.456
157.555
157.656
157.756
157.855
157.956
158.056
158.156
158.256
158.355
158.456
158.556
158.656
158.756
158.855
158.956
159.056
159.156
159.256
159.355
159.456
159.555
159.656
159.756
159.855
159.956
160.055
160.155
160.256
160.355
160.456
160.556
160.656
160.756
160.856
160.956
161.056
161.155
161.256
161.356
161.455
161.556
161.655
161.756
161.856
161.956
162.056
162.156
162.255
162.356
162.456
162.556
162.655
162.756
162.855
162.956
163.056
163.156
163.256
163.356
163.456
163.556
163.656
163.756
163.855
163.956
164.056
164.155
164.256
164.357
164.456
164.556
164.656
164.756
164.856
164.955
165.055
165.156
165.256
165.356
165.455
165.556
165.656
165.756
165.856
165.956
166.056
166.156
166.256
166.355
166.456
166.556
166.656
166.755
166.855
166.956
167.056
167.156
167.255
167.355
167.455
167.556
167.655
167.756
167.855
167.956
168.056
168.156
168.256
168.355
168.456
168.556
168.656
168.756
168.856
168.955
169.056
169.155
169.257
169.355
169.455
169.556
169.656
169.756
169.855
169.956
170.056
170.156
170.256
170.356
170.456
170.556
170.656
170.756
170.855
170.956
171.056
171.156
171.256
171.355
171.456
171.556
171.656
171.756
171.855
171.956
172.056
172.156
172.256
172.356
172.456
172.556
172.656
172.756
172.856
172.956
173.056
173.156
173.256
173.356
173.455
173.556
173.656
173.756
173.856
173.955
174.056
174.156
174.256
174.356
174.456
174.556
174.656
174.755
174.856
174.956
175.056
175.155
175.256
175.356
175.456
175.555
175.656
175.756
175.856
175.955
176.055
176.155
176.255
176.355
176.456
176.556
176.655
176.756
176.855
176.956
177.055
177.155
177.255
177.355
177.455
177.556
177.656
177.755
177.855
177.956
178.056
178.156
178.256
178.356
178.456
178.556
178.656
178.756
178.856
178.956
179.056
179.156
179.256
179.356
179.456
179.556
179.655
179.756
179.856
179.956
180.056
180.155
180.256
180.356
180.456
180.555
180.656
180.756
180.856
180.956
181.056
181.156
181.256
181.355
181.456
181.555
181.656
181.756
181.855
181.956
182.056
182.156
182.256
182.356
182.455
182.556
182.656
182.755
182.856
182.955
183.055
183.156
183.255
183.356
183.456
183.556
183.656
183.756
183.856
183.956
184.056
184.155
184.256
184.357
184.455
184.556
184.655
184.756
184.857
184.956
185.056
185.155
185.255
185.357
185.455
185.556
185.655
185.755
185.857
185.955
186.055
186.155
186.256
186.357
186.456
186.556
186.656
186.756
186.856
186.956
187.056
187.156
187.255
187.356
187.456
187.556
187.656
187.755
187.857
187.956
188.056
188.156
188.255
188.356
188.455
188.556
188.656
188.756
188.856
188.956
189.056
189.156
189.256
189.356
189.456
189.556
189.656
189.756
189.856
189.955
190.055
190.156
190.257
190.356
190.456
190.555
190.656
190.756
190.856
190.955
191.056
191.155
191.256
191.356
191.455
191.556
191.655
191.755
191.855
191.955
192.056
192.156
192.256
192.356
192.455
192.556
192.655
192.756
192.856
192.956
193.056
193.156
193.255
193.356
193.455
193.555
193.655
193.756
193.856
193.956
194.056
194.156
194.255
194.356
194.456
194.556
194.656
194.756
194.856
194.955
195.056
195.155
195.256
195.355
195.456
195.555
195.655
195.756
195.856
195.956
196.056
196.156
196.256
196.356
196.456
196.556
196.656
196.756
196.856
196.956
197.055
197.156
197.256
197.356
197.455
197.556
197.656
197.755
197.856
197.955
198.056
198.155
198.256
198.356
198.455
198.556
198.656
198.755
198.855
198.956
199.055
199.155
199.256
199.355
199.456
199.555
199.655
199.756
199.856
199.956
200.056
200.156
200.256
200.356
200.455
200.556
200.656
200.755
200.856
200.956
201.056
201.156
201.256
201.355
201.456
201.555
201.656
201.756
201.856
201.956
202.056
202.155
202.257
202.356
202.455
202.556
202.655
202.755
202.856
202.956
203.056
203.156
203.255
203.357
203.455
203.556
203.656
203.756
203.856
203.955
204.056
204.155
204.256
204.356
204.456
204.556
204.655
204.756
204.856
204.956
205.055
205.155
205.256
205.356
205.456
205.556
205.656
205.756
205.856
205.955
206.055
206.156
206.255
206.357
206.456
206.556
206.655
206.756
206.857
206.956
207.055
207.156
207.256
207.356
207.456
207.556
207.656
207.756
207.856
207.955
208.056
208.156
208.256
208.356
208.456
208.556
208.655
208.755
208.855
208.956
209.056
209.156
209.256
209.356
209.455
209.556
209.656
209.756
209.856
209.956
210.056
210.156
210.256
210.356
210.455
210.556
210.656
210.756
210.855
210.956
211.056
211.156
211.256
211.356
211.456
211.556
211.656
211.756
211.856
211.956
212.056
212.156
212.256
212.356
212.456
212.555
212.655
212.756
212.856
212.955
213.056
213.156
213.256
213.355
213.455
213.556
213.656
213.756
213.856
213.956
214.056
214.156
214.255
214.355
214.455
214.556
214.656
214.756
214.856
214.956
215.056
215.156
215.255
215.356
215.455
215.555
215.656
215.756
215.856
215.955
216.055
216.155
216.255
216.356
216.456
216.556
216.656
216.756
216.856
216.955
217.055
217.156
217.256
217.355
217.456
217.556
217.656
217.756
217.856
217.956
218.056
218.156
218.256
218.356
218.456
218.555
218.656
218.755
218.856
218.956
219.056
219.156
219.255
219.356
219.456
219.556
219.656
219.756
219.856
219.955
220.055
220.156
220.256
220.356
220.456
220.556
220.656
220.755
220.856
220.956
221.055
221.156
221.256
221.356
221.456
221.555
221.655
221.756
221.856
221.956
222.056
222.156
222.256
222.356
222.456
222.555
222.656
222.756
222.856
222.956
223.056
223.156
223.256
223.356
223.456
223.556
223.656
223.755
223.856
223.956
224.056
224.155
224.256
224.355
224.456
224.556
224.656
224.755
224.856
224.955
225.056
225.156
225.256
225.355
225.456
225.556
225.655
225.756
225.856
225.956
226.055
226.155
226.255
226.356
226.456
226.556
226.656
226.756
226.855
226.955
227.056
227.156
227.255
227.356
227.455
227.555
227.656
227.755
227.856
227.955
228.055
228.156
228.256
228.356
228.456
228.556
228.656
228.756
228.855
228.956
229.055
229.156
229.255
229.356
229.456
229.556
229.655
229.756
229.856
229.955
230.055
230.156
230.256
230.356
230.456
230.556
230.656
230.756
230.856
230.956
231.056
231.156
231.256
231.356
231.456
231.556
231.656
231.756
231.856
231.955
232.056
232.156
232.256
232.356
232.455
232.556
232.656
232.756
232.856
232.956
233.056
233.155
233.256
233.356
233.456
233.556
233.656
233.756
233.855
233.956
234.056
234.156
234.256
234.356
234.456
234.555
234.656
234.755
234.856
234.955
235.055
235.156
235.256
235.356
235.456
235.556
235.656
235.756
235.856
235.956
236.056
236.156
236.255
236.356
236.456
236.556
236.656
236.755
236.857
236.956
237.056
237.156
237.256
237.356
237.455
237.556
237.655
237.756
237.856
237.955
238.056
238.155
238.256
238.356
238.456
238.556
238.656
238.756
238.855
238.956
239.055
239.156
239.256
239.356
239.455
239.555
239.656
239.756
239.856
239.956
240.056
240.156
240.255
240.356
240.456
240.556
240.655
240.756
240.856
240.955
241.055
241.156
241.255
241.356
241.456
241.556
241.655
241.756
241.856
241.956
242.056
242.156
242.256
242.356
242.455
242.556
242.656
242.756
242.855
242.956
243.055
243.156
243.255
243.355
243.456
243.556
243.656
243.756
243.856
243.955
244.056
244.156
244.256
244.356
244.456
244.556
244.656
244.756
244.855
244.955
245.056
245.155
245.256
245.356
245.456
245.556
245.656
245.756
245.856
245.956
246.056
246.156
246.256
246.356
246.456
246.555
246.656
246.755
246.855
246.955
247.055
247.156
247.255
247.356
247.456
247.556
247.655
247.756
247.856
247.955
248.055
248.155
248.255
248.356
248.455
248.555
248.656
248.756
248.855
248.955
249.056
249.156
249.255
249.356
249.456
249.556
249.656
249.756
249.855
249.956
250.056
250.156
250.256
250.356
250.456
250.556
250.656
250.756
250.856
250.956
251.056
251.156
251.255
251.356
251.455
251.556
251.655
251.756
251.855
251.955
252.056
252.156
252.256
252.356
252.456
252.556
252.656
252.756
252.855
252.956
253.055
253.156
253.256
253.356
253.456
253.555
253.655
253.755
253.856
253.955
254.056
254.156
254.256
254.356
254.456
254.555
254.655
254.755
254.856
254.956
255.056
255.156
255.256
255.357
255.456
255.556
255.655
255.756
255.855
255.956
256.056
256.156
256.256
256.356
256.456
256.556
256.655
256.756
256.857
256.956
257.056
257.156
257.256
257.356
257.456
257.556
257.656
257.756
257.856
257.956
258.056
258.155
258.256
258.356
258.456
258.555
258.656
258.755
258.856
258.956
259.055
259.155
259.256
259.356
259.455
259.555
259.656
259.756
259.856
259.956
260.056
260.155
260.255
260.356
260.456
260.556
260.656
260.755
260.856
260.956
261.056
261.156
261.256
261.355
261.456
261.555
261.656
261.756
261.856
261.956
262.055
262.156
262.256
262.356
262.456
262.556
262.656
262.756
262.856
262.956
263.056
263.156
263.256
263.356
263.456
263.555
263.656
263.756
263.855
263.955
264.056
264.156
264.256
264.356
264.456
264.556
264.656
264.755
264.856
264.956
265.055
265.155
265.255
265.355
265.456
265.556
265.656
265.756
265.855
265.956
266.056
266.155
266.256
266.356
266.456
266.555
266.656
266.756
266.855
266.956
267.055
267.156
267.256
267.356
267.456
267.556
267.655
267.755
267.856
267.956
268.056
268.155
268.255
268.356
268.456
268.556
268.655
268.756
268.856
268.956
269.056
269.155
269.256
269.355
269.456
269.556
269.656
269.756
269.856
269.956
270.056
270.156
270.256
270.356
270.455
270.556
270.656
270.756
270.856
270.956
271.056
271.156
271.255
271.356
271.455
271.556
271.656
271.756
271.855
271.955
272.056
272.156
272.256
272.356
272.456
272.556
272.656
272.755
272.856
272.956
273.056
273.156
273.255
273.356
273.456
273.555
273.656
273.755
273.856
273.956
274.056
274.155
274.256
274.355
274.455
274.556
274.656
274.756
274.856
274.956
275.055
275.155
275.255
275.356
275.456
275.556
275.656
275.756
275.855
275.956
276.055
276.155
276.256
276.357
276.456
276.556
276.656
276.756
276.856
276.955
277.056
277.156
277.256
277.356
277.455
277.555
277.656
277.756
277.856
277.956
278.056
278.156
278.256
278.357
278.456
278.556
278.656
278.756
278.857
278.956
279.055
279.157
279.256
279.357
279.456
279.555
279.656
279.756
279.856
279.955
280.055
280.155
280.256
280.357
280.456
280.556
280.656
280.756
280.856
280.956
281.056
281.156
281.256
281.356
281.456
281.555
281.656
281.756
281.855
281.956
282.056
282.155
282.256
282.356
282.455
282.555
282.656
282.756
282.856
282.955
283.056
283.156
283.256
283.356
283.455
283.555
283.656
283.755
283.856
283.955
284.056
284.155
284.256
284.355
284.456
284.556
284.656
284.756
284.855
284.956
285.056
285.155
285.256
285.356
285.456
285.556
285.655
285.756
285.856
285.956
286.055
286.155
286.256
286.356
286.456
286.555
286.656
286.756
286.856
286.955
287.056
287.156
287.255
287.356
287.456
287.556
287.656
287.756
287.855
287.955
288.056
288.155
288.256
288.356
288.455
288.555
288.655
288.756
288.856
288.956
289.056
289.156
289.256
289.356
289.456
289.556
289.656
289.756
289.856
289.955
290.056
290.156
290.256
290.356
290.456
290.555
290.656
290.755
290.856
290.956
291.056
291.156
291.256
291.356
291.456
291.556
291.656
291.756
291.856
291.956
292.056
292.156
292.255
292.356
292.456
292.556
292.655
292.756
292.856
292.955
293.055
293.156
293.256
293.356
293.456
293.555
293.656
293.756
293.856
293.956
294.056
294.156
294.255
294.356
294.456
294.555
294.655
294.755
294.856
294.956
295.056
295.156
295.256
295.355
295.455
295.555
295.656
295.756
295.856
295.956
296.056
296.155
296.255
296.356
296.456
296.556
296.656
296.756
296.856
296.955
297.055
297.156
297.256
297.355
297.455
297.556
297.656
297.756
297.856
297.956
298.055
298.155
298.256
298.356
298.455
298.556
298.655
298.756
298.856
298.956
299.056
299.155
299.256
299.356
299.456
299.555
299.656
299.756
299.856
299.955
300.055
300.156
300.256
300.356
300.456
300.556
300.656
300.756
300.855
300.956
301.055
301.156
301.256
301.356
301.456
301.556
301.656
301.756
301.855
301.956
302.056
302.156
302.255
302.356
302.455
302.556
302.656
302.755
302.856
302.956
303.056
303.156
303.256
303.356
303.455
303.555
303.656
303.756
303.856
303.956
304.055
304.156
304.255
304.355
304.456
304.556
304.655
304.756
304.856
304.955
305.056
305.156
305.255
305.355
305.456
305.555
305.656
305.755
305.856
305.956
306.055
306.156
306.256
306.356
306.456
306.556
306.656
306.755
306.856
306.956
307.056
307.156
307.256
307.356
307.456
307.555
307.655
307.756
307.856
307.956
308.055
308.156
308.256
308.355
308.456
308.555
308.655
308.756
308.856
308.955
309.055
309.156
309.256
309.355
309.456
309.556
309.656
309.755
309.856
309.956
310.055
310.156
310.255
310.356
310.456
310.555
310.656
310.756
310.856
310.955
311.055
311.155
311.255
311.356
311.456
311.556
311.656
311.756
311.856
311.956
312.055
312.156
312.256
312.355
312.456
312.555
312.656
312.756
312.856
312.955
313.055
313.156
313.255
313.356
313.455
313.555
313.655
313.756
313.856
313.955
314.056
314.156
314.256
314.357
314.456
314.556
314.656
314.756
314.856
314.956
315.056
315.156
315.256
315.357
315.456
315.556
315.655
315.756
315.856
315.956
316.056
316.156
316.256
316.357
316.456
316.555
316.656
316.755
316.856
316.955
317.055
317.155
317.256
317.356
317.456
317.555
317.656
317.755
317.857
317.955
318.055
318.156
318.255
318.357
318.456
318.556
318.655
318.755
318.857
318.955
319.055
319.156
319.256
319.356
319.455
319.555
319.656
319.756
319.856
319.955
320.056
320.156
320.256
320.355
320.455
320.556
320.655
320.756
320.856
320.955
321.056
321.156
321.256
321.356
321.456
321.556
321.655
321.755
321.856
321.956
322.055
322.156
322.256
322.355
322.455
322.556
322.656
322.756
322.855
322.956
323.056
323.156
323.256
323.355
323.456
323.556
323.656
323.755
323.856
323.956
324.055
324.156
324.256
324.356
324.456
324.555
324.655
324.756
324.856
324.956
325.056
325.156
325.255
325.356
325.456
325.556
325.656
325.756
325.856
325.956
326.056
326.156
326.256
326.356
326.456
326.556
326.656
326.755
326.856
326.955
327.056
327.155
327.256
327.355
327.455
327.555
327.656
327.755
327.856
327.955
328.055
328.155
328.256
328.355
328.456
328.556
328.655
328.755
328.856
328.955
329.055
329.156
329.255
329.355
329.456
329.556
329.656
329.756
329.856
329.956
330.056
330.155
330.255
330.356
330.455
330.556
330.656
330.756
330.855
330.955
331.055
331.155
331.255
331.356
331.456
331.555
331.656
331.755
331.856
331.956
332.056
332.156
332.256
332.356
332.455
332.556
332.655
332.756
332.856
332.956
333.056
333.156
333.256
333.355
333.456
333.556
333.656
333.756
333.856
333.956
334.056
334.155
334.256
334.356
334.456
334.556
334.656
334.756
334.856
334.956
335.056
335.156
335.256
335.355
335.456
335.556
335.656
335.756
335.856
335.955
336.056
336.156
336.256
336.356
336.456
336.556
336.656
336.756
336.856
336.956
337.056
337.156
337.256
337.356
337.456
337.556
337.656
337.756
337.855
337.955
338.055
338.156
338.256
338.355
338.455
338.556
338.656
338.756
338.856
338.956
339.055
339.156
339.255
339.357
339.456
339.555
339.656
339.756
339.857
339.955
340.056
340.156
340.255
340.357
340.455
340.556
340.656
340.755
340.856
340.955
341.055
341.156
341.256
341.357
341.455
341.556
341.656
341.756
341.857
341.956
342.056
342.156
342.255
342.357
342.456
342.555
342.656
342.755
342.856
342.956
343.055
343.156
343.255
343.356
343.456
343.556
343.656
343.755
343.857
343.956
344.056
344.156
344.255
344.357
344.456
344.556
344.656
344.756
344.856
344.956
345.056
345.156
345.255
345.357
345.455
345.556
345.655
345.756
345.856
345.956
346.056
346.156
346.256
346.356
346.456
346.556
346.656
346.755
346.857
346.955
347.055
347.156
347.255
347.357
347.456
347.556
347.656
347.755
347.857
347.956
348.056
348.156
348.256
348.357
348.455
348.556
348.656
348.756
348.857
348.956
349.056
349.156
349.256
349.357
349.456
349.556
349.655
349.756
349.857
349.956
350.055
350.156
350.256
350.357
350.455
350.555
350.656
350.756
350.856
350.955
351.056
351.156
351.256
351.358
351.456
351.556
351.655
351.756
351.856
351.956
352.056
352.156
352.256
352.356
352.456
352.556
352.656
352.756
352.856
352.955
353.055
353.156
353.255
353.356
353.456
353.556
353.655
353.756
353.856
353.955
354.056
354.156
354.255
354.355
354.456
354.556
354.655
354.756
354.856
354.956
355.055
355.156
355.255
355.356
355.456
355.556
355.656
355.755
355.856
355.955
356.055
356.155
356.256
356.355
356.455
356.556
356.655
356.756
356.856
356.956
357.056
357.156
357.256
357.355
357.456
357.555
357.656
357.756
357.856
357.956
358.056
358.156
358.256
358.355
358.455
358.555
358.656
358.756
358.856
358.955
359.055
359.155
359.256
359.355
359.456
359.556
359.656
359.755
359.856
359.956
360.056
360.156
360.256
360.356
360.456
360.556
360.655
360.756
360.856
360.956
361.055
361.156
361.255
361.356
361.456
361.556
361.656
361.755
361.855
361.956
362.056
362.155
362.256
362.355
362.456
362.555
362.656
362.756
362.856
362.956
363.055
363.156
363.255
363.355
363.456
363.556
363.656
363.756
363.856
363.955
364.055
364.156
364.255
364.356
364.456
364.555
364.655
364.756
364.856
364.956
365.056
365.156
365.256
365.355
365.456
365.556
365.656
365.756
365.856
365.956
366.056
366.155
366.256
366.356
366.456
366.556
366.656
366.755
366.856
366.955
367.055
367.156
367.256
367.355
367.456
367.555
367.656
367.756
367.856
367.956
368.055
368.156
368.256
368.356
368.456
368.556
368.656
368.756
368.856
368.956
369.055
369.156
369.256
369.356
369.456
369.556
369.656
369.756
369.855
369.956
370.056
370.156
370.256
370.356
370.456
370.556
370.655
370.755
370.856
370.956
371.055
371.156
371.255
371.355
371.455
371.556
371.656
371.756
371.855
371.956
372.055
372.156
372.255
372.356
372.456
372.556
372.656
372.756
372.856
372.956
373.056
373.156
373.255
373.356
373.456
373.555
373.656
373.756
373.856
373.955
374.056
374.156
374.255
374.355
374.456
374.556
374.656
374.757
374.856
374.955
375.056
375.155
375.256
375.356
375.456
375.556
375.656
375.756
375.856
375.956
376.056
376.156
376.256
376.356
376.456
376.556
376.655
376.756
376.856
376.955
377.056
377.156
377.256
377.355
377.455
377.556
377.655
377.755
377.855
377.956
378.056
378.155
378.255
378.355
378.456
378.555
378.655
378.755
378.856
378.956
379.055
379.155
379.255
379.356
379.455
379.556
379.656
379.755
379.855
379.955
380.056
380.156
380.256
380.356
380.456
380.556
380.656
380.755
380.856
380.955
381.055
381.156
381.256
381.355
381.456
381.556
381.656
381.756
381.856
381.956
382.055
382.156
382.255
382.356
382.456
382.556
382.656
382.755
382.856
382.956
383.055
383.156
383.255
383.355
383.456
383.555
383.656
383.756
383.855
383.955
384.056
384.156
384.256
384.356
384.456
384.555
384.656
384.756
384.856
384.956
385.055
385.156
385.256
385.355
385.456
385.556
385.655
385.756
385.856
385.956
386.056
386.155
386.256
386.356
386.455
386.555
386.656
386.756
386.856
386.955
387.056
387.155
387.256
387.355
387.456
387.556
387.656
387.756
387.856
387.956
388.056
388.156
388.256
388.356
388.456
388.555
388.656
388.756
388.856
388.956
389.056
389.156
389.256
389.356
389.456
389.556
389.655
389.756
389.856
389.956
390.056
390.155
390.255
390.356
390.456
390.556
390.656
390.756
390.855
390.956
391.056
391.156
391.256
391.356
391.456
391.556
391.656
391.756
391.856
391.956
392.056
392.155
392.256
392.355
392.456
392.556
392.655
392.756
392.856
392.956
393.056
393.156
393.256
393.356
393.455
393.555
393.656
393.756
393.855
393.956
394.056
394.156
394.256
394.356
394.455
394.556
394.656
394.756
394.856
394.955
395.055
395.155
395.256
395.356
395.455
395.556
395.656
395.755
395.856
395.956
396.055
396.156
396.255
396.355
396.456
396.555
396.656
396.756
396.856
396.956
397.055
397.155
397.255
397.356
397.455
397.555
397.656
397.755
397.856
397.955
398.055
398.155
398.255
398.357
398.455
398.556
398.656
398.756
398.856
398.956
399.055
399.155
399.256
399.357
399.456
399.556
399.656
399.756
399.857
399.956
400.056
400.156
400.256
400.357
400.455
400.556
400.655
400.756
400.856
400.956
401.056
401.155
401.255
401.357
401.456
401.556
401.656
401.755
401.856
401.956
402.056
402.156
402.256
402.356
402.456
402.555
402.656
402.755
402.856
402.956
403.056
403.155
403.256
403.357
403.456
403.556
403.656
403.756
403.856
403.955
404.056
404.155
404.256
404.357
404.455
404.556
404.655
404.756
404.856
404.956
405.055
405.156
405.255
405.356
405.456
405.556
405.655
405.755
405.857
405.955
406.055
406.156
406.256
406.356
406.456
406.556
406.656
406.755
406.857
406.955
407.056
407.156
407.256
407.357
407.456
407.556
407.656
407.755
407.856
407.956
408.055
408.155
408.256
408.357
408.455
408.556
408.656
408.756
408.857
408.956
409.056
409.156
409.256
409.357
409.455
409.556
409.656
409.756
409.857
409.956
410.055
410.155
410.256
410.357
410.456
410.556
410.656
410.756
410.856
410.956
411.056
411.156
411.256
411.356
411.455
411.556
411.656
411.755
411.856
411.956
412.056
412.156
412.255
412.357
412.456
412.556
412.656
412.756
412.856
412.956
413.056
413.155
413.256
413.356
413.456
413.556
413.655
413.756
413.855
413.955
414.056
414.156
414.256
414.355
414.456
414.556
414.656
414.755
414.855
414.956
415.055
415.156
415.255
415.356
415.456
415.556
415.656
415.756
415.855
415.956
416.055
416.156
416.255
416.356
416.455
416.556
416.656
416.756
416.856
416.956
417.056
417.156
417.255
417.355
417.456
417.555
417.655
417.756
417.856
417.956
418.056
418.156
418.256
418.356
418.456
418.556
418.656
418.755
418.855
418.956
419.055
419.156
419.256
419.356
419.455
419.556
419.656
419.755
419.855
419.955
420.056
420.156
420.256
420.356
420.456
420.556
420.655
420.756
420.855
420.955
421.056
421.156
421.256
421.356
421.456
421.556
421.656
421.756
421.856
421.956
422.055
422.156
422.256
422.356
422.456
422.555
422.656
422.756
422.856
422.955
423.055
423.156
423.255
423.355
423.455
423.555
423.656
423.755
423.856
423.956
424.055
424.155
424.255
424.355
424.456
424.556
424.656
424.755
424.856
424.956
425.056
425.156
425.255
425.356
425.455
425.555
425.655
425.756
425.856
425.956
426.055
426.156
426.255
426.356
426.456
426.555
426.656
426.756
426.856
426.956
427.055
427.155
427.256
427.356
427.456
427.556
427.655
427.756
427.856
427.956
428.056
428.156
428.255
428.356
428.456
428.555
428.655
428.756
428.855
428.956
429.056
429.156
429.256
429.356
429.455
429.556
429.656
429.756
429.856
429.956
430.056
430.156
430.255
430.356
430.456
430.556
430.656
430.756
430.856
430.955
431.055
431.156
431.255
431.356
431.456
431.556
431.656
431.755
431.856
431.955
432.056
432.155
432.256
432.355
432.455
432.556
432.656
432.756
432.857
432.956
433.056
433.155
433.256
433.357
433.456
433.556
433.656
433.756
433.856
433.955
434.055
434.156
434.256
434.357
434.456
434.555
434.655
434.756
434.856
434.955
435.056
435.156
435.256
435.356
435.456
435.556
435.656
435.756
435.855
435.956
436.055
436.155
436.256
436.356
436.456
436.555
436.655
436.755
436.856
436.956
437.056
437.156
437.255
437.356
437.456
437.556
437.655
437.756
437.856
437.956
438.056
438.156
438.255
438.356
438.455
438.555
438.656
438.755
438.855
438.956
439.055
439.156
439.256
439.356
439.456
439.556
439.656
439.756
439.856
439.955
440.056
440.156
440.255
440.356
440.456
440.556
440.656
440.756
440.856
440.956
441.056
441.156
441.256
441.355
441.456
441.556
441.656
441.755
441.856
441.956
442.056
442.156
442.256
442.356
442.456
442.555
442.656
442.756
442.855
442.955
443.055
443.156
443.256
443.356
443.455
443.555
443.656
443.755
443.856
443.956
444.056
444.156
444.256
444.355
444.456
444.555
444.655
444.756
444.856
444.955
445.056
445.156
445.256
445.356
445.455
445.556
445.655
445.755
445.856
445.956
446.055
446.156
446.256
446.355
446.456
446.556
446.656
446.756
446.855
446.956
447.056
447.156
447.256
447.356
447.456
447.555
447.656
447.756
447.856
447.956
448.055
448.156
448.255
448.356
448.455
448.556
448.655
448.756
448.856
448.955
449.055
449.156
449.255
449.356
449.456
449.555
449.656
449.756
449.856
449.956
450.055
450.156
450.255
450.355
450.456
450.556
450.656
450.756
450.856
450.956
451.056
451.155
451.256
451.356
451.455
451.556
451.656
451.756
451.855
451.956
452.056
452.156
452.255
452.356
452.456
452.555
452.656
452.756
452.856
452.956
453.056
453.155
453.255
453.356
453.455
453.555
453.656
453.756
453.855
453.955
454.056
454.155
454.256
454.356
454.456
454.555
454.655
454.755
454.856
454.956
455.055
455.156
455.256
455.356
455.456
455.556
455.656
455.756
455.855
455.956
456.055
456.156
456.255
456.356
456.455
456.556
456.655
456.756
456.855
456.956
457.056
457.156
457.256
457.355
457.456
457.556
457.655
457.756
457.855
457.956
458.056
458.156
458.256
458.356
458.456
458.556
458.655
458.755
458.856
458.955
459.056
459.156
459.255
459.355
459.456
459.555
459.656
459.756
459.855
459.956
460.056
460.156
460.256
460.356
460.456
460.555
460.656
460.755
460.855
460.956
461.056
461.156
461.256
461.356
461.455
461.556
461.656
461.756
461.856
461.956
462.056
462.155
462.256
462.356
462.456
462.556
462.656
462.756
462.857
462.956
463.055
463.156
463.256
463.357
463.456
463.555
463.655
463.755
463.856
463.955
464.055
464.156
464.255
464.356
464.456
464.556
464.655
464.756
464.857
464.956
465.056
465.156
465.256
465.356
465.455
465.555
465.655
465.755
465.856
465.956
466.056
466.156
466.256
466.355
466.455
466.556
466.655
466.755
466.856
466.956
467.056
467.156
467.256
467.356
467.455
467.555
467.656
467.756
467.856
467.956
468.056
468.156
468.256
468.355
468.456
468.555
468.655
468.756
468.855
468.956
469.055
469.156
469.255
469.356
469.456
469.556
469.656
469.756
469.856
469.956
470.055
470.156
470.255
470.356
470.455
470.556
470.656
470.755
470.856
470.955
471.055
471.156
471.256
471.356
471.456
471.555
471.656
471.756
471.856
471.956
472.056
472.156
472.255
472.356
472.456
472.556
472.656
472.756
472.856
472.956
473.056
473.156
473.256
473.355
473.456
473.556
473.656
473.756
473.856
473.956
474.056
474.156
474.256
474.355
474.456
474.556
474.655
474.756
474.856
474.956
475.056
475.156
475.256
475.356
475.455
475.556
475.656
475.756
475.856
475.956
476.056
476.156
476.256
476.356
476.455
476.555
476.656
476.756
476.856
476.955
477.055
477.156
477.255
477.356
477.455
477.555
477.655
477.756
477.855
477.956
478.056
478.156
478.256
478.356
478.456
478.556
478.656
478.756
478.856
478.955
479.055
479.156
479.255
479.355
479.456
479.556
479.656
479.756
479.855
479.956
480.056
480.156
480.256
480.356
480.455
480.556
480.656
480.756
480.856
480.956
481.055
481.155
481.256
481.355
481.455
481.556
481.655
481.755
481.856
481.955
482.056
482.156
482.256
482.355
482.456
482.555
482.656
482.755
482.856
482.956
483.055
483.155
483.255
483.355
483.456
483.556
483.656
483.755
483.856
483.956
484.055
484.156
484.256
484.355
484.456
484.556
484.656
484.756
484.855
484.956
485.056
485.156
485.255
485.355
485.456
485.556
485.656
485.756
485.856
485.956
486.055
486.156
486.255
486.356
486.456
486.556
486.656
486.755
486.856
486.956
487.056
487.155
487.255
487.356
487.455
487.556
487.656
487.756
487.856
487.955
488.056
488.155
488.255
488.356
488.456
488.556
488.656
488.755
488.856
488.955
489.055
489.156
489.255
489.355
489.455
489.555
489.655
489.755
489.855
489.955
490.056
490.156
490.256
490.355
490.456
490.556
490.656
490.755
490.855
490.956
491.056
491.156
491.256
491.356
491.455
491.556
491.656
491.756
491.856
491.955
492.056
492.156
492.256
492.356
492.456
492.556
492.655
492.756
492.856
492.955
493.055
493.156
493.256
493.356
493.456
493.556
493.656
493.756
493.856
493.956
494.056
494.156
494.256
494.355
494.456
494.556
494.656
494.755
494.856
494.956
495.056
495.156
495.255
495.356
495.455
495.556
495.656
495.756
495.856
495.956
496.056
496.156
496.256
496.355
496.456
496.555
496.656
496.756
496.855
496.955
497.056
497.156
497.256
497.356
497.455
497.556
497.656
497.756
497.856
497.956
498.056
498.156
498.255
498.355
498.456
498.555
498.655
498.756
498.856
498.956
499.056
499.156
499.255
499.356
499.456
499.556
499.656
499.756
499.855
499.956
500.055
500.155
500.256
500.356
500.455
500.555
500.655
500.756
500.855
500.955
501.056
501.156
501.255
501.355
501.456
501.556
501.656
501.756
501.855
501.956
502.056
502.156
502.256
502.356
502.456
502.556
502.656
502.755
502.856
502.956
503.055
503.156
503.256
503.356
503.456
503.556
503.655
503.755
503.856
503.956
504.055
504.156
504.256
504.356
504.456
504.556
504.656
504.756
504.856
504.955
505.056
505.156
505.255
505.356
505.456
505.556
505.656
505.756
505.855
505.956
506.055
506.156
506.255
506.355
506.456
506.556
506.656
506.755
506.856
506.956
507.056
507.156
507.255
507.355
507.455
507.555
507.656
507.755
507.855
507.956
508.056
508.155
508.256
508.356
508.456
508.555
508.655
508.756
508.856
508.956
509.056
509.156
509.256
509.356
509.455
509.555
509.655
509.756
509.855
509.956
510.056
510.156
510.256
510.356
510.456
510.556
510.655
510.755
510.856
510.955
511.055
511.156
511.256
511.356
511.456
511.556
511.656
511.756
511.855
511.956
512.055
512.155
512.256
512.356
512.455
512.555
512.655
512.756
512.856
512.956
513.055
513.155
513.256
513.356
513.456
513.555
513.656
513.756
513.856
513.955
514.056
514.156
514.255
514.357
514.456
514.555
514.656
514.756
514.857
514.956
515.055
515.156
515.256
515.357
515.456
515.555
515.655
515.756
515.856
515.956
516.055
516.156
516.256
516.356
516.456
516.556
516.656
516.756
516.856
516.956
517.055
517.156
517.256
517.356
517.456
517.555
517.656
517.755
517.856
517.955
518.056
518.155
518.256
518.357
518.455
518.556
518.656
518.756
518.857
518.955
519.056
519.156
519.256
519.357
519.456
519.556
519.656
519.756
519.857
519.956
520.056
520.156
520.255
520.356
520.455
520.556
520.656
520.756
520.856
520.956
521.056
521.155
521.256
521.356
521.455
521.556
521.655
521.755
521.857
521.956
522.056
522.155
522.256
522.356
522.455
522.555
522.655
522.755
522.856
522.955
523.056
523.156
523.256
523.357
523.456
523.555
523.656
523.756
523.856
523.956
524.056
524.156
524.256
524.357
524.455
524.556
524.655
524.755
524.857
524.955
525.056
525.156
525.256
525.356
525.455
525.555
525.655
525.756
525.856
525.955
526.056
526.156
526.256
526.357
526.455
526.556
526.656
526.755
526.856
526.956
527.056
527.156
527.255
527.356
527.456
527.556
527.656
527.756
527.856
527.956
528.055
528.155
528.255
528.356
528.456
528.555
528.656
528.755
528.855
528.956
529.055
529.156
529.256
529.355
529.456
529.556
529.656
529.755
529.855
529.956
530.056
530.156
530.256
530.356
530.456
530.556
530.656
530.756
530.856
530.956
531.056
531.156
531.256
531.356
531.456
531.556
531.656
531.756
531.856
531.955
532.056
532.155
532.255
532.356
532.456
532.555
532.655
532.756
532.856
532.956
533.055
533.155
533.256
533.356
533.456
533.556
533.655
533.756
533.856
533.956
534.056
534.156
534.256
534.356
534.456
534.556
534.656
534.756
534.856
534.956
535.056
535.156
535.256
535.355
535.455
535.556
535.655
535.755
535.856
535.956
536.056
536.156
536.256
536.356
536.456
536.556
536.656
536.756
536.856
536.956
537.056
537.156
537.256
537.356
537.456
537.556
537.656
537.756
537.856
537.956
538.056
538.156
538.256
538.356
538.456
538.556
538.656
538.755
538.856
538.956
539.056
539.156
539.256
539.356
539.456
539.556
539.656
539.756
539.855
539.955
540.055
540.156
540.256
540.356
540.455
540.556
540.655
540.756
540.856
540.956
541.056
541.156
541.256
541.356
541.455
541.555
541.656
541.756
541.856
541.956
542.056
542.156
542.255
542.355
542.456
542.556
542.656
542.755
542.855
542.956
543.055
543.155
543.256
543.356
543.456
543.556
543.656
543.755
543.855
543.955
544.055
544.156
544.256
544.356
544.456
544.556
544.656
544.756
544.856
544.956
545.055
545.156
545.255
545.355
545.456
545.556
545.655
545.755
545.856
545.955
546.055
546.155
546.255
546.356
546.455
546.556
546.656
546.756
546.856
546.956
547.056
547.156
547.256
547.355
547.455
547.556
547.656
547.756
547.855
547.956
548.055
548.155
548.256
548.355
548.456
548.556
548.655
548.755
548.856
548.955
549.055
549.156
549.255
549.356
549.455
549.556
549.656
549.756
549.855
549.956
550.056
550.156
550.255
550.356
550.456
550.556
550.656
550.755
550.855
550.956
551.056
551.156
551.256
551.355
551.456
551.555
551.656
551.756
551.856
551.956
552.056
552.155
552.256
552.356
552.456
552.556
552.656
552.756
552.856
552.955
553.055
553.156
553.256
553.355
553.456
553.556
553.656
553.756
553.856
553.955
554.057
554.156
554.255
554.355
554.455
554.555
554.655
554.755
554.856
554.956
555.056
555.155
555.256
555.355
555.456
555.556
555.656
555.756
555.856
555.956
556.056
556.156
556.256
556.356
556.456
556.556
556.656
556.756
556.856
556.955
557.056
557.156
557.256
557.356
557.456
557.556
557.656
557.756
557.856
557.955
558.055
558.156
558.256
558.356
558.456
558.556
558.656
558.755
558.856
558.956
559.055
559.156
559.256
559.356
559.456
559.556
559.656
559.756
559.856
559.956
560.056
560.156
560.256
560.355
560.455
560.555
560.656
560.756
560.856
560.955
561.056
561.156
561.256
561.356
561.456
561.555
561.655
561.756
561.856
561.956
562.056
562.155
562.256
562.356
562.456
562.556
562.656
562.755
562.857
562.956
563.055
563.155
563.255
563.357
563.455
563.556
563.656
563.756
563.856
563.955
564.056
564.156
564.256
564.356
564.456
564.556
564.656
564.755
564.856
564.956
565.056
565.155
565.255
565.356
565.456
565.555
565.656
565.756
565.856
565.956
566.056
566.156
566.256
566.355
566.456
566.556
566.656
566.756
566.856
566.956
567.056
567.156
567.256
567.355
567.456
567.556
567.656
567.755
567.856
567.955
568.055
568.156
568.256
568.355
568.456
568.556
568.656
568.756
568.856
568.956
569.055
569.155
569.256
569.356
569.456
569.556
569.656
569.756
569.855
569.956
570.055
570.156
570.256
570.356
570.455
570.556
570.655
570.756
570.855
570.956
571.056
571.155
571.255
571.355
571.456
571.556
571.656
571.756
571.857
571.955
572.056
572.156
572.256
572.356
572.456
572.556
572.656
572.756
572.856
572.956
573.056
573.156
573.255
573.355
573.456
573.556
573.656
573.755
573.855
573.956
574.056
574.156
574.256
574.356
574.456
574.556
574.655
574.755
574.856
574.956
575.056
575.156
575.256
575.356
575.456
575.556
575.656
575.755
575.855
575.956
576.056
576.156
576.256
576.355
576.456
576.556
576.656
576.756
576.856
576.956
577.056
577.156
577.255
577.356
577.456
577.556
577.656
577.756
577.856
577.956
578.056
578.156
578.255
578.356
578.456
578.556
578.655
578.756
578.856
578.956
579.056
579.156
579.256
579.355
579.456
579.555
579.656
579.756
579.855
579.956
580.056
580.155
580.255
580.357
580.456
580.555
580.655
580.756
580.857
580.955
581.056
581.155
581.256
581.357
581.456
581.556
581.656
581.756
581.856
581.956
582.055
582.156
582.256
582.356
582.455
582.555
582.655
582.755
582.856
582.956
583.055
583.156
583.256
583.357
583.456
583.556
583.656
583.756
583.857
583.956
584.055
584.155
584.256
584.356
584.456
584.556
584.656
584.756
584.856
584.956
585.056
585.156
585.256
585.357
585.456
585.556
585.656
585.756
585.856
585.956
586.056
586.155
586.256
586.357
586.456
586.556
586.655
586.755
586.857
586.955
587.056
587.156
587.256
587.356
587.456
587.556
587.656
587.756
587.857
587.956
588.056
588.156
588.256
588.356
588.456
588.555
588.656
588.756
588.855
588.956
589.055
589.156
589.256
589.355
589.456
589.556
589.656
589.756
589.856
589.956
590.056
590.156
590.255
590.355
590.456
590.556
590.656
590.756
590.855
590.955
591.056
591.156
591.255
591.355
591.456
591.556
591.655
591.755
591.855
591.956
592.056
592.155
592.256
592.356
592.456
592.556
592.656
592.755
592.856
592.956
593.056
593.156
593.256
593.356
593.456
593.555
593.656
593.755
593.856
593.956
594.056
594.156
594.256
594.356
594.455
594.556
594.656
594.755
594.856
594.956
595.055
595.156
595.256
595.356
595.456
595.555
595.655
595.755
595.856
595.955
596.056
596.156
596.256
596.356
596.455
596.555
596.656
596.756
596.856
596.956
597.056
597.156
597.256
597.355
597.456
597.556
597.655
597.756
597.855
597.956
598.056
598.156
598.255
598.356
598.456
598.555
598.656
598.755
598.856
598.956
599.056
599.156
599.256
599.355
599.455
599.555
599.656
599.755
599.856
599.955
600.056
600.156
600.256
600.356
600.456
600.556
600.656
600.756
600.857
600.955
601.055
601.156
601.256
601.357
601.455
601.556
601.656
601.755
601.857
601.955
602.056
602.156
602.256
602.356
602.455
602.556
602.655
602.756
602.856
602.956
603.055
603.155
603.255
603.357
603.456
603.556
603.656
603.755
603.857
603.956
604.056
604.156
604.255
604.356
604.455
604.556
604.656
604.756
604.857
604.955
605.056
605.155
605.256
605.357
605.456
605.555
605.656
605.755
605.855
605.956
606.056
606.156
606.256
606.356
606.456
606.556
606.656
606.756
606.855
606.956
607.055
607.156
607.255
607.355
607.456
607.556
607.655
607.755
607.856
607.956
608.055
608.156
608.256
608.356
608.456
608.555
608.655
608.756
608.855
608.955
609.055
609.155
609.256
609.356
609.456
609.555
609.656
609.756
609.856
609.956
610.056
610.156
610.255
610.356
610.456
610.556
610.655
610.756
610.855
610.956
611.056
611.156
611.255
611.355
611.455
611.556
611.655
611.755
611.855
611.955
612.056
612.155
612.255
612.356
612.456
612.555
612.656
612.756
612.856
612.956
613.056
613.155
613.256
613.356
613.456
613.555
613.656
613.755
613.856
613.956
614.056
614.156
614.256
614.355
614.456
614.556
614.656
614.756
614.855
614.955
615.055
615.156
615.256
615.356
615.456
615.556
615.656
615.755
615.855
615.956
616.056
616.156
616.256
616.356
616.455
616.556
616.656
616.756
616.856
616.956
617.056
617.156
617.256
617.356
617.455
617.555
617.655
617.755
617.856
617.956
618.056
618.156
618.256
618.356
618.456
618.556
618.655
618.755
618.856
618.956
619.056
619.156
619.256
619.356
619.456
619.556
619.656
619.755
619.856
619.955
620.055
620.156
620.256
620.356
620.456
620.556
620.656
620.756
620.856
620.956
621.056
621.156
621.255
621.356
621.455
621.556
621.656
621.755
621.856
621.955
622.055
622.155
622.255
622.356
622.456
622.556
622.656
622.755
622.856
622.956
623.056
623.156
623.256
623.356
623.456
623.556
623.656
623.756
623.856
623.955
624.056
624.156
624.255
624.356
624.456
624.556
624.656
624.756
624.856
624.956
625.055
625.156
625.256
625.355
625.456
625.555
625.655
625.756
625.856
625.955
626.055
626.155
626.255
626.356
626.455
626.556
626.656
626.756
626.856
626.955
627.056
627.156
627.256
627.356
627.455
627.556
627.656
627.756
627.856
627.956
628.056
628.155
628.256
628.356
628.455
628.555
628.656
628.756
628.856
628.956
629.055
629.156
629.256
629.356
629.456
629.556
629.656
629.756
629.856
629.956
630.055
630.156
630.255
630.356
630.456
630.556
630.655
630.756
630.856
630.955
631.055
631.156
631.255
631.356
631.456
631.555
631.656
631.756
631.856
631.956
632.056
632.156
632.256
632.356
632.456
632.556
632.656
632.755
632.856
632.956
633.056
633.156
633.256
633.356
633.455
633.556
633.656
633.756
633.856
633.955
634.056
634.156
634.256
634.357
634.455
634.556
634.656
634.757
634.856
634.956
635.056
635.156
635.256
635.356
635.456
635.555
635.656
635.756
635.855
635.955
636.056
636.156
636.256
636.356
636.456
636.556
636.655
636.756
636.855
636.956
637.056
637.156
637.256
637.355
637.456
637.555
637.655
637.755
637.856
637.956
638.056
638.156
638.256
638.356
638.456
638.556
638.656
638.756
638.856
638.955
639.056
639.156
639.256
639.355
639.456
639.555
639.656
639.756
639.855
639.956
640.056
640.156
640.256
640.356
640.455
640.556
640.656
640.756
640.856
640.955
641.056
641.156
641.255
641.356
641.456
641.555
641.656
641.756
641.856
641.955
642.056
642.156
642.255
642.356
642.456
642.555
642.656
642.756
642.855
642.956
643.055
643.156
643.255
643.356
643.456
643.556
643.656
643.756
643.856
643.955
644.056
644.155
644.255
644.355
644.456
644.555
644.656
644.756
644.855
644.955
645.056
645.155
645.255
645.356
645.456
645.556
645.655
645.756
645.856
645.955
646.055
646.156
646.256
646.356
646.456
646.556
646.655
646.755
646.856
646.956
647.056
647.155
647.255
647.356
647.455
647.556
647.656
647.756
647.855
647.955
648.056
648.156
648.256
648.355
648.456
648.556
648.655
648.756
648.856
648.956
649.055
649.155
649.255
649.356
649.456
649.556
649.655
649.756
649.855
649.955
650.056
650.155
650.256
650.356
650.456
650.556
650.656
650.755
650.856
650.956
651.055
651.156
651.255
651.355
651.456
651.556
651.656
651.756
651.856
651.955
652.056
652.155
652.256
652.356
652.456
652.555
652.656
652.756
652.855
652.956
653.055
653.155
653.256
653.356
653.455
653.555
653.656
653.756
653.856
653.955
654.056
654.155
654.256
654.356
654.456
654.556
654.656
654.755
654.855
654.955
655.056
655.156
655.256
655.356
655.456
655.556
655.656
655.756
655.856
655.956
656.056
656.156
656.256
656.355
656.456
656.556
656.656
656.756
656.856
656.956
657.056
657.155
657.255
657.357
657.455
657.556
657.656
657.756
657.856
657.955
658.056
658.155
658.255
658.355
658.456
658.556
658.656
658.755
658.856
658.956
659.056
659.155
659.256
659.355
659.456
659.556
659.656
659.756
659.855
659.956
660.056
660.156
660.256
660.356
660.456
660.555
660.655
660.756
660.855
660.956
661.056
661.156
661.256
661.356
661.456
661.556
661.656
661.756
661.855
661.956
662.055
662.156
662.255
662.355
662.456
662.555
662.655
662.755
662.857
662.956
663.055
663.156
663.256
663.357
663.455
663.556
663.655
663.755
663.856
663.956
664.055
664.156
664.256
664.357
664.456
664.556
664.655
664.756
664.857
664.956
665.055
665.155
665.256
665.357
665.455
665.556
665.656
665.756
665.856
665.956
666.056
666.156
666.256
666.357
666.456
666.556
666.655
666.756
666.857
666.956
667.056
667.156
667.256
667.356
667.458
667.555
667.656
667.756
667.856
667.955
668.056
668.155
668.256
668.356
668.456
668.556
668.655
668.755
668.855
668.956
669.056
669.155
669.256
669.356
669.456
669.555
669.656
669.755
669.856
669.956
670.056
670.155
670.256
670.356
670.456
670.556
670.655
670.755
670.855
670.956
671.056
671.155
671.256
671.356
671.456
671.555
671.656
671.756
671.856
671.956
672.056
672.156
672.256
672.356
672.456
672.556
672.655
672.755
672.856
672.955
673.056
673.156
673.256
673.355
673.456
673.555
673.656
673.756
673.856
673.956
674.056
674.156
674.256
674.356
674.455
674.556
674.656
674.755
674.855
674.956
675.056
675.156
675.255
675.356
675.455
675.555
675.656
675.755
675.856
675.955
676.056
676.156
676.256
676.355
676.456
676.556
676.656
676.756
676.855
676.955
677.056
677.156
677.256
677.356
677.456
677.555
677.655
677.756
677.856
677.956
678.056
678.156
678.255
678.356
678.456
678.556
678.656
678.755
678.855
678.955
679.056
679.156
679.256
679.356
679.456
679.555
679.655
679.756
679.855
679.956
680.056
680.156
680.256
680.356
680.456
680.556
680.655
680.756
680.856
680.955
681.056
681.156
681.256
681.356
681.456
681.556
681.656
681.755
681.856
681.956
682.056
682.156
682.256
682.356
682.455
682.556
682.655
682.755
682.855
682.956
683.056
683.155
683.256
683.355
683.456
683.556
683.656
683.756
683.856
683.956
684.056
684.156
684.255
684.356
684.456
684.555
684.656
684.756
684.855
684.956
685.056
685.156
685.256
685.356
685.456
685.555
685.656
685.756
685.855
685.956
686.055
686.156
686.255
686.356
686.455
686.556
686.656
686.756
686.856
686.955
687.056
687.156
687.256
687.357
687.456
687.556
687.656
687.756
687.856
687.956
688.056
688.156
688.256
688.356
688.456
688.556
688.656
688.756
688.856
688.956
689.055
689.155
689.256
689.356
689.456
689.556
689.656
689.756
689.856
689.956
690.056
690.156
690.256
690.356
690.456
690.556
690.655
690.756
690.856
690.955
691.056
691.156
691.256
691.355
691.456
691.556
691.656
691.755
691.856
691.956
692.056
692.155
692.256
692.356
692.455
692.555
692.656
692.756
692.856
692.955
693.055
693.155
693.256
693.356
693.456
693.556
693.656
693.755
693.856
693.956
694.055
694.156
694.256
694.356
694.455
694.556
694.656
694.756
694.855
694.956
695.055
695.156
695.256
695.355
695.456
695.556
695.656
695.756
695.856
695.956
696.056
696.156
696.255
696.356
696.455
696.555
696.656
696.756
696.856
696.955
697.056
697.156
697.256
697.356
697.456
697.556
697.656
697.756
697.856
697.956
698.056
698.156
698.256
698.356
698.456
698.556
698.656
698.755
698.856
698.956
699.056
699.156
699.256
699.355
699.456
699.555
699.656
699.756
699.856
699.956
700.056
700.156
700.255
700.355
700.456
700.556
700.655
700.756
700.856
700.956
701.056
701.155
701.256
701.355
701.455
701.555
701.656
701.755
701.855
701.956
702.056
702.156
702.255
702.356
702.456
702.556
702.655
702.756
702.856
702.956
703.056
703.156
703.256
703.355
703.455
703.556
703.656
703.756
703.856
703.955
704.055
704.156
704.255
704.356
704.456
704.556
704.656
704.756
704.855
704.956
705.056
705.156
705.256
705.356
705.456
705.556
705.656
705.756
705.855
705.956
706.055
706.155
706.256
706.355
706.456
706.556
706.656
706.755
706.856
706.956
707.055
707.155
707.256
707.356
707.456
707.556
707.656
707.756
707.855
707.956
708.056
708.156
708.256
708.356
708.456
708.556
708.656
708.755
708.856
708.956
709.055
709.156
709.256
709.356
709.456
709.556
709.656
709.756
709.856
709.956
710.056
710.156
710.256
710.356
710.455
710.556
710.656
710.756
710.856
710.956
711.055
711.156
711.256
711.355
711.456
711.555
711.656
711.755
711.855
711.956
712.056
712.156
712.256
712.355
712.456
712.556
712.656
712.756
712.856
712.956
713.055
713.156
713.256
713.356
713.456
713.556
713.656
713.756
713.856
713.956
714.056
714.155
714.256
714.355
714.455
714.556
714.656
714.755
714.856
714.956
715.056
715.156
715.256
715.355
715.455
715.556
715.656
715.755
715.856
715.955
716.055
716.156
716.256
716.356
716.455
716.555
716.656
716.756
716.856
716.956
717.056
717.156
717.256
717.355
717.456
717.556
717.655
717.756
717.856
717.956
718.056
718.156
718.256
718.355
718.456
718.556
718.655
718.755
718.856
718.955
719.056
719.155
719.255
719.356
719.455
719.555
719.656
719.756
719.856
719.956
720.056
720.156
720.255
720.356
720.455
720.556
720.656
720.755
720.856
720.955
721.056
721.156
721.256
721.356
721.455
721.556
721.656
721.756
721.856
721.956
722.056
722.156
722.256
722.357
722.455
722.556
722.655
722.756
722.856
722.956
723.055
723.156
723.256
723.356
723.456
723.555
723.656
723.756
723.855
723.955
724.055
724.156
724.256
724.356
724.456
724.556
724.656
724.756
724.856
724.956
725.056
725.156
725.256
725.356
725.456
725.555
725.656
725.756
725.856
725.956
726.056
726.156
726.256
726.356
726.455
726.556
726.656
726.756
726.856
726.956
727.056
727.156
727.256
727.356
727.456
727.556
727.656
727.755
727.856
727.956
728.055
728.156
728.256
728.356
728.456
728.555
728.656
728.756
728.856
728.956
729.055
729.155
729.255
729.356
729.455
729.556
729.656
729.756
729.856
729.955
730.056
730.156
730.255
730.356
730.456
730.555
730.656
730.755
730.856
730.956
731.056
731.156
731.256
731.355
731.456
731.556
731.655
731.756
731.856
731.956
732.056
732.156
732.256
732.356
732.455
732.556
732.656
732.755
732.856
732.955
733.056
733.156
733.255
733.356
733.456
733.556
733.656
733.755
733.856
733.955
734.055
734.156
734.256
734.355
734.456
734.556
734.656
734.756
734.855
734.956
735.056
735.156
735.256
735.355
735.455
735.556
735.655
735.755
735.856
735.956
736.056
736.155
736.255
736.356
736.455
736.556
736.656
736.756
736.856
736.956
737.056
737.156
737.256
737.355
737.456
737.556
737.656
737.756
737.856
737.956
738.055
738.156
738.255
738.356
738.455
738.555
738.655
738.756
738.856
738.956
739.056
739.155
739.256
739.356
739.455
739.556
739.656
739.755
739.855
739.956
740.056
740.156
740.256
740.356
740.456
740.556
740.656
740.756
740.856
740.956
741.055
741.156
741.256
741.356
741.456
741.555
741.656
741.756
741.855
741.955
742.056
742.156
742.256
742.356
742.456
742.555
742.655
742.756
742.855
742.956
743.056
743.155
743.255
743.355
743.456
743.556
743.656
743.756
743.855
743.956
744.056
744.156
744.256
744.356
744.456
744.556
744.656
744.756
744.856
744.955
745.056
745.156
745.256
745.355
745.455
745.556
745.656
745.756
745.856
745.956
746.056
746.156
746.256
746.355
746.456
746.556
746.656
746.756
746.856
746.956
747.055
747.156
747.256
747.356
747.455
747.556
747.656
747.756
747.856
747.956
748.055
748.156
748.256
748.356
748.456
748.556
748.656
748.756
748.856
748.956
749.056
749.155
749.255
749.355
749.456
749.555
749.656
749.756
749.856
749.956
750.056
750.156
750.256
750.355
750.455
750.556
750.655
750.755
750.855
750.956
751.056
751.156
751.255
751.356
751.455
751.556
751.656
751.755
751.856
751.956
752.056
752.156
752.256
752.356
752.455
752.556
752.656
752.756
752.857
752.955
753.056
753.156
753.256
753.357
753.456
753.556
753.656
753.756
753.856
753.955
754.056
754.155
754.256
754.356
754.456
754.555
754.656
754.756
754.856
754.956
755.055
755.156
755.256
755.356
755.456
755.556
755.656
755.755
755.856
755.956
756.056
756.156
756.256
756.355
756.456
756.555
756.656
756.756
756.855
756.956
757.056
757.156
757.256
757.357
757.456
757.556
757.655
757.756
757.856
757.956
758.056
758.156
758.256
758.356
758.456
758.556
758.656
758.756
758.856
758.956
759.056
759.156
759.256
759.356
759.456
759.556
759.656
759.756
759.856
759.956
760.056
760.155
760.256
760.356
760.456
760.555
760.656
760.756
760.856
760.956
761.056
761.156
761.256
761.357
761.455
761.556
761.655
761.755
761.857
761.955
762.055
762.156
762.256
762.356
762.456
762.556
762.656
762.756
762.856
762.956
763.056
763.156
763.255
763.355
763.456
763.556
763.656
763.756
763.855
763.956
764.056
764.156
764.256
764.356
764.455
764.556
764.656
764.755
764.856
764.956
765.055
765.156
765.255
765.356
765.456
765.556
765.655
765.756
765.856
765.955
766.055
766.156
766.256
766.355
766.456
766.556
766.656
766.755
766.856
766.956
767.055
767.156
767.256
767.356
767.456
767.556
767.656
767.755
767.856
767.956
768.055
768.156
768.255
768.356
768.456
768.556
768.655
768.755
768.855
768.956
769.056
769.156
769.255
769.356
769.456
769.555
769.656
769.756
769.855
769.955
770.055
770.156
770.255
770.356
770.456
770.556
770.656
770.755
770.856
770.955
771.056
771.156
771.256
771.356
771.456
771.556
771.656
771.755
771.855
771.956
772.056
772.156
772.255
772.355
772.456
772.556
772.656
772.756
772.856
772.955
773.056
773.156
773.256
773.356
773.456
773.556
773.656
773.756
773.855
773.956
774.056
774.156
774.255
774.355
774.456
774.556
774.656
774.755
774.855
774.955
775.055
775.155
775.256
775.356
775.456
775.556
775.656
775.756
775.856
775.956
776.055
776.155
776.256
776.355
776.456
776.555
776.655
776.756
776.856
776.956
777.055
777.156
777.256
777.356
777.455
777.556
777.656
777.756
777.856
777.956
778.055
778.156
778.256
778.355
778.456
778.555
778.656
778.756
778.855
778.956
779.056
779.155
779.256
779.356
779.456
779.556
779.655
779.755
779.855
779.956
780.056
780.156
780.256
780.356
780.456
780.556
780.655
780.756
780.856
780.956
781.056
781.156
781.255
781.356
781.456
781.556
781.655
781.756
781.856
781.956
782.056
782.156
782.255
782.356
782.455
782.555
782.656
782.756
782.855
782.956
783.056
783.155
783.256
783.356
783.456
783.556
783.655
783.755
783.856
783.956
784.055
784.155
784.256
784.356
784.456
784.556
784.656
784.755
784.856
784.955
785.056
785.156
785.255
785.355
785.455
785.555
785.656
785.756
785.856
785.956
786.056
786.156
786.256
