0
0
0
0
0
0
0
0
0
0
0
0
0
0
0
0
0
0
0
0
0
0
0
0
0
0
0
0
0
0
0
0
0
0
0
0
0
0
0
0
0
0
0
0
0
0
0
0
0
0
0
0
0
0
0
0
0
0
0
0
0
0
0
0
0
0
0
0
0
0
0
0
0
0
0
0
0
0
0
0
0
0
0
0
0
0
0
0
0
0
0
0
0
0
0
0
0
0
0
0
0
0
0
0
0
0
0
0
0
0
0
0
0
0
0
0
0
0
0
0
0
0
0
0
0
0
0
0
0
0
0
0
0
0
0
0
0
0
0
0
0
0
0
0
0
0
0
0
0
0
0
0
0
0
0
0
0
0
0
0
0
0
0
0
0
0
0
0
0
0
0
0
0
0
0
0
0
0
0
0
0
0
0
0
0
0
0
0
0
0
0
0
0
0
0
0
0
0
0
0
0
0
0
0
0
0
0
0
0
0
0
0
0
0
0
0
0
0
0
0
0
0
0
0
0
0
0
0
0
0
0
0
0
0
0
0
0
0
0
0
0
0
0
0
0
0
0
0
0
0
0
0
0
0
0
0
0
0
0
0
0
0
0
0
0
0
0
0
0
0
0
0
0
0
0
0
0
0
0
0
0
0
0
0
0
0
0
0
0
0
0
0
0
0
0
0
0
0
0
0
0
0
0
0
0
0
0
0
0
0
0
0
0
0
0
0
0
0
0
0
0
0
0
0
0
0
0
0
0
0
0
0
0
0
0
0
0
0
0
0
0
0
0
0
0
0
0
0
0
0
0
0
0
0
0
0
0
0
0
0
0
0
0
0
0
0
0
0
0
0
0
0
0
0
0
0
0
0
0
0
0
0
0
0
0
0
0
0
0
0
0
0
0
0
0
0
0
0
0
0
0
0
0
0
0
0
0
0
0
0
0
0
0
0
0
0
0
0
0
0
0
0
0
0
0
0
0
0
0
0
0
0
0
0
0
0
0
0
0
0
0
0
0
0
0
0
0
0
0
0
0
0
0
0
0
0
0
0
0
0
0
0
0
0
0
0
0
0
0
0
0
0
0
0
0
0
0
0
0
0
0
0
0
0
0
0
0
0
0
0
0
0
0
0
0
0
0
0
0
0
0
0
0
0
0
0
0
0
0
0
0
0
0
0
0
0
0
0
0
0
0
0
0
0
0
0
0
0
0
0
0
0
0
0
0
0
0
0
0
0
0
0
0
0
0
0
0
0
0
0
0
0
0
0
0
0
0
0
0
0
0
0
0
0
0
0
0
0
0
0
0
0
0
0
0
0
0
0
0
0
0
0
0
0
0
0
0
0
0
0
0
0
0
0
0
0
0
0
0
0
0
0
0
0
0
0
0
0
0
0
0
0
0
0
0
0
0
0
0
0
0
0
0
0
0
0
0
0
0
0
0
0
0
0
0
0
0
0
0
0
0
0
0
0
0
0
0
0
0
0
0
0
0
0
0
0
0
0
0
0
0
0
0
0
0
0
0
0
0
0
0
0
0
0
0
0
0
0
0
0
0
0
0
0
0
0
0
0
0
0
0
0
0
0
0
0
0
0
0
0
0
0
0
0
0
0
0
0
0
0
0
0
0
0
0
0
0
0
0
0
0
0
0
0
0
0
0
0
0
0
0
0
0
0
0
0
0
0
0
0
0
0
0
0
0
0
0
0
0
0
0
0
0
0
0
0
0
0
0
0
0
0
0
0
0
0
0
0
0
0
0
0
0
0
0
0
0
0
0
0
0
0
0
0
0
0
0
0
0
0
0
0
0
0
0
0
0
0
0
0
0
0
0
0
0
0
0
0
0
0
0
0
0
0
0
0
0
0
0
0
0
0
0
0
0
0
0
0
0
0
0
0
0
0
0
0
0
0
0
0
0
0
0
0
0
0
0
0
0
0
0
0
0
0
0
0
0
0
0
0
0
0
0
0
0
0
0
0
0
0
0
0
0
0
0
0
0
0
0
0
0
0
0
0
0
0
0
0
0
0
0
0
0
0
0
0
0
0
0
0
0
0
0
0
0
0
0
0
0
0
0
0
0
0
0
0
0
0
0
0
0
0
0
0
0
0
0
0
0
0
0
0
0
0
0
0
0
0
0
0
0
0
0
0
0
0
0
0
0
0
0
0
0
0
0
0
0
0
0
0
0
0
0
0
0
0
0
0
0
0
0
0
0
0
0
0
0
0
0
0
0
0
0
0
0
0
0
0
0
0
0
0
0
0
0
0
0
0
0
0
0
0
0
0
0
0
0
0
0
0
0
0
0
0
0
0
0
0
0
0
0
0
0
0
0
0
0
0
0
0
0
0
0
0
0
0
0
0
0
0
0
0
0
0
0
0
0
0
0
0
0
0
0
0
0
0
0
0
0
0
0
0
0
0
0
0
0
0
0
0
0
0
0
0
0
0
0
0
0
0
0
0
0
0
0
0
0
0
0
0
0
0
0
0
0
0
0
0
0
0
0
0
0
0
0
0
0
0
0
0
0
0
0
0
0
0
0
0
0
0
0
0
0
0
0
0
0
0
0
0
0
0
0
0
0
0
0
0
0
0
0
0
0
0
0
0
0
0
0
0
0
0
0
0
0
0
0
0
0
0
0
0
0
0
0
0
0
0
0
0
0
0
0
0
0
0
0
0
0
0
0
0
0
0
0
0
0
0
0
0
0
0
0
0
0
0
0
0
0
0
0
0
0
0
0
0
0
0
0
0
0
0
0
0
0
0
0
0
0
0
0
0
0
0
0
0
0
0
0
0
0
0
0
0
0
0
0
0
0
0
0
0
0
0
0
0
0
0
0
0
0
0
0
0
0
0
0
0
0
0
0
0
0
0
0
0
0
0
0
0
0
0
0
0
0
0
0
0
0
0
0
0
0
0
0
0
0
0
0
0
0
0
0
0
0
0
0
0
0
0
0
0
0
0
0
0
0
0
0
0
0
0
0
0
0
0
0
0
0
0
0
0
0
0
0
0
0
0
0
0
0
0
0
0
0
0
0
0
0
0
0
0
0
0
0
0
0
0
0
0
0
0
0
0
0
0
0
0
0
0
0
0
0
0
0
0
0
0
0
0
0
0
0
0
0
0
0
0
0
0
0
0
0
0
0
0
0
0
0
0
0
0
0
0
0
0
0
0
0
0
0
0
0
0
0
0
0
0
0
0
0
0
0
0
0
0
0
0
0
0
0
0
0
0
0
0
0
0
0
0
0
0
0
0
0
0
0
0
0
0
0
0
0
0
0
0
0
0
0
0
0
0
0
0
0
0
0
0
0
0
0
0
0
0
0
0
0
0
0
0
0
0
0
0
0
0
0
0
0
0
0
0
0
0
0
0
0
0
0
0
0
0
0
0
0
0
0
0
0
0
0
0
0
0
0
0
0
0
0
0
0
0
0
0
0
0
0
0
0
0
0
0
0
0
0
0
0
0
0
0
0
0
0
0
0
0
0
0
0
0
0
0
0
0
0
0
0
0
0
0
0
0
0
0
0
0
0
0
0
0
0
0
0
0
0
0
0
0
0
0
0
0
0
0
0
0
0
0
0
0
0
0
0
0
0
0
0
0
0
0
0
0
0
0
0
0
0
0
0
0
0
0
0
0
0
0
0
0
0
0
0
0
0
0
0
0
0
0
0
0
0
0
0
0
0
0
0
0
0
0
0
0
0
0
0
0
0
0
0
0
0
0
0
0
0
0
0
0
0
0
0
0
0
0
0
0
0
0
0
0
0
0
0
0
0
0
0
0
0
0
0
0
0
0
0
0
0
0
0
0
0
0
0
0
0
0
0
0
0
0
0
0
0
0
0
0
0
0
0
0
0
0
0
0
0
0
0
0
0
0
0
0
0
0
0
0
0
0
0
0
0
0
0
0
0
0
0
0
0
0
0
0
0
0
0
0
0
0
0
0
0
0
0
0
0
0
0
0
0
0
0
0
0
0
0
0
0
0
0
0
0
0
0
0
0
0
0
0
0
0
0
0
0
0
0
0
0
0
0
0
0
0
0
0
0
0
0
0
0
0
0
0
0
0
0
0
0
0
0
0
0
0
0
0
0
0
0
0
0
0
0
0
0
0
0
0
0
0
0
0
0
0
0
0
0
0
0
0
0
0
0
0
0
0
0
0
0
0
0
0
0
0
0
0
0
0
0
0
0
0
0
0
0
0
0
0
0
0
0
0
0
0
0
0
0
0
0
0
0
0
0
0
0
0
0
0
0
0
0
0
0
0
0
0
0
0
0
0
0
0
0
0
0
0
0
0
0
0
0
0
0
0
0
0
0
0
0
0
0
0
0
0
0
0
0
0
0
0
0
0
0
0
0
0
0
0
0
0
0
0
0
0
0
0
0
0
0
0
0
0
0
0
0
0
0
0
0
0
0
0
0
0
0
0
0
0
0
0
0
0
0
0
0
0
0
0
0
0
0
0
0
0
0
0
0
0
0
0
0
0
0
0
0
0
0
0
0
0
0
0
0
0
0
0
0
0
0
0
0
0
0
0
0
0
0
0
0
0
0
0
0
0
0
0
0
0
0
0
0
0
0
0
0
0
0
0
0
0
0
0
0
0
0
0
0
0
0
0
0
0
0
0
0
0
0
0
0
0
0
0
0
0
0
0
0
0
0
0
0
0
0
0
0
0
0
0
0
0
0
0
0
0
0
0
0
0
0
0
0
0
0
0
0
0
0
0
0
0
0
0
0
0
0
0
0
0
0
0
0
0
0
0
0
0
0
0
0
0
0
0
0
0
0
0
0
0
0
0
0
0
0
0
0
0
0
0
0
0
0
0
0
0
0
0
0
0
0
0
0
0
0
0
0
0
0
0
0
0
0
0
0
0
0
0
0
0
0
0
0
0
0.115564
0.115753
0.115762
0.115646
0.115717
0.115644
0.115871
0.115695
0.115642
0.115798
0.115566
0.115818
0.115818
0.115757
0.115928
0.115782
0.115694
0.115831
0.115923
0.11582
0.115845
0.115762
0.115695
0.115906
0.11569
0.115798
0.11576
0.115868
0.11572
0.115797
0.115866
0.115699
0.115805
0.115702
0.115538
0.115901
0.115652
0.115596
0.11576
0.115697
0.115805
0.115846
0.115742
0.115753
0.115921
0.115793
0.115587
0.115695
0.115931
0.115873
0.115677
0.115699
0.115702
0.11571
0.115891
0.115823
0.115752
0.115762
0.115787
0.115817
0.115974
0.115996
0.115885
0.115778
0.115863
0.115795
0.115739
0.115822
0.115762
0.115949
0.115817
0.115717
0.115788
0.115928
0.115918
0.115745
0.11567
0.115951
0.11589
0.115896
0.115954
0.115817
0.11576
0.115853
0.115921
0.116014
0.115944
0.115858
0.115873
0.115783
0.115707
0.115817
0.115788
0.11576
0.115914
0.115908
0.115775
0.115914
0.116009
0.115743
0.115777
0.115748
0.115833
0.115785
0.115822
0.115875
0.115772
0.115753
0.115863
0.115885
0.115845
0.11568
0.115672
0.115757
0.115836
0.115858
0.115817
0.11571
0.11584
0.115946
0.115682
0.116041
0.115838
0.115775
0.115793
0.115875
0.115808
0.116027
0.115758
0.11573
0.115705
0.115808
0.116051
0.115948
0.115901
0.1159
0.115883
0.116072
0.115911
0.115838
0.11585
0.115861
0.115729
0.115732
0.116024
0.115888
0.115846
0.11583
0.115924
0.115768
0.115777
0.11581
0.115958
0.115916
0.116006
0.115778
0.11588
0.11587
0.11583
0.115823
0.115895
0.115926
0.115956
0.115822
0.115836
0.115845
0.115835
0.115946
0.115914
0.116024
0.116037
0.1161
0.115958
0.115938
0.115812
0.115788
0.115949
0.115926
0.116026
0.115768
0.115997
0.115991
0.115997
0.116102
0.115931
0.115896
0.116182
0.115936
0.115983
0.115911
0.115929
0.115944
0.115901
0.115929
0.115888
0.115745
0.115805
0.115822
0.115953
0.115973
0.115934
0.116001
0.116104
0.115861
0.116022
0.11611
0.115953
0.116036
0.115812
0.115835
0.116066
0.115833
0.115966
0.115961
0.115924
0.115817
0.115959
0.115986
0.1159
0.115934
0.11587
0.116064
0.115856
0.115903
0.116046
0.116051
0.115984
0.115923
0.115841
0.115895
0.115863
0.116022
0.115931
0.115926
0.116066
0.116061
0.115946
0.116006
0.116042
0.116208
0.116084
0.115938
0.115929
0.115888
0.116061
0.116037
0.116095
0.116162
0.116006
0.116022
0.115939
0.115992
0.116041
0.115888
0.116069
0.115988
0.115963
0.115931
0.116157
0.115885
0.115994
0.116012
0.116102
0.115923
0.116026
0.115928
0.116024
0.115981
0.116007
0.116011
0.115969
0.115997
0.116032
0.116001
0.115938
0.115906
0.116104
0.115973
0.115991
0.116119
0.116075
0.115971
0.1159
0.116127
0.116205
0.115988
0.116064
0.116109
0.116027
0.115908
0.116047
0.115851
0.115923
0.116056
0.116021
0.116119
0.115911
0.116031
0.115914
0.116017
0.115964
0.11619
0.116075
0.116056
0.116041
0.11589
0.11627
0.116026
0.116042
0.116112
0.116202
0.116037
0.116044
0.116016
0.116006
0.116036
0.115909
0.116253
0.116105
0.116072
0.116046
0.115934
0.116017
0.116122
0.116077
0.116172
0.116129
0.116089
0.116165
0.116097
0.115936
0.11585
0.116029
0.116074
0.116115
0.116119
0.116041
0.116115
0.116097
0.116094
0.116051
0.115908
0.116007
0.116034
0.116009
0.115835
0.116085
0.116042
0.115923
0.116017
0.115918
0.115714
0.116046
0.115978
0.116031
0.116127
0.116017
0.116067
0.115901
0.116079
0.115916
0.116105
0.116066
0.115989
0.115992
0.116024
0.116014
0.116011
0.115956
0.116087
0.116024
0.116117
0.115999
0.115971
0.115841
0.115968
0.115936
0.116049
0.116042
0.116069
0.115984
0.116079
0.115976
0.115956
0.116006
0.116016
0.116019
0.116072
0.115966
0.116061
0.116094
0.116085
0.115979
0.1162
0.116107
0.116052
0.116057
0.116042
0.115891
0.116072
0.116227
0.115941
0.115911
0.116046
0.11627
0.115938
0.115976
0.11619
0.116044
0.115946
0.116198
0.116037
0.116105
0.11614
0.116261
0.116062
0.116097
0.115999
0.116095
0.116104
0.116127
0.116185
0.116119
0.116253
0.115863
0.116082
0.116144
0.116195
0.116039
0.116047
0.116062
0.116092
0.116024
0.115986
0.116059
0.116102
0.116072
0.115969
0.115994
0.116163
0.116114
0.116085
0.116168
0.116095
0.115994
0.115978
0.116185
0.116087
0.116129
0.115981
0.116036
0.116049
0.115971
0.116031
0.116212
0.115964
0.116168
0.116085
0.116016
0.116087
0.116173
0.116144
0.116027
0.115946
0.115929
0.1158
0.116178
0.116016
0.115989
0.116213
0.116178
0.116185
0.116094
0.116011
0.116054
0.115984
0.116198
0.116125
0.116217
0.116087
0.116243
0.116168
0.116069
0.116059
0.116011
0.115983
0.116016
0.116077
0.116042
0.116145
0.116022
0.116117
0.116104
0.116197
0.116099
0.116069
0.116044
0.116139
0.116064
0.116067
0.116085
0.116099
0.116066
0.11626
0.116283
0.11629
0.116016
0.116137
0.116135
0.116246
0.116163
0.116139
0.116071
0.116271
0.116054
0.116016
0.116308
0.116144
0.115986
0.116157
0.116125
0.116134
0.116172
0.116017
0.116162
0.11613
0.115981
0.116152
0.115989
0.116075
0.116017
0.116147
0.11615
0.116185
0.116007
0.116056
0.116195
0.116182
0.116107
0.116163
0.116077
0.115973
0.116215
0.116102
0.11617
0.116087
0.11622
0.116017
0.11618
0.116034
0.11614
0.116115
0.11614
0.116059
0.116235
0.116308
0.116107
0.116031
0.11617
0.11614
0.115979
0.116202
0.116034
0.116227
0.11614
0.116235
0.116034
0.116022
0.116251
0.116154
0.116082
0.116077
0.116187
0.116258
0.116188
0.116291
0.116217
0.116114
0.116187
0.116278
0.116301
0.116175
0.116163
0.116202
0.116139
0.116182
0.116217
0.11624
0.11609
0.115991
0.116054
0.115948
0.11613
0.116241
0.116129
0.116027
0.11613
0.116087
0.116027
0.116134
0.115963
0.116001
0.11618
0.11619
0.11617
0.11611
0.116026
0.116099
0.116115
0.115999
0.115991
0.116227
0.116183
0.115969
0.115963
0.116145
0.116114
0.115992
0.116039
0.116092
0.116044
0.116026
0.116067
0.11613
0.116049
0.115941
0.115906
0.1161
0.116182
0.116198
0.116067
0.116027
0.116061
0.116122
0.11609
0.116026
0.116104
0.11623
0.116158
0.116082
0.116027
0.116137
0.116002
0.11621
0.116029
0.115969
0.116029
0.115999
0.116245
0.116135
0.115926
0.116049
0.115973
0.115974
0.116095
0.116004
0.115953
0.115992
0.116157
0.116092
0.115978
0.115838
0.116042
0.116012
0.116109
0.115851
0.115958
0.116054
0.116167
0.115913
0.116079
0.116072
0.115929
0.116064
0.116014
0.116104
0.115999
0.1159
0.116114
0.115996
0.116167
0.11609
0.115924
0.115944
0.115817
0.115969
0.116036
0.116037
0.116042
0.115933
0.115968
0.116012
0.115871
0.116022
0.115873
0.115973
0.115871
0.116014
0.115974
0.115966
0.116019
0.115878
0.116017
0.116075
0.115959
0.116017
0.116085
0.115971
0.115926
0.116142
0.116052
0.116046
0.115866
0.115936
0.116112
0.115959
0.115996
0.115893
0.115893
0.115941
0.116047
0.115961
0.116066
0.115958
0.115863
0.115891
0.115913
0.115763
0.115914
0.115863
0.115891
0.116039
0.116017
0.115986
0.115838
0.115968
0.116009
0.115989
0.116029
0.116039
0.115958
0.11615
0.116031
0.116011
0.115966
0.115956
0.115939
0.116006
0.115956
0.116085
0.116132
0.115963
0.115938
0.115936
0.115888
0.115828
0.115921
0.116117
0.116062
0.115949
0.115971
0.115986
0.115961
0.115919
0.115853
0.11587
0.11619
0.115928
0.116167
0.116002
0.116059
0.116087
0.116183
0.116092
0.115921
0.115903
0.116017
0.116134
0.115984
0.115936
0.115994
0.116075
0.115853
0.115979
0.116059
0.115868
0.116017
0.115888
0.115968
0.116032
0.116056
0.116149
0.11614
0.115983
0.115812
0.115971
0.115996
0.115913
0.116155
0.116157
0.116032
0.116079
0.116021
0.116064
0.115988
0.116117
0.115954
0.116056
0.116034
0.116032
0.116039
0.116042
0.116061
0.116129
0.115951
0.11608
0.116144
0.116195
0.116001
0.115961
0.115883
0.116036
0.116016
0.116095
0.116064
0.116041
0.116094
0.116026
0.115989
0.115976
0.115994
0.115919
0.115921
0.115908
0.116099
0.115984
0.115968
0.115893
0.116037
0.116183
0.116017
0.115991
0.116012
0.115989
0.116109
0.116004
0.116149
0.116099
0.116029
0.116071
0.116047
0.115994
0.116054
0.115901
0.116024
0.116012
0.115969
0.115833
0.116027
0.116072
0.11608
0.116042
0.116001
0.115986
0.116075
0.115848
0.116139
0.115905
0.116037
0.116024
0.116031
0.116163
0.116031
0.11589
0.116144
0.116162
0.116039
0.116006
0.116027
0.116089
0.116012
0.116004
0.116016
0.116021
0.115946
0.116041
0.116019
0.115997
0.115961
0.116021
0.115978
0.115973
0.115946
0.115943
0.1159
0.115906
0.115921
0.115833
0.116119
0.115909
0.116042
0.115997
0.1159
0.115951
0.115898
0.115979
0.116059
0.116009
0.116183
0.115994
0.115898
0.115787
0.115984
0.11609
0.115986
0.115966
0.115881
0.115918
0.115885
0.115875
0.115901
0.116007
0.115758
0.115841
0.115866
0.115928
0.115964
0.116087
0.115878
0.115848
0.115992
0.116155
0.115981
0.116019
0.115898
0.115924
0.116067
0.115873
0.115836
0.115886
0.115885
0.115928
0.116037
0.116034
0.116069
0.116072
0.115914
0.115924
0.115981
0.116069
0.116046
0.116092
0.116057
0.115896
0.115943
0.116057
0.115875
0.115939
0.115938
0.116095
0.116124
0.116016
0.116104
0.115908
0.115893
0.11611
0.116027
0.115881
0.115981
0.116016
0.116075
0.115928
0.115903
0.116152
0.116054
0.116047
0.11608
0.115861
0.116039
0.115956
0.115833
0.115964
0.115822
0.1159
0.115787
0.115901
0.115926
0.11619
0.116012
0.115981
0.116012
0.115856
0.115994
0.116002
0.116039
0.116082
0.116075
0.115914
0.116006
0.115908
0.115992
0.116001
0.116057
0.116009
0.115948
0.115984
0.116097
0.116145
0.115991
0.11586
0.116002
0.115959
0.116037
0.115973
0.116006
0.116011
0.115961
0.115984
0.116061
0.116154
0.115988
0.116085
0.116158
0.116084
0.116012
0.115983
0.116144
0.115991
0.115954
0.115979
0.115974
0.115876
0.116054
0.115994
0.115991
0.116082
0.116057
0.115969
0.115954
0.115868
0.115918
0.115896
0.115798
0.115878
0.116002
0.116069
0.116037
0.116034
0.115881
0.115853
0.115855
0.115929
0.116034
0.116067
0.115994
0.115978
0.116014
0.115903
0.116097
0.11614
0.115954
0.11575
0.11608
0.115913
0.116017
0.115767
0.116029
0.115988
0.116074
0.115989
0.116075
0.116006
0.116069
0.115971
0.116054
0.115992
0.115886
0.115924
0.115851
0.115933
0.115807
0.115853
0.116084
0.115988
0.116044
0.116017
0.115974
0.116253
0.115956
0.115966
0.115978
0.115988
0.115763
0.115896
0.116004
0.115805
0.115909
0.116009
0.116075
0.115989
0.115831
0.115861
0.116057
0.115988
0.115976
0.115825
0.115996
0.115986
0.115933
0.116084
0.115914
0.115979
0.115961
0.115916
0.115913
0.115992
0.115954
0.115873
0.115594
0.115768
0.11585
0.115777
0.115898
0.116046
0.115763
0.11582
0.11586
0.115914
0.11584
0.11588
0.115851
0.115856
0.115949
0.115792
0.115793
0.1157
0.115817
0.115878
0.11586
0.115835
0.115934
0.115846
0.115735
0.115944
0.11587
0.115735
0.115881
0.115898
0.11577
0.115793
0.115881
0.115928
0.116006
0.115826
0.115836
0.11589
0.115846
0.115855
0.115934
0.116014
0.115928
0.115772
0.115861
0.115851
0.115924
0.115848
0.115841
0.115905
0.115866
0.115802
0.115946
0.116007
0.115838
0.11578
0.115896
0.115878
0.11608
0.115893
0.11585
0.115866
0.115931
0.115851
0.115961
0.115924
0.115822
0.115969
0.115858
0.116002
0.115979
0.115934
0.116109
0.115916
0.116094
0.115913
0.115828
0.115944
0.115921
0.115971
0.115929
0.115863
0.116007
0.115968
0.115949
0.115856
0.11589
0.115926
0.115908
0.115802
0.115883
0.115841
0.116059
0.115974
0.116014
0.115934
0.115954
0.115938
0.115818
0.115856
0.115919
0.116006
0.115989
0.115878
0.115797
0.116029
0.116061
0.115825
0.115981
0.116084
0.116052
0.115938
0.115812
0.115981
0.115817
0.115893
0.115929
0.115941
0.115878
0.116014
0.115908
0.116026
0.116014
0.116066
0.116046
0.115911
0.115988
0.116039
0.116061
0.116006
0.116057
0.116132
0.115905
0.115991
0.115918
0.116051
0.115924
0.116056
0.116036
0.116037
0.116087
0.116107
0.11587
0.115944
0.115996
0.116104
0.115968
0.115978
0.115999
0.115983
0.115944
0.115988
0.115941
0.115954
0.115911
0.115878
0.115843
0.116122
0.11609
0.115822
0.115956
0.116114
0.115956
0.115964
0.116135
0.115981
0.115895
0.116019
0.116132
0.115989
0.115863
0.116044
0.116122
0.116061
0.115988
0.116071
0.115906
0.116019
0.115999
0.115981
0.115984
0.115906
0.115988
0.116062
0.115906
0.116175
0.11609
0.116228
0.115943
0.116069
0.115961
0.116051
0.115984
0.116095
0.11612
0.116002
0.115994
0.115948
0.115924
0.116183
0.116147
0.115926
0.115974
0.116024
0.115978
0.115883
0.115909
0.115999
0.115918
0.115933
0.116066
0.115953
0.115964
0.116004
0.115923
0.116099
0.116006
0.115921
0.116001
0.115958
0.116147
0.115991
0.115861
0.115901
0.116051
0.116089
0.116142
0.116007
0.116042
0.11589
0.115903
0.115949
0.116144
0.11618
0.116112
0.116225
0.116109
0.115991
0.116009
0.116027
0.116052
0.116042
0.116062
0.115948
0.116062
0.11618
0.115232
0.0216165
-0.158855
-0.29828
-0.375598
-0.399992
-0.404024
-0.409655
-0.421052
-0.43244
-0.439767
-0.445142
-0.448808
-0.451254
-0.452526
-0.452833
-0.453082
-0.4528
-0.452099
-0.450657
-0.447569
-0.443114
-0.437608
-0.431432
-0.424806
-0.418093
-0.411263
-0.403065
-0.395704
-0.38793
-0.37857
-0.368922
-0.359226
-0.349584
-0.34041
-0.331525
-0.322709
-0.313234
-0.304451
-0.295102
-0.285215
-0.275568
-0.26598
-0.256721
-0.248107
-0.238789
-0.23064
-0.223224
-0.216288
-0.209497
-0.202947
-0.19679
-0.190965
-0.185218
-0.179102
-0.17388
-0.168747
-0.16397
-0.159089
-0.154465
-0.150084
-0.145788
-0.141761
-0.137539
-0.133829
-0.130048
-0.126248
-0.122407
-0.1188
-0.115199
-0.111881
-0.108504
-0.104889
-0.101602
-0.0976213
-0.0935775
-0.0896051
-0.0858154
-0.0819658
-0.0782076
-0.0745606
-0.0706197
-0.0671487
-0.0637656
-0.0604887
-0.0573215
-0.0541143
-0.0511346
-0.0478528
-0.0446623
-0.0411697
-0.0382945
-0.0355605
-0.0327999
-0.0302186
-0.0277403
-0.0252171
-0.0225793
-0.0197125
-0.0170416
-0.0143988
-0.0118773
-0.0092628
-0.00706994
-0.00456168
-0.00228582
-0.0002905
0.00181106
0.00413672
0.00616856
0.0082336
0.0102372
0.0122574
0.014203
0.01619
0.0181986
0.0204595
0.0224067
0.0244833
0.0266945
0.0287711
0.0307482
0.0328713
0.0350177
0.0370197
0.0391544
0.0414286
0.043243
0.0452997
0.046968
0.0487193
0.0503395
0.0519082
0.0533939
0.0548149
0.0563255
0.0577016
0.059018
0.0602099
0.0615528
0.0626899
0.0640478
0.0651102
0.0663602
0.0673014
0.0684916
0.0695291
0.0707392
0.0715178
0.0722216
0.072869
0.0735546
0.074534
0.0751665
0.0759002
0.0766704
0.0774755
0.0782574
0.078777
0.079768
0.0803921
0.0809333
0.0815409
0.0822646
0.0828705
0.083591
0.0842716
0.0847546
0.085251
0.0855597
0.0861474
0.0866553
0.0871384
0.0879949
0.0886208
0.0894093
0.0901347
0.0908103
0.0913216
0.0918627
0.0924122
0.0930081
0.0933468
0.0940407
0.0944158
0.0947926
0.0953371
0.09587
0.0963049
0.0967631
0.0972146
0.0976561
0.0980877
0.0987883
0.099097
0.099512
0.100061
0.100498
0.101107
0.101439
0.101892
0.102712
0.103035
0.103612
0.103823
0.104424
0.104638
0.105103
0.105621
0.106029
0.106575
0.106894
0.107352
0.107897
0.108021
0.108283
0.10832
0.108541
0.10878
0.109042
0.109196
0.109248
0.109469
0.109623
0.109631
0.109985
0.110217
0.110393
0.110531
0.110767
0.11092
0.110866
0.111011
0.111353
0.111592
0.111525
0.111794
0.112126
0.112287
0.112269
0.112463
0.112639
0.112795
0.112998
0.113207
0.113313
0.113411
0.113737
0.113863
0.114123
0.114379
0.114233
0.114502
0.114724
0.115096
0.115252
0.115254
0.115656
0.115951
0.115812
0.115974
0.116258
0.116346
0.11668
0.116572
0.117008
0.117324
0.117634
0.117306
0.11737
0.11747
0.117498
0.117626
0.117594
0.117613
0.117652
0.117782
0.117631
0.117686
0.117906
0.118039
0.117901
0.117945
0.118056
0.11815
0.118237
0.118242
0.118242
0.118224
0.118459
0.118316
0.118507
0.118434
0.118436
0.118527
0.118637
0.118736
0.118712
0.118846
0.118864
0.118917
0.119073
0.119137
0.11912
0.119195
0.119249
0.119327
0.119485
0.119542
0.119585
0.119635
0.11947
0.119784
0.119889
0.119955
0.120013
0.120179
0.120194
0.120279
0.120317
0.120649
0.120735
0.120732
0.120893
0.120921
0.12111
0.120984
0.120888
0.120883
0.120805
0.12075
0.120803
0.121041
0.120816
0.120843
0.120914
0.12087
0.121102
0.12106
0.12082
0.120958
0.120956
0.120906
0.120981
0.120875
0.121172
0.121138
0.121162
0.121132
0.121195
0.121231
0.121188
0.121173
0.121243
0.121422
0.121383
0.1212
0.121321
0.121354
0.121384
0.121306
0.121353
0.121524
0.121701
0.121582
0.121469
0.121633
0.121627
0.121587
0.1217
0.121563
0.121753
0.121889
0.121857
0.121814
0.121819
0.121728
0.121811
0.121774
0.121839
0.121726
0.12201
0.122055
0.122066
0.121957
0.121915
0.121819
0.121895
0.121922
0.121942
0.121904
0.121924
0.121789
0.121685
0.121703
0.121778
0.121856
0.121794
0.121869
0.12195
0.121967
0.121907
0.121736
0.121841
0.121846
0.121947
0.121852
0.121985
0.122078
0.122073
0.121789
0.12171
0.121935
0.121944
0.121915
0.121892
0.12199
0.121885
0.121718
0.121844
0.121731
0.121922
0.121954
0.121806
0.121894
0.121839
0.121806
0.121731
0.121939
0.121746
0.121547
0.121799
0.121708
0.122015
0.121944
0.121871
0.121759
0.121812
0.121804
0.121796
0.121812
0.122025
0.121666
0.121726
0.121691
0.121778
0.121705
0.121628
0.121716
0.12156
0.121625
0.121577
0.121693
0.121627
0.12151
0.121499
0.121404
0.1215
0.121397
0.121754
0.12155
0.121421
0.121497
0.121635
0.121424
0.121578
0.121612
0.121535
0.121544
0.121552
0.121454
0.121638
0.12153
0.121374
0.121446
0.121451
0.121557
0.121527
0.121648
0.121618
0.121617
0.121519
0.121522
0.121532
0.121514
0.121549
0.121615
0.121622
0.121746
0.121641
0.121462
0.121568
0.121525
0.121512
0.121434
0.121502
0.123934
0.174061
0.247755
0.333819
0.404657
0.450383
0.479645
0.498322
0.509056
0.514683
0.517278
0.518147
0.518242
0.517809
0.517098
0.516277
0.515744
0.515395
0.515158
0.514812
0.514353
0.513845
0.513493
0.513081
0.512751
0.512547
0.512271
0.511967
0.511869
0.51161
0.511582
0.511637
0.511599
0.511497
0.511463
0.511529
0.511534
0.511512
0.511058
0.51052
0.510299
0.510452
0.510287
0.510272
0.510238
0.509892
0.509622
0.509157
0.509291
0.509039
0.509112
0.508958
0.508707
0.508622
0.508435
0.508063
0.507937
0.508005
0.507855
0.507701
0.507485
0.507565
0.507337
0.507201
0.507098
0.506919
0.50681
0.506823
0.506899
0.506702
0.506654
0.506536
0.506531
0.506421
0.506229
0.506282
0.506184
0.505917
0.505975
0.505983
0.50596
0.50596
0.505961
0.505986
0.505614
0.505628
0.505594
0.505656
0.505563
0.505609
0.505516
0.50553
0.505375
0.505287
0.505389
0.505437
0.505375
0.505279
0.50515
0.505359
0.505289
0.505183
0.505053
0.50509
0.50515
0.505018
0.505249
0.505194
0.505267
0.50496
0.50493
0.505053
0.505042
0.504979
0.505
0.505048
0.505284
0.505038
0.505123
0.504725
0.50476
0.504962
0.504864
0.504914
0.504841
0.504944
0.504975
0.504794
0.504911
0.504975
0.504997
0.504924
0.504906
0.504926
0.505025
0.504897
0.504846
0.504972
0.504743
0.504939
0.504703
0.504645
0.504808
0.504922
0.504856
0.504512
0.50455
0.504784
0.504799
0.504662
0.504652
0.504491
0.504358
0.504354
0.504179
0.50433
0.504104
0.504061
0.503878
0.50381
0.503649
0.503873
0.503626
0.50379
0.503548
0.503578
0.50332
0.503339
0.503506
0.503289
0.503226
0.503224
0.50309
0.503021
0.503035
0.502807
0.502792
0.502841
0.50268
0.502879
0.502937
0.502945
0.502854
0.502816
0.502761
0.50286
0.502709
0.502492
0.50264
0.502578
0.502321
0.502381
0.50218
0.502321
0.50251
0.502416
0.502137
0.501994
0.502104
0.502077
0.502029
0.502029
0.502084
0.502007
0.501994
0.502143
0.502095
0.501831
0.501949
0.501938
0.501765
0.501878
0.50183
0.501938
0.5017
0.501758
0.50161
0.501881
0.501629
0.501685
0.501697
0.501708
0.501947
0.501599
0.501614
0.501654
0.501551
0.501634
0.501416
0.501584
0.501703
0.501594
0.50143
0.501474
0.501569
0.501509
0.501401
0.501365
0.501587
0.50172
0.501698
0.501456
0.501546
0.501569
0.501415
0.501521
0.501337
0.501302
0.501591
0.501549
0.501378
0.501632
0.501244
0.501375
0.501368
0.501486
0.501401
0.501396
0.501449
0.501513
0.501556
0.501391
0.501335
0.501458
0.501498
0.501444
0.501469
0.501478
0.501428
0.501373
0.501459
0.501431
0.50128
0.501353
0.501572
0.501446
0.501562
0.501325
0.50139
0.501293
0.501225
0.50135
0.501469
0.50136
0.501383
0.501287
0.501521
0.501333
0.501373
0.501224
0.501328
0.501599
0.501503
0.5013
0.501441
0.501365
0.501566
0.501504
0.501267
0.501352
0.50135
0.475319
0.176782
-0.103851
-0.1453
-0.0682575
0.0074451
0.0446208
0.0472951
0.0329477
0.0185505
0.0114656
0.0100198
0.0104497
0.0113992
0.0126509
0.0136552
0.0144951
0.015179
0.0159493
0.0163327
0.0165734
0.0170997
0.0176275
0.0181272
0.0181853
0.0176458
0.0168224
0.0166481
0.0163261
0.016341
0.0160887
0.0159045
0.0156538
0.0154197
0.0151193
0.0149682
0.0147259
0.0142179
0.0140834
0.0135157
0.0132601
0.0131289
0.0127754
0.0127405
0.0122126
0.011947
0.0117213
0.0116432
0.0112963
0.0110705
0.0111469
0.0112349
0.0111071
0.0109195
0.0108016
0.0107784
0.0105709
0.0105061
0.0103899
0.0100961
0.0101957
0.0101692
0.0102837
0.0102173
0.00993344
0.00975748
0.00962634
0.00945204
0.00945536
0.0094122
0.00940556
0.00940888
0.00945702
0.00909182
0.00891752
0.00892582
0.00874654
0.00863532
0.00873326
0.00873824
0.00869176
0.0086486
0.008383
0.00834814
0.0084162
0.00817716
0.00835644
0.00813234
0.00816554
0.00817052
0.0082419
0.0081589
0.00808918
0.00795804
0.00772896
0.00774556
0.0077605
0.00761774
0.00767584
0.00770904
0.00748826
0.00722598
0.00719112
0.00729902
0.00735546
0.00732558
0.00734882
0.00733222
0.00740194
0.00760944
0.00763102
0.00765924
0.00760612
0.0076526
0.00765094
0.00762438
0.00766422
0.00770572
0.00757956
0.0073704
0.00726748
0.00730234
0.00738036
0.0075198
0.00756462
0.00747332
0.00760114
0.00724756
0.0072957
0.00752644
0.00750818
0.0073538
0.00733056
0.0074202
0.0073787
0.00722432
0.0072376
0.00730732
0.00711808
0.00733886
0.00725088
0.00728906
0.00746502
0.00730898
0.00729736
0.00722432
0.00717452
0.00721104
0.00721104
0.00725918
0.00732226
0.00738202
0.0072127
0.00738866
0.00714132
0.00737372
0.00715792
0.00713966
0.00710148
0.00735214
0.0072625
0.00744012
0.0072791
0.00712804
0.00682924
0.00687738
0.00676616
0.00680102
0.0069305
0.00697864
0.00665162
0.0064906
0.00648894
0.0064906
0.0064823
0.00649226
0.00618018
0.00606896
0.00598928
0.00616856
0.00607062
0.00582992
0.00595608
0.0057851
0.00547302
0.00544978
0.00541824
0.00561246
0.00586312
0.0056357
0.0051792
0.00522402
0.00529042
0.00547136
0.00562076
0.00501818
0.00498498
0.00518086
0.0050796
0.00486712
0.00485384
0.00471274
0.00467954
0.0045152
0.00489368
0.00474594
0.00474594
0.00470444
0.00461646
0.00450026
0.00436746
0.00429774
0.00433592
0.00439236
0.00442888
0.00441394
0.004399
0.00410518
0.00419648
0.00408692
0.00417324
0.0042164
0.00428944
0.00412842
0.00411016
0.00404542
0.003984
0.00403546
0.0041085
0.00413008
0.0039342
0.0039259
0.00402882
0.00387278
0.00393088
0.00379144
0.0036354
0.00377152
0.00379642
0.00387942
0.0604688
0.269367
0.463006
0.54043
0.5523
0.536143
0.515787
0.501315
0.494652
0.493669
0.494731
0.497207
0.500835
0.50423
0.506014
0.506132
0.506164
0.50594
0.505243
0.504421
0.503382
0.502728
0.502374
0.501684
0.501176
0.500701
0.500045
0.499454
0.499388
0.49933
0.499411
0.499306
0.499127
0.499179
0.499056
0.498954
0.49888
0.498823
0.498657
0.498631
0.49853
0.49849
0.498543
0.498493
0.498186
0.498129
0.498033
0.498141
0.498038
0.4977
0.497754
0.497894
0.497736
0.497856
0.497879
0.497963
0.497844
0.497875
0.497811
0.497834
0.497851
0.497631
0.497791
0.497759
0.497854
0.497751
0.497726
0.497723
0.497505
0.497741
0.497816
0.497819
0.497871
0.497927
0.497709
0.49765
0.497553
0.497592
0.497718
0.497743
0.4977
0.497736
0.497643
0.497751
0.49765
0.497467
0.497643
0.497711
0.497791
0.49766
0.497705
0.497857
0.497761
0.497792
0.497877
0.4979
0.498
0.497949
0.498025
0.498131
0.497957
0.497874
0.497997
0.498113
0.498028
0.49801
0.498206
0.498168
0.498286
0.498284
0.498176
0.498166
0.498319
0.498307
0.498456
0.498481
0.498603
0.498581
0.498631
0.498787
0.498518
0.498591
0.498691
0.498686
0.49886
0.498921
0.49882
0.498852
0.499006
0.4989
0.499129
0.499184
0.49929
0.499238
0.499466
0.499474
0.499519
0.499721
0.499617
0.499535
0.499643
0.499936
0.500153
0.500337
0.500258
0.500067
0.500269
0.500294
0.500706
0.536789
0.699931
0.864048
0.951007
0.983987
0.992019
0.99238
0.991584
0.990912
0.990208
0.989627
0.989393
0.988955
0.988533
0.988244
0.988122
0.988158
0.988249
0.988414
0.988552
0.988532
0.988628
0.98904
0.988766
0.988724
0.988817
0.988661
0.988668
0.988684
0.988708
0.988789
0.988759
0.988631
0.988701
0.988698
0.988767
0.988894
0.988943
0.98923
0.989118
0.989133
0.98926
0.989216
0.989221
0.989493
0.989719
0.989725
0.989763
0.990057
0.990049
0.989944
0.989974
0.99022
0.990381
0.990507
0.990718
0.990839
0.99101
0.990959
0.991211
0.991236
0.991297
0.99141
0.991795
0.992033
0.992116
0.992355
0.992499
0.992594
0.992887
0.993002
0.99317
0.993444
0.993553
0.993669
0.993908
0.993976
0.994127
0.994313
0.994461
0.994723
0.994835
0.995039
0.995293
0.995399
0.995243
0.995353
0.995382
0.995515
0.995726
0.995779
0.995844
0.995877
0.995995
0.99596
0.995899
0.996091
0.996159
0.996171
0.996128
0.996284
0.99639
0.996483
0.996564
0.996511
0.996447
0.996622
0.996629
0.996774
0.996634
0.996908
0.997059
0.997082
0.997137
0.997165
0.997328
0.997328
0.997152
0.997325
0.9973
0.997444
0.997499
0.99773
0.997781
0.997791
0.998093
0.997969
0.998055
0.998037
0.99801
0.997997
0.998092
0.998261
0.998092
0.998429
0.998374
0.998307
0.998063
0.998216
0.998291
0.99814
0.998223
0.998108
0.998334
0.998171
0.998465
0.998482
0.998382
0.998346
0.998397
0.998463
0.998475
0.998598
0.998495
0.998669
0.998465
0.99842
0.998631
0.998586
0.998692
0.998638
0.998711
0.998684
0.998666
0.998598
0.998455
0.998588
0.998656
0.998757
0.99894
0.998941
0.999131
0.998912
0.99888
0.998981
0.999011
0.998839
0.998794
0.99893
0.998854
0.999127
0.998807
0.998872
0.998902
0.998679
0.999098
0.998995
0.999149
0.998937
0.999152
0.999068
0.99901
0.998935
0.999043
0.999056
0.99924
0.999146
0.999069
0.99921
0.999169
0.999164
0.999154
0.999269
0.999122
0.999169
0.999164
0.999282
0.999333
0.999264
0.999401
0.99926
0.999219
0.999029
0.999353
0.999119
0.999174
0.999141
0.999167
0.999252
0.999323
0.999323
0.999375
0.999345
0.999478
0.999365
0.999259
0.99921
0.999272
0.999444
0.999426
0.999469
0.999526
0.999378
0.999675
0.999551
0.999264
0.999444
0.999574
0.999496
0.999332
0.999484
0.99938
0.999435
0.999283
0.999355
0.999438
0.99942
0.999532
0.999635
0.99964
0.999601
0.999665
0.999579
0.999514
0.999572
0.999566
0.999747
0.99969
0.999571
0.999647
0.999518
0.999635
0.998385
1.08853
1.23711
1.34651
1.39958
1.42231
1.43292
1.43938
1.44343
1.44601
1.44753
1.44863
1.44966
1.4507
1.45121
1.45178
1.45219
1.45277
1.4537
1.45447
1.45526
1.45628
1.45752
1.45837
1.45931
1.46029
1.46131
1.46179
1.46223
1.46257
1.46236
1.46262
1.46258
1.46246
1.46247
1.46243
1.46249
1.46271
1.46269
1.46265
1.46283
1.46282
1.46317
1.46323
1.46337
1.46344
1.46366
1.46376
1.46404
1.46439
1.46469
1.46502
1.4651
1.46512
1.46539
1.46568
1.46576
1.46604
1.46638
1.46673
1.46709
1.46778
1.46792
1.46836
1.46881
1.46923
1.46991
1.47034
1.4708
1.4711
1.47158
1.47224
1.47254
1.47295
1.47338
1.47386
1.47433
1.47467
1.47513
1.4756
1.47598
1.47631
1.47677
1.47733
1.47762
1.47815
1.4785
1.47887
1.47928
1.47953
1.47984
1.48028
1.48071
1.48092
1.48123
1.48156
1.48173
1.48197
1.48206
1.48238
1.48267
1.48273
1.48309
1.48326
1.48339
1.48346
1.4837
1.48375
1.48392
1.48406
1.48412
1.48429
1.48434
1.48441
1.48448
1.48471
1.48481
1.48495
1.48518
1.48531
1.48561
1.48557
1.48537
1.48551
1.48569
1.48573
1.48602
1.48587
1.48622
1.48618
1.48636
1.4867
1.48653
1.48673
1.48672
1.48683
1.48716
1.48724
1.48737
1.48741
1.48752
1.48776
1.48767
1.48787
1.48788
1.48804
1.48802
1.48801
1.48837
1.48834
1.48828
1.4884
1.48827
1.48859
1.4887
1.4886
1.48882
1.48896
1.48911
1.48906
1.48925
1.48898
1.48925
1.48925
1.48938
1.48944
1.48956
1.48975
1.48965
1.48985
1.48998
1.48991
1.48986
1.49026
1.4901
1.4901
1.49008
1.49012
1.49045
1.49045
1.49024
1.4905
1.49059
1.49078
1.49075
1.49078
1.49079
1.49092
1.49101
1.49098
1.49107
1.4912
1.49112
1.49127
1.49136
1.49154
1.49146
1.49145
1.49157
1.49156
1.49173
1.49199
1.49223
1.49233
1.49248
1.49261
1.49268
1.49291
1.49316
1.49356
1.49367
1.49384
1.494
1.49424
1.49417
1.49435
1.49455
1.49465
1.49491
1.49495
1.49513
1.49538
1.49514
1.49523
1.49517
1.49535
1.4955
1.4957
1.49576
1.49601
1.49592
1.49597
1.49617
1.49602
1.49599
1.49632
1.49641
1.49651
1.49657
1.49657
1.49678
1.49679
1.49677
1.49688
1.49701
1.49739
1.49733
1.49737
1.49723
1.49754
1.49765
1.49755
1.4978
1.49795
1.49794
1.49796
1.49809
1.49813
1.49826
1.49827
1.49821
1.49831
1.49857
1.49865
1.49881
1.49903
1.49863
1.49887
1.49879
1.49865
1.49868
1.49895
1.49877
1.49885
1.49882
1.49867
1.49865
1.49857
1.49868
1.49877
1.49867
1.4986
1.49866
1.49872
1.49873
1.49852
1.4986
1.49874
1.49857
1.49877
1.49869
1.49869
1.49869
1.49868
1.49868
1.49856
1.49872
1.49867
1.49897
1.49874
1.49884
1.49877
1.49866
1.49878
1.49871
1.49878
1.49896
1.49892
1.4989
1.49884
1.49897
1.49883
1.49885
1.49888
1.49887
1.49921
1.49909
1.4991
1.4991
1.4991
1.49902
1.49908
1.49891
1.499
1.49925
1.49922
1.49908
1.49914
1.49902
1.49916
1.49919
1.49929
1.49947
1.49929
1.4993
1.49916
1.49912
1.49906
1.49941
1.49927
1.49922
1.49945
1.49928
1.49938
1.49933
1.49923
1.49916
1.49921
1.49935
1.49929
1.49949
1.49936
1.49948
1.49945
1.4993
1.49937
1.40905
1.09666
0.932716
0.930646
0.971452
1.00579
1.02506
1.0338
1.03791
1.03934
1.04004
1.04037
1.04043
1.04048
1.04079
1.04139
1.04221
1.0425
1.04277
1.04319
1.04347
1.04375
1.0438
1.04368
1.04331
1.04268
1.04256
1.04217
1.04177
1.04143
1.04154
1.04138
1.04121
1.04113
1.04081
1.04033
1.03984
1.03937
1.03946
1.03931
1.03899
1.03834
1.038
1.03774
1.03705
1.03682
1.03665
1.03642
1.03603
1.03577
1.03549
1.0352
1.03493
1.03471
1.03435
1.03406
1.03402
1.03394
1.0335
1.03323
1.0328
1.03278
1.03251
1.03228
1.03219
1.03196
1.03161
1.03137
1.03129
1.03099
1.03086
1.03055
1.03031
1.03024
1.03019
1.03007
1.02971
1.02944
1.02946
1.0291
1.02894
1.02892
1.02857
1.02832
1.02845
1.02811
1.02795
1.02765
1.0274
1.02714
1.02664
1.02634
1.02628
1.02607
1.02564
1.02565
1.02544
1.02497
1.02469
1.02452
1.02442
1.02424
1.02405
1.02403
1.02366
1.02342
1.02318
1.02297
1.02278
1.0228
1.02239
1.02215
1.02179
1.02189
1.02161
1.02121
1.0211
1.02096
1.02092
1.02077
1.02051
1.02041
1.02007
1.01978
1.01958
1.01946
1.01958
1.01924
1.01895
1.01875
1.01882
1.01854
1.01812
1.018
1.01797
1.01812
1.01786
1.0174
1.0173
1.01715
1.01703
1.01694
1.01679
1.01638
1.0166
1.01676
1.01622
1.016
1.01587
1.01587
1.01579
1.01524
1.01537
1.01532
1.01523
1.01515
1.0148
1.01457
1.01447
1.01461
1.01428
1.01401
1.01398
1.01401
1.01393
1.01377
1.01345
1.01335
1.0132
1.01332
1.01326
1.013
1.01273
1.01285
1.01254
1.01251
1.01259
1.0123
1.01226
1.01185
1.0119
1.01174
1.01184
1.01185
1.0118
1.01148
1.0111
1.01106
1.01111
1.01148
1.01125
1.01078
1.01087
1.01064
1.01055
1.01023
1.01036
1.01044
1.01028
1.0102
1.00989
1.00987
1.00989
1.00971
1.00987
1.00969
1.00957
1.0095
1.0094
1.0091
1.0092
1.00899
1.00902
1.00907
1.00919
1.00901
1.00912
1.00889
1.00868
1.00868
1.00857
1.00848
1.00835
1.00824
1.00821
1.00827
1.00828
1.00814
1.00805
1.00797
1.00787
1.00784
1.00782
1.0078
1.00792
1.0079
1.00779
1.00784
1.0077
1.00762
1.00766
1.00756
1.0076
1.00744
1.00752
1.00768
1.00751
1.00736
1.00722
1.00749
1.00749
1.00752
1.00744
1.00743
1.00737
1.00755
1.00747
1.00737
1.00747
1.00724
1.00765
1.00753
1.00766
1.00752
1.00747
1.00735
1.00743
1.00744
1.00743
1.00757
1.00746
1.00758
1.00752
1.00749
1.00736
1.00735
1.00743
1.00742
1.00746
1.00742
1.00719
1.00705
1.00712
1.0069
1.00677
1.00708
1.00687
1.00688
1.00671
1.00685
1.00656
1.00637
1.00622
1.00636
1.00632
1.00652
1.00645
1.00617
1.00637
1.00606
1.00608
1.00589
1.00588
1.0059
1.00595
1.00581
1.00581
1.00602
1.00601
1.0058
1.00572
1.00548
1.00542
1.00519
1.00537
1.00523
1.00516
1.00525
1.00528
1.00519
1.00525
1.00501
1.00167
1.04417
1.24434
1.40651
1.47057
1.48446
1.48475
1.48281
1.48149
1.4804
1.4793
1.4781
1.4769
1.47631
1.476
1.47551
1.47564
1.47534
1.47517
1.47532
1.47519
1.47523
1.47498
1.47503
1.47477
1.47496
1.47502
1.47532
1.47516
1.47511
1.47503
1.47476
1.475
1.47489
1.47478
1.47478
1.47469
1.47456
1.4746
1.4747
1.47473
1.4749
1.47475
1.47496
1.47505
1.47503
1.47534
1.47523
1.4751
1.47516
1.4751
1.47529
1.47519
1.47536
1.4755
1.47548
1.47553
1.47586
1.47588
1.4763
1.47644
1.47668
1.47656
1.47675
1.47702
1.47731
1.47746
1.47764
1.47764
1.47773
1.4781
1.4782
1.47842
1.47856
1.47856
1.4791
1.47881
1.47919
1.47938
1.47945
1.47974
1.47985
1.48016
1.48019
1.48028
1.48026
1.48066
1.48065
1.48085
1.48116
1.48114
1.48126
1.4813
1.48157
1.48158
1.48186
1.48195
1.4822
1.48241
1.48249
1.48273
1.48268
1.48275
1.48301
1.48325
1.48345
1.48351
1.4838
1.48389
1.48407
1.48416
1.48426
1.4844
1.48442
1.48483
1.48482
1.48493
1.48499
1.48521
1.48523
1.48522
1.48527
1.48538
1.48532
1.48543
1.48542
1.48544
1.48551
1.48555
1.48567
1.48571
1.48562
1.48563
1.48581
1.48589
1.48579
1.48589
1.4859
1.48611
1.48636
1.4865
1.48669
1.48668
1.48705
1.48708
1.48718
1.48723
1.48743
1.48756
1.48787
1.48811
1.4882
1.48841
1.48843
1.48859
1.48861
1.48871
1.48882
1.48903
1.48914
1.48913
1.48946
1.48946
1.48979
1.48997
1.48989
1.48971
1.49009
1.49028
1.49018
1.49016
1.49036
1.49044
1.49044
1.49044
1.49086
1.49076
1.49086
1.49088
1.49107
1.49117
1.49126
1.49126
1.49131
1.49133
1.49162
1.4916
1.49181
1.49185
1.49185
1.49199
1.492
1.49197
1.49231
1.49244
1.49247
1.49255
1.49294
1.49279
1.49284
1.49304
1.49303
1.49302
1.4931
1.49325
1.49339
1.49326
1.49344
1.49342
1.49366
1.49361
1.49372
1.49381
1.49385
1.49402
1.4939
1.49398
1.49405
1.49409
1.49413
1.49413
1.4943
1.49435
1.49442
1.4946
1.49447
1.4946
1.49453
1.49453
1.49466
1.49468
1.49478
1.49498
1.49506
1.49519
1.49514
1.49522
1.49509
1.49513
1.49521
1.49521
1.49565
1.49549
1.4955
1.4956
1.49546
1.49562
1.49579
1.49569
1.4957
1.49593
1.49599
1.49623
1.49608
1.49601
1.49613
1.4961
1.49607
1.49601
1.49623
1.4965
1.49647
1.49645
1.49639
1.49639
1.49655
1.49685
1.49677
1.49688
1.49688
1.49667
1.49675
1.4967
1.49691
1.49702
1.49717
1.49713
1.49733
1.49739
1.49753
1.49739
1.49753
1.49755
1.49763
1.49789
1.49803
1.498
1.49811
1.49832
1.49848
1.49858
1.49828
1.49844
1.49854
1.49871
1.49894
1.49886
1.49892
1.49889
1.4991
1.49904
1.49923
1.49924
1.49935
1.49963
1.49949
1.49943
1.49946
1.49938
1.49966
1.49975
1.49978
1.49979
1.49991
1.50002
1.5002
1.49989
1.49989
1.50014
1.50014
1.50021
1.50038
1.50046
1.50036
1.50039
1.50028
1.50033
1.5006
1.50077
1.5007
1.50091
1.50083
1.50108
1.50099
1.50094
1.5009
1.50114
1.50121
1.5014
1.50139
1.50152
1.50154
1.5016
1.50163
1.50159
1.50175
1.50165
1.50183
1.50178
1.50163
1.50162
1.50138
1.5015
1.50139
1.50148
1.50147
1.50171
1.50156
1.50147
1.50138
1.50136
1.50125
1.50133
1.50137
1.50134
1.50145
1.50135
1.50144
1.50134
1.50117
1.50113
1.50111
1.50124
1.50127
1.50134
1.50128
1.50123
1.5013
1.50128
1.50117
1.5012
1.5012
1.50144
1.50115
1.50107
1.50129
1.50102
1.50108
1.50106
1.50108
1.50104
1.50107
1.50104
1.50097
1.50114
1.50092
1.50077
1.50099
1.50088
1.50127
1.50114
1.50105
1.50123
1.50122
1.50096
1.50098
1.50098
1.50092
1.50113
1.50099
1.50108
1.50133
1.50131
1.50083
1.50095
1.50081
1.50104
1.50095
1.50099
1.50109
1.50098
1.50111
1.50075
1.501
1.50085
1.50095
1.50079
1.50096
1.50113
1.50109
1.50078
1.50078
1.50078
1.5007
1.50075
1.50083
1.50082
1.50087
1.5009
1.50073
1.50075
1.50063
1.50082
1.50061
1.50077
1.50056
1.50073
1.5007
1.50051
1.50052
1.5005
1.50056
1.50056
1.50061
1.50068
1.50059
1.50062
1.50042
1.50056
1.50062
1.50056
1.50056
1.50049
1.50056
1.50058
1.50055
1.50053
1.50066
1.50059
1.50043
1.50061
1.5004
1.50034
1.50047
1.50041
1.50023
1.50058
1.5003
1.50046
1.50052
1.50054
1.50041
1.50029
1.50041
1.5003
1.50036
1.50048
1.50046
1.50025
1.50029
1.50037
1.50061
1.5002
1.50022
1.50019
1.50038
1.5004
1.50034
1.50045
1.50026
1.50026
1.50015
1.50027
1.50017
1.50023
1.5003
1.5003
1.50037
1.50028
1.50023
1.50007
1.50006
1.50016
1.50001
1.50003
1.50009
1.50021
1.50005
1.50002
1.5002
1.50011
1.50011
1.50028
1.50012
1.50009
1.50019
1.50005
1.49995
1.49994
1.50008
1.50022
1.49993
1.50013
1.50018
1.50009
1.50005
1.50009
1.50002
1.50006
1.49984
1.49992
1.5
1.5002
1.50016
1.50022
1.49974
1.49995
1.49991
1.49993
1.4999
1.49997
1.49992
1.49997
1.50004
1.49997
1.49982
1.49987
1.49965
1.49986
1.49989
1.4999
1.50007
1.49983
1.4998
1.49988
1.49992
1.49986
1.49964
1.49988
1.49986
1.50004
1.49982
1.49979
1.49989
1.49984
1.49966
1.49964
1.49987
1.49983
1.49986
1.4998
1.49966
1.49965
1.49979
1.49978
1.49975
1.49975
1.49998
1.49992
1.4997
1.49984
1.49981
1.49983
1.4998
1.49988
1.49979
1.49995
1.49984
1.49971
1.49978
1.49968
1.4996
1.4997
1.49988
1.49986
1.49992
1.49985
1.49977
1.49973
1.49986
1.49968
1.49984
1.49992
1.49983
1.49989
1.49984
1.49969
1.49982
1.49975
1.47532
1.1859
0.931609
0.882489
0.918634
0.969249
0.999815
1.01499
1.0214
1.02374
1.024
1.02388
1.02384
1.024
1.024
1.02433
1.02428
1.02446
1.02445
1.02439
1.02446
1.0239
1.0226
1.0206
1.01847
1.01651
1.01466
1.01277
1.01152
1.01055
1.00994
1.009
1.00854
1.00846
1.00842
1.00788
1.0074
1.00674
1.00636
1.0064
1.00616
1.00581
1.00537
1.00523
1.00515
1.00461
1.00447
1.00444
1.00448
1.00415
1.00347
1.00306
1.00322
1.0031
1.00306
1.00302
1.00314
1.00294
1.00259
1.00237
1.00226
1.00221
1.00221
1.00208
1.00189
1.00194
1.00185
1.00192
1.00149
1.00131
1.00147
1.00147
1.00123
1.00137
1.00135
1.00135
1.00132
1.00127
1.00091
1.00088
1.00084
1.00081
1.00099
1.00075
1.00081
1.00094
1.00074
1.00075
1.00045
1.00047
1.00051
1.00034
1.00052
1.00054
1.0004
1.00033
1.00043
1.00024
1.00033
1.00033
1.00044
1.00042
1.00045
1.00025
1.00039
1.00026
1.00023
1.00029
1.0001
1.00017
1.00021
1.00027
1.00041
1.00035
1.0002
1.00014
1.00007
1.00002
1.00016
1.00011
1.00009
1.00019
1.00001
1.00008
1.00023
1.00021
0.999919
0.999969
1.00014
0.999974
0.999863
1.0001
0.99981
0.999869
0.999971
1.00007
0.999924
1.00006
0.999972
1.00003
0.999936
1.00003
0.999888
0.999936
0.999911
0.999976
1.00005
1.00012
0.999996
1
0.999858
0.999952
0.999991
1.00007
1.00021
1.00007
1.00001
0.999861
0.999977
0.999901
0.999956
1.00005
0.999992
1.00004
1.00018
1.00021
1.00003
1.00008
0.999942
0.999889
0.999969
1.00016
1.00014
1.00034
1.00007
1
1.00018
0.999941
1.00006
0.999893
0.999924
1.00009
1.00016
1.00021
1.00018
0.999939
1.00004
0.999964
0.999941
1
1.0001
1.00009
1.00013
1.00014
1.00019
1.00003
0.999815
1.00009
1.00022
1.00023
1.00014
0.999956
0.999942
0.999833
0.999878
0.999957
1.00002
0.999934
1.00013
1.00008
1.00007
0.999911
1.00012
0.999873
1.00008
0.999959
0.999949
1.0002
1.00016
1.07962
1.28393
1.43335
1.49359
1.50776
1.50869
1.50727
1.50602
1.50504
1.5036
1.50236
1.50117
1.50054
1.50003
1.49983
1.49969
1.49967
1.49966
1.49952
1.49933
1.49936
1.49948
1.49955
1.49989
1.50005
1.50025
1.50028
1.50029
1.5
1.49998
1.49986
1.49989
1.50003
1.50003
1.49986
1.4998
1.49985
1.4996
1.49954
1.49952
1.49943
1.4997
1.4996
1.49942
1.49931
1.49919
1.49925
1.49928
1.49909
1.49898
1.49918
1.49935
1.49922
1.49906
1.49909
1.49909
1.49892
1.499
1.49893
1.49905
1.49896
1.49893
1.49887
1.49873
1.49864
1.4988
1.49875
1.49877
1.49889
1.49869
1.49869
1.49851
1.49854
1.4986
1.49855
1.49851
1.49852
1.4985
1.49868
1.49864
1.49859
1.49866
1.49878
1.49879
1.49869
1.49877
1.49865
1.49884
1.4988
1.49858
1.49871
1.49888
1.49875
1.49883
1.49876
1.49885
1.49887
1.4989
1.49894
1.4988
1.49868
1.49883
1.49886
1.4989
1.49907
1.49929
1.49921
1.49899
1.49907
1.49912
1.49894
1.49912
1.49899
1.49924
1.49919
1.49915
1.49919
1.4994
1.49905
1.49917
1.4991
1.49938
1.4996
1.49947
1.49925
1.49942
1.49918
1.4992
1.49934
1.49933
1.49951
1.49952
1.4995
1.49963
1.4995
1.49943
1.4995
1.49956
1.49959
1.49974
1.49982
1.49992
1.49978
1.49965
1.49972
1.49977
1.49979
1.49988
1.49987
1.49993
1.49999
1.49995
1.49997
1.49998
1.49982
1.49975
1.50017
1.50018
1.50023
1.50013
1.50016
1.5001
1.50027
1.50012
1.50024
1.5002
1.50038
1.50015
1.50023
1.50049
1.50024
1.50026
1.50023
1.50053
1.50043
1.50059
1.50067
1.50071
1.50047
1.50055
1.50048
1.50063
1.5006
1.50077
1.50068
1.50061
1.50068
1.5008
1.50067
1.50052
1.50052
1.50057
1.50059
1.5005
1.50066
1.50058
1.50059
1.50063
1.50064
1.50055
1.50063
1.50066
1.50066
1.50062
1.50063
1.50068
1.50033
1.50047
1.50042
1.50056
1.50076
1.5007
1.50073
1.50051
1.50033
1.50046
1.50032
1.50044
1.50039
1.50052
1.5005
1.5005
1.50064
1.50043
1.50042
1.50038
1.50045
1.50037
1.50052
1.50083
1.50059
1.50054
1.50057
1.5004
1.50038
1.50046
1.50047
1.50038
1.50049
1.50056
1.50045
1.50045
1.50026
1.50029
1.50056
1.50047
1.50054
1.50052
1.50063
1.5004
1.50047
1.50045
1.50032
1.50034
1.50053
1.50049
1.50061
1.5004
1.50017
1.50036
1.50033
1.50046
1.50069
1.50049
1.50032
1.50067
1.50043
1.50054
1.50027
1.50052
1.5002
1.50048
1.50049
1.50055
1.5003
1.50041
1.50021
1.50037
1.50031
1.50029
1.50055
1.50037
1.50056
1.50033
1.5003
1.50027
1.50025
1.50031
1.50035
1.50042
1.50037
1.50021
1.50047
1.50033
1.50034
1.50036
1.50033
1.50038
1.5003
1.50033
1.50047
1.5004
1.50023
1.50028
1.5004
1.50033
1.49998
1.25482
0.933767
0.850237
0.886792
0.942842
0.987331
1.01348
1.02486
1.02665
1.02569
1.02478
1.02419
1.02416
1.02424
1.02428
1.02447
1.02436
1.02436
1.02432
1.02432
1.02317
1.02092
1.01805
1.01495
1.01228
1.01008
1.00862
1.00782
1.00728
1.00681
1.00639
1.00652
1.00614
1.00574
1.00553
1.00533
1.00496
1.00456
1.0042
1.00422
1.00429
1.00401
1.00379
1.00348
1.00341
1.0034
1.00321
1.00296
1.0027
1.00274
1.00265
1.00249
1.00236
1.00207
1.00192
1.00201
1.00204
1.00206
1.00187
1.00172
1.00147
1.00182
1.00166
1.00139
1.00108
1.00112
1.0012
1.00118
1.00112
1.00113
1.00092
1.0009
1.00095
1.00115
1.00083
1.00077
1.00074
1.00075
1.00063
1.00067
1.00064
1.00079
1.00083
1.00053
1.00052
1.0003
1.00049
1.00048
1.00043
1.00043
1.00039
1.00055
1.00042
1.00036
1.0003
1.0002
1.00014
1.00011
1.00018
1.0003
1.00024
1.00035
1.00023
1.00015
1.0001
1.00044
1.00038
1.00006
1.00003
1.00026
1.00004
1.00015
0.999982
1.00005
1.00009
1.00009
1.00002
1.00007
1.00016
1.00031
1.00021
1.00001
1.00002
1.00006
1.00015
1.00017
1.00005
1.0001
1.00025
1.00006
0.999979
1.00012
0.999951
1.0003
1.00027
1.00021
1.00017
1.00012
1.00016
1.00012
0.999942
1.00015
1.00007
1.00023
1.00014
1.00024
1.00021
1.00025
1.00016
1.00011
0.999986
1.00028
1.00037
1.00046
0.999997
0.999939
0.999946
1.0001
1.00017
1.00002
1.00031
0.999972
1.00011
0.999967
1.00002
1.00017
0.999989
1
1.00005
1
1.00016
1.00028
1.00005
1.00004
1.00002
0.999952
0.999997
1.00004
1.00005
1.00018
1.00015
1.00018
1.00001
1
1.00002
1.00012
1.00004
1.00012
1.00031
1.00011
1.00013
1.00285
1.0055
1.00891
1.01443
1.01974
1.02414
1.0276
1.02963
1.03193
1.0372
1.04625
1.02583
0.936157
0.893208
0.90706
1.00034
1.16511
1.34914
1.26909
1.19506
1.01117
0.920659
0.92161
0.953184
0.974767
0.981211
0.979196
0.976361
0.97515
0.975549
0.975632
0.977923
0.981256
0.983399
0.983387
0.984312
0.986332
0.989383
0.990519
0.991073
0.991772
0.992403
0.993359
0.994649
0.995646
0.996634
0.997862
0.999456
1.00114
1.00165
1.00184
1.00217
1.00238
1.00259
1.00285
1.00315
1.00362
1.0048
1.00603
1.00672
1.00823
1.01134
1.01423
1.01688
1.01949
1.02187
1.02384
1.02521
1.02584
1.02622
1.02616
1.02577
1.02555
1.02485
1.02366
1.0228
1.02172
1.02107
1.01919
1.01596
1.01336
1.01136
1.00921
1.00662
1.00464
1.00375
1.0039
1.00384
1.00389
1.00369
1.00347
1.00333
1.00312
1.00329
1.00312
1.00317
1.0032
1.00307
1.00305
1.0035
1.00368
1.00368
1.00371
1.00389
1.00398
1.00408
1.00442
1.00455
1.00465
1.00463
1.00455
1.00478
1.00454
1.0045
1.00464
1.00465
1.00472
1.00457
1.00458
1.00475
1.00473
1.00471
1.00463
1.00468
1.0044
1.00461
1.00456
1.00455
1.00456
1.00478
1.0044
1.00435
1.0043
1.00413
1.00396
1.00394
1.00386
1.00393
1.00377
1.00387
1.0032
1.00293
1.00258
1.00246
1.00195
1.00167
1.00133
1.00113
1.00122
1.00114
1.0011
1.0012
1.00127
1.00124
1.00126
1.00121
1.00105
1.00079
1.00089
1.00056
1.00076
1.00074
1.00067
1.00046
1.00057
1.00044
1.00004
0.999976
1.00001
1.00002
1
1.0001
1.0002
1.00003
1.00004
0.999903
0.999649
0.999403
0.999194
0.998946
0.998601
0.998251
0.99807
0.997763
0.997258
0.996707
0.996234
0.995866
0.995451
0.995602
0.995462
0.995426
0.995585
0.995685
0.995635
0.995666
0.995688
0.995819
0.995763
0.995957
0.995915
0.995972
0.995982
0.996335
0.996549
0.996505
0.996881
0.997051
0.997217
0.99764
0.997653
0.997871
0.998208
0.998233
0.998546
0.998744
0.998739
0.998948
0.999015
0.999161
0.999378
0.999474
0.99942
0.999581
0.999693
0.999685
1
1.00019
1.00054
1.00081
1.00127
1.00157
1.00212
1.00239
1.00303
1.00366
1.00437
1.00457
1.005
1.00515
1.00529
1.0054
1.00551
1.00585
1.00616
1.00632
1.00655
1.00632
1.00621
1.00641
1.00636
1.00653
1.00646
1.00649
1.00638
1.00644
1.00661
1.00665
1.00653
1.00651
1.0066
1.00658
1.00668
1.0066
1.00671
1.00671
1.00661
1.00634
1.00627
1.00628
1.0059
1.0059
1.00589
1.00568
1.00559
1.00543
1.00571
1.00563
1.00556
1.00577
1.00567
1.0054
1.00534
1.00521
1.00519
1.00522
1.00537
1.00525
1.00518
1.00511
1.00522
1.005
1.00519
1.00516
1.00497
1.00476
1.00461
1.00454
1.00404
1.0039
1.00369
1.00357
1.00346
1.00323
1.00328
1.00331
1.00316
1.00295
1.00291
1.003
1.00304
1.00302
1.00296
1.00271
1.00279
1.00272
1.00263
1.00253
1.00242
1.0025
1.00243
1.00237
1.00248
1.00255
1.0025
1.00236
1.00214
1.00194
1.00141
1.00161
1.00146
1.00122
1.00134
1.00118
1.00113
1.00124
1.00103
1.00093
1.00096
1.00083
1.00093
1.00097
1.00078
1.00087
1.00076
1.0008
1.00074
1.00077
1.00082
1.00077
1.00095
1.00086
1.00094
1.0008
1.00084
1.00092
1.00085
1.001
1.00082
1.00092
1.00097
1.00107
1.00112
1.00095
1.00122
1.00109
1.00088
1.00102
1.00119
1.00125
1.00137
1.00151
1.00201
1.00202
1.00233
1.00262
1.00285
1.00304
1.00314
1.00299
1.00302
1.00339
1.00342
1.00348
1.00368
1.00365
1.00384
1.00384
1.00404
1.00426
1.00459
1.0047
1.00484
1.00473
1.00479
1.00475
1.00479
1.00488
1.00502
1.00507
1.00532
1.00535
1.00536
1.00558
1.00577
1.00588
1.00579
1.00596
1.00604
1.00613
1.00618
1.00618
1.00634
1.00629
1.00625
1.00618
1.00607
1.0062
1.00615
1.00613
1.00615
1.00623
1.0062
1.00635
1.00627
1.00629
0.997526
1.18897
1.48299
1.62158
1.60174
1.53996
1.51371
1.52078
1.53223
1.53565
1.53406
1.53
1.52398
1.51909
1.51646
1.51473
1.51356
1.51273
1.51143
1.51056
1.50985
1.50942
1.50906
1.50825
1.50777
1.50734
1.50676
1.5062
1.50539
1.50517
1.5047
1.50471
1.50472
1.50468
1.50468
1.50481
1.50519
1.50436
1.50321
1.50375
1.50407
1.50262
1.50182
1.50232
1.5025
1.50307
1.50176
1.50104
1.50182
1.50207
1.50078
1.5012
1.50195
1.5012
1.50033
1.50083
1.50139
1.50094
1.50027
1.50122
1.50144
1.50093
1.50034
1.50066
1.50147
1.50132
1.50097
1.50053
1.50034
1.50013
1.50012
1.50003
1.50044
1.50048
1.50038
1.50035
1.50054
1.50083
1.50114
1.50127
1.50136
1.5017
1.50209
1.50238
1.50274
1.50321
1.50353
1.50417
1.50416
1.50306
1.50311
1.50323
1.50273
1.5017
1.50238
1.50249
1.50156
1.50136
1.50209
1.50195
1.50079
1.50046
1.5016
1.5018
1.50097
1.50042
1.50066
1.50116
1.50071
1.5004
1.50026
1.50031
1.50039
1.5003
1.50019
1.50046
1.50129
1.50111
1.50052
1.50015
1.49962
1.50025
1.50058
1.50031
1.49985
1.49989
1.50027
1.49993
1.49967
1.50038
1.50014
1.49967
1.4997
1.50034
1.50036
1.49951
1.49988
1.50026
1.49996
1.4996
1.49996
1.50022
1.49972
1.49962
1.50022
1.50033
1.49953
1.49971
1.50007
1.49998
1.49922
1.49914
1.49935
1.4997
1.50026
1.49976
1.49933
1.49942
1.49989
1.50055
1.50045
1.49988
1.49973
1.50024
1.50039
1.50004
1.49981
1.50014
1.50033
1.49984
1.50015
1.50053
1.49986
1.4997
1.50011
1.50033
1.49983
1.49975
1.50042
1.50003
1.49962
1.49992
1.50026
1.50032
1.49966
1.49987
1.50036
1.50079
1.50025
1.49979
1.50005
1.50057
1.50026
1.49994
1.49967
1.50021
1.5001
1.49964
1.49972
1.50015
1.50015
1.49964
1.49972
1.50004
1.50018
1.49975
1.49979
1.50016
1.50009
1.49975
1.49995
1.50014
1.5001
1.49968
1.49994
1.50034
1.50011
1.49972
1.50019
1.50038
1.49986
1.49959
1.50005
1.50021
1.49985
1.49965
1.5001
1.50034
1.5
1.49971
1.49989
1.50006
1.5
1.50016
1.50031
1.49985
1.5
1.50025
1.49985
1.49987
1.50026
1.50025
1.50002
1.4998
1.50004
1.5001
1.50014
1.49955
1.50007
1.50035
1.50017
1.50002
1.49974
1.50014
1.50043
1.50027
1.50002
1.4999
1.49974
1.50017
1.50023
1.50036
1.50039
1.50015
1.50003
1.50005
1.49995
1.49978
1.49962
1.50009
1.50026
1.50012
1.50018
1.49999
1.5002
1.5001
1.50012
1.50024
1.49998
1.5002
1.50014
1.50003
1.5001
1.50008
1.50041
1.50054
1.50055
1.50061
1.50071
1.50067
1.50076
1.5007
1.50097
1.50113
1.50109
1.50131
1.50184
1.50205
1.50233
1.50249
1.5025
1.50267
1.50236
1.50256
1.50237
1.50235
1.50244
1.50238
1.50252
1.50247
1.50221
1.5016
1.50157
1.50154
1.50183
1.50132
1.50088
1.50073
1.50081
1.50114
1.50086
1.50055
1.50053
1.50078
1.50074
1.50024
1.50017
1.50022
1.50017
1.50023
1.50037
1.50032
1.50027
1.50034
1.50053
1.49998
1.49991
1.49986
1.49993
1.49996
1.4999
1.49979
1.49988
1.50004
1.5002
1.50021
1.50044
1.50031
1.50041
1.50014
1.50001
1.5002
1.50044
1.50011
1.50009
1.50022
1.50009
1.50016
1.50034
1.50035
1.49997
1.50006
1.5001
1.50009
1.50008
1.50016
1.50017
1.50006
1.4999
1.50017
1.50006
1.50008
1.5001
1.50005
1.5001
1.50005
1.50018
1.49992
1.50005
1.50008
1.50003
1.49996
1.50031
1.5005
1.50039
1.50048
1.50047
1.50037
1.50031
1.50025
1.5003
1.50049
1.50038
1.50054
1.50056
1.50035
1.37044
1.10241
0.933504
0.883693
0.899652
0.933391
0.957435
0.972967
0.979116
0.978849
0.976072
0.973492
0.972715
0.973036
0.97568
0.979259
0.983281
0.985409
0.986025
0.98684
0.987791
0.988548
0.989581
0.991138
0.992449
0.994315
0.995633
0.99753
0.999275
0.999717
0.999069
0.998043
0.998565
0.999242
0.999596
0.999039
0.999378
1.00012
0.999743
0.999322
0.999217
1.00028
0.999765
0.999363
0.99939
0.999981
0.999532
0.99932
1.00043
1.00013
0.999292
0.999054
1.00016
1.00016
0.999313
0.999796
1.00028
0.99963
0.999356
0.999644
0.999941
1.00003
0.999307
0.999395
1.00013
1.00016
0.999577
0.999992
1.00055
1.00013
0.999496
1.00001
1.00067
1.00056
1.00046
1.00023
1.00028
1.00006
1.00009
1.00012
1.00009
1.00005
1.00008
1.0002
1.00019
1.00024
1.00019
1.00014
1.00024
1.00015
1.00009
1.00014
1.00003
1.00011
0.999952
0.999937
0.999974
0.999596
0.99963
1.00148
1.00298
1.00457
1.00589
1.00766
1.00888
1.00881
1.00842
1.00812
1.00774
1.00762
1.00743
1.00714
1.00678
1.00644
1.00503
1.00347
1.00311
1.00319
1.00315
1.00137
0.999566
0.998837
0.999343
0.999675
0.99966
0.999742
1.00011
1.00054
1.00068
1.00109
1.001
1.00119
1.00126
1.00141
1.00157
1.00186
1.00121
1.00058
1.00059
1.00078
1.00079
1.00094
1.00015
1.00005
0.999941
1.00039
1.00082
0.999991
1.00018
1.00081
1.00033
0.999876
1.00009
1.0004
1.00021
0.999899
1.00029
1.00026
0.999612
0.999831
1.00038
0.999996
1.00018
0.999954
0.999791
1.0004
1.00011
0.999785
1.00044
1.00006
0.999513
1.00005
1.00029
0.999486
0.999659
1.00048
1.00039
1.00003
1.00027
1.00008
0.999914
1.00028
1.00023
1.00001
0.999793
1.00019
1.00064
1.00045
1.00009
1.00004
0.999747
0.999677
1.00045
1.00039
1.00024
0.999982
0.999836
0.999685
0.999743
0.999939
0.999899
0.999825
1.00032
1.00029
1.00029
1.00003
0.999971
0.999971
0.999939
0.999745
0.999778
1.02626
1.21017
1.41863
1.57514
1.65566
1.67697
1.66429
1.62864
1.58616
1.55053
1.52664
1.51345
1.50613
1.50422
1.50453
1.50589
1.50678
1.50676
1.50667
1.50651
1.50637
1.5063
1.50629
1.50639
1.50632
1.50671
1.5062
1.50448
1.50367
1.50393
1.50298
1.5019
1.50176
1.50206
1.50218
1.50113
1.50148
1.50147
1.50052
1.50044
1.5011
1.5005
1.50004
1.50065
1.5003
1.50015
1.50053
1.49986
1.50047
1.50069
1.49962
1.50012
1.50091
1.50057
1.49985
1.49983
1.50019
1.49979
1.49984
1.50055
1.50006
1.49946
1.49992
1.5008
1.5005
1.49997
1.49959
1.50004
1.5006
1.50027
1.49999
1.49971
1.49973
1.50055
1.50044
1.50018
1.49975
1.49983
1.49972
1.49982
1.49962
1.50031
1.50082
1.50083
1.50076
1.50073
1.50065
1.5007
1.50059
1.50061
1.50068
1.50066
1.50084
1.50082
1.50072
1.50075
1.50102
1.50103
1.50116
1.50093
1.501
1.50119
1.50118
1.50142
1.50145
1.50135
1.50152
1.50148
1.50166
1.50194
1.50197
1.50221
1.50222
1.50241
1.50235
1.50233
1.50241
1.5025
1.5027
1.50312
1.50262
1.50115
1.50117
1.5016
1.50146
1.50073
1.50073
1.5011
1.50073
1.5001
1.50066
1.5007
1.49999
1.50009
1.50089
1.50029
1.50018
1.50023
1.50013
1.50002
1.49999
1.50068
1.50051
1.50037
1.50018
1.50002
1.49971
1.49996
1.50072
1.50059
1.50009
1.49975
1.49961
1.50034
1.5004
1.50054
1.50042
1.50039
1.5002
1.50026
1.50009
1.50013
1.50025
1.50015
1.50029
1.50014
1.50037
1.50056
1.50052
1.50051
1.50031
1.50048
1.5006
1.49869
1.30728
1.11292
0.979481
0.904942
0.872469
0.865408
0.87157
0.886184
0.906078
0.924627
0.943544
0.958921
0.971039
0.981297
0.98808
0.992663
0.99391
0.994772
0.994903
0.994954
0.995049
0.995017
0.995273
0.995548
0.99756
0.999117
0.999186
0.999053
0.999224
0.999197
0.99921
0.999388
0.999627
0.999999
0.999785
1.00008
1.00011
1.00007
1.00026
1.00054
1.00068
1.00099
1.00084
1.00128
1.00144
1.00143
1.00146
1.00148
1.00158
1.00169
1.00163
1.00164
1.00175
1.0019
1.00189
1.00195
1.00211
1.00205
1.00197
1.00185
1.00206
1.00237
1.00253
1.00184
1.00116
1.0012
1.00139
1.00159
1.0012
1.00071
1.00119
1.00088
0.999898
0.999825
1.00055
1.001
1.001
1.00025
1.00002
1.0004
1.00092
1.0006
1.00015
0.999768
0.999956
1.00053
1.00027
1.00001
0.999707
1.00016
1.00021
0.999843
0.999707
1.00029
1.00056
1.00011
0.999919
0.999871
0.99979
0.999966
1.00041
1.00048
1.00017
1.00015
1.00013
0.999637
0.999518
1.00087
1.00107
1.0011
1.00092
1.00078
1.00091
1.00092
1.00099
1.00101
1.00106
1.00093
1.00123
1.00122
1.01928
1.15009
1.3315
1.48617
1.61379
1.70098
1.7419
1.74658
1.71733
1.66357
1.60437
1.54628
1.50588
1.47853
1.46448
1.45952
1.45902
1.46223
1.46887
1.47612
1.4871
1.49625
1.50164
1.50767
1.51146
1.51203
1.51188
1.51156
1.51134
1.50955
1.50708
1.50302
1.50185
1.50226
1.50266
1.50267
1.50258
1.50091
1.49991
1.50001
1.50033
1.50041
1.50085
1.50115
1.50112
1.49989
1.49941
1.49994
1.50024
1.50027
1.50018
1.50047
1.50064
1.50085
1.4996
1.4986
1.49927
1.49964
1.50012
1.50061
1.50126
1.50068
1.49956
1.50021
1.50102
1.5003
1.49989
1.50093
1.50027
1.49913
1.50011
1.50117
1.50066
1.49924
1.49911
1.50035
1.501
1.5002
1.49968
1.4997
1.50017
1.49991
1.49959
1.5007
1.50075
1.50029
1.49949
1.49896
1.50023
1.50036
1.49997
1.49969
1.5005
1.50024
1.49955
1.4996
1.50033
1.49967
1.50012
1.50028
1.4997
1.49987
1.50044
1.5
1.49921
1.4991
1.50022
1.50057
1.5001
1.49976
1.5002
1.50032
1.49971
1.50015
1.50038
1.49967
1.49995
1.50092
1.50091
1.50049
1.49978
1.49985
1.49982
1.49957
1.50049
1.5009
1.50063
1.50037
1.49972
1.49966
1.5
1.49936
1.50055
1.50073
1.50054
1.50045
1.5002
1.5
1.50001
1.49992
1.49954
1.50027
1.50065
1.50078
1.50064
1.50048
1.49963
1.49939
1.50069
1.50075
1.50044
1.50027
1.50023
1.50003
1.49991
1.50001
1.50019
1.5001
1.50037
1.5004
1.50047
1.50049
1.50063
1.50028
1.50005
1.50004
1.50022
1.50036
1.50002
1.50003
1.50001
1.49982
1.50009
1.48291
1.36524
1.2473
1.15636
1.08486
1.039
1.00691
0.984526
0.969579
0.959747
0.953987
0.950767
0.95072
0.952317
0.95327
0.955655
0.957861
0.959676
0.960718
0.961834
0.963436
0.964774
0.965373
0.966444
0.968379
0.970889
0.972599
0.973748
0.975023
0.976619
0.97808
0.979065
0.980467
0.982378
0.983844
0.985725
0.987946
0.990155
0.992209
0.991916
0.991867
0.992904
0.992721
0.992184
0.993115
0.994738
0.994265
0.993459
0.994617
0.995572
0.995241
0.994657
0.995158
0.996344
0.996495
0.996329
0.995786
0.996139
0.997124
0.996956
0.99687
0.997034
0.997029
0.998457
0.998839
0.998581
0.998258
0.997813
0.997849
0.997411
0.99817
0.998774
0.998641
0.998397
0.998528
0.998407
0.998334
0.998143
0.99924
0.999438
0.999325
0.999172
0.998978
0.999056
0.999103
0.999325
0.9992
0.998616
0.99921
0.999717
1.00004
1.00018
1.00018
1.00035
1.00059
1.00041
1.00003
1.00011
1.00025
1.00056
1.00092
1.00142
1.00147
1.00114
1.00065
1.00069
1.00103
1.00153
1.0016
1.00147
1.00204
1.00234
1.00268
1.00308
1.00347
1.00386
1.00387
1.00391
1.00429
1.00435
1.005
1.00567
1.00618
1.00697
1.00721
1.00789
1.0074
1.00596
1.00516
1.00571
1.00524
1.00429
1.00363
1.00318
1.00392
1.00418
1.00397
1.00306
1.00228
1.00153
1.00141
1.00154
1.0015
1.00169
1.00147
1.00163
1.00155
1.00139
1.00124
1.00126
1.00107
1.00246
1.09119
1.24667
1.37239
1.47295
1.54464
1.59122
1.61703
1.62646
1.62483
1.61715
1.60081
1.5831
1.56895
1.55852
1.54822
1.53949
1.5337
1.52874
1.52482
1.52104
1.51791
1.51531
1.5125
1.51055
1.50839
1.50671
1.50677
1.50743
1.50681
1.50632
1.50528
1.50425
1.50333
1.50386
1.50329
1.50273
1.50233
1.50297
1.50304
1.5024
1.5019
1.50168
1.50135
1.50119
1.50143
1.50151
1.50077
1.50063
1.50105
1.50138
1.50134
1.5012
1.50125
1.50103
1.50105
1.50079
1.50043
1.50036
1.50042
1.50054
1.50031
1.5003
1.50035
1.50081
1.50044
1.50054
1.50066
1.50054
1.50051
1.50082
1.50117
1.50107
1.50128
1.50108
1.50082
1.50105
1.50122
1.50112
1.50133
1.50124
1.5012
1.5013
1.50088
1.50055
1.50066
1.50061
1.50086
1.50087
1.50065
1.50078
1.50116
1.50136
1.50164
1.50213
1.50247
1.50225
1.50228
1.50259
1.50297
1.50311
1.50345
1.50406
1.50423
1.50387
1.5035
1.50333
1.50356
1.50361
1.50354
1.50312
1.5033
1.50311
1.5023
1.50231
1.50263
1.50285
1.50294
1.50242
1.50235
1.50291
1.50251
1.50224
1.50186
1.50237
1.50245
1.50173
1.50107
1.50116
1.50179
1.50176
1.50124
1.50098
1.50204
1.50195
1.50138
1.50071
1.50143
1.50155
1.50106
1.5006
1.50144
1.50132
1.5008
1.50077
1.5017
1.5018
1.50092
1.50019
1.50093
1.50144
1.50078
1.49995
1.49998
1.50029
1.50155
1.50149
1.50022
1.49969
1.50005
1.50138
1.50104
1.5005
1.50016
1.50017
1.50102
1.50103
1.5005
1.49975
1.50022
1.50064
1.5003
1.50014
1.50071
1.50099
1.27071
1.02385
0.924467
0.925311
0.954155
0.97444
0.982252
0.981248
0.979163
0.976852
0.974775
0.974915
0.975114
0.97575
0.976595
0.977534
0.978011
0.978743
0.979626
0.980894
0.982157
0.983714
0.984524
0.985647
0.986606
0.987162
0.987476
0.988322
0.989343
0.990311
0.991812
0.992961
0.992559
0.992564
0.993314
0.993354
0.993435
0.994785
0.994707
0.994333
0.993975
0.994554
0.995004
0.995384
0.995175
0.994768
0.995628
0.99645
0.996053
0.996022
0.996762
0.996621
0.996276
0.996176
0.997102
0.997416
0.997107
0.996979
0.997142
0.997735
0.997313
0.997494
0.998241
0.998115
0.99762
0.997957
0.998508
0.997941
0.99815
0.999468
0.999868
0.999972
1.00019
1.00049
1.00029
1.00006
1.00053
1.00078
1.00016
0.999967
0.999596
0.999735
0.999493
0.999393
0.999104
0.998965
0.999358
0.99969
0.999826
1.00004
1.00056
1.00073
1.00073
1.00077
1.00064
1.00119
1.00156
1.00133
1.00153
1.00171
1.00178
1.00154
1.00207
1.00221
1.00207
1.00174
1.00122
1.00133
1.00137
1.00192
1.00221
1.00267
1.003
1.00336
1.00292
1.00252
1.00334
1.00286
1.00219
1.0022
1.00282
1.0019
1.00116
1.00109
1.0018
1.00243
1.00221
1.00147
1.0015
1.00247
1.0021
1.0016
1.00144
1.00218
1.00194
1.00125
1.00197
1.00149
1.00106
1.00154
1.00146
1.00075
1.00137
1.00202
1.00165
1.00152
1.00069
1.0012
1.00103
1.00044
1.00091
1.00091
1.00053
1.00121
1.00103
1.00031
1.00064
1.00131
1.00101
1.00101
1.00037
1.00028
1.00104
1.00096
1.00019
1.0002
1.00114
1.00101
1.00113
1.00054
0.999607
1.00097
1.00127
1.00105
1.00096
1.00083
1.00038
1.00022
1.00019
1.00004
1.00012
1.00033
1.00015
0.999942
1.00017
1.0001
0.999838
1.00022
1.00071
1.00073
1.00075
1.00086
1.00079
1.00057
1.00064
1.0009
1.00058
1.00074
1.00039
1.00027
0.999981
0.999655
0.999896
1.00083
1.00089
1.00148
1.00151
1.0017
1.00165
1.00143
1.00127
1.00122
1.00111
1.00105
1.00109
1.00117
1.00124
1.00103
1.00103
1.00089
1.00086
1.00099
1.00128
1.00137
1.00128
1.0017
1.00127
1.00123
1.0009
1.00109
1.00118
1.00135
1.00163
1.0016
1.00189
1.00179
1.00187
1.00192
1.00203
1.0019
1.00183
1.00194
1.00177
1.00183
1.00215
1.00188
1.00199
1.0022
1.00214
1.00219
1.00143
1.00142
1.00157
1.00137
1.00149
1.00149
1.00164
1.00161
1.00197
1.00144
1.00162
1.00149
1.00141
1.00145
1.00152
1.00171
1.00181
1.00099
1.00085
1.00096
1.00148
0.997645
1.1504
1.60051
1.6905
1.51345
1.45166
1.51829
1.54772
1.52412
1.50556
1.50596
1.51334
1.51769
1.51734
1.51562
1.51333
1.51068
1.51016
1.51152
1.51215
1.51377
1.51225
1.5099
1.5096
1.51155
1.5121
1.51171
1.51029
1.50956
1.51033
1.50947
1.5081
1.50932
1.51003
1.50957
1.50834
1.50727
1.50915
1.50989
1.5089
1.50817
1.50762
1.50587
1.50595
1.50748
1.50685
1.50607
1.50762
1.50725
1.50587
1.50597
1.50649
1.50574
1.50519
1.50654
1.50638
1.50578
1.50524
1.50456
1.50556
1.50536
1.50488
1.50388
1.50494
1.50524
1.50534
1.50528
1.50508
1.50434
1.50428
1.50605
1.5079
1.50806
1.50838
1.50849
1.50813
1.508
1.50807
1.50786
1.50812
1.50833
1.5083
1.50793
1.50788
1.50816
1.50704
1.5066
1.50573
1.50575
1.50614
1.5062
1.50623
1.50626
1.50597
1.5049
1.50569
1.50594
1.50433
1.50388
1.5046
1.50509
1.50334
1.50265
1.50287
1.50339
1.50334
1.50395
1.50278
1.50334
1.50369
1.50244
1.50241
1.50272
1.50365
1.50309
1.50181
1.50158
1.50298
1.50355
1.50207
1.50129
1.50205
1.50269
1.50252
1.50191
1.50164
1.50232
1.50214
1.50159
1.50093
1.50156
1.50168
1.50083
1.5014
1.50196
1.50097
1.50197
1.50141
1.49976
1.50098
1.50183
1.50198
1.50133
1.49989
1.50005
1.501
1.50101
1.50036
1.5007
1.50115
1.50018
1.50008
1.50137
1.5014
1.49995
1.50024
1.50085
1.50185
1.50124
1.4998
1.49989
1.50074
1.5008
1.50048
1.50126
1.50056
1.50052
1.50148
1.50038
1.49984
1.50081
1.50062
1.49955
1.50031
1.50105
1.50016
1.50021
1.50046
1.49928
1.50002
1.50073
1.30977
1.06444
0.947838
0.928914
0.950626
0.971864
0.982205
0.983714
0.982204
0.979878
0.978587
0.979005
0.979378
0.98012
0.981188
0.981546
0.982355
0.983377
0.98401
0.984441
0.985029
0.985029
0.985356
0.985251
0.985149
0.985602
0.987599
0.989255
0.990212
0.990668
0.991199
0.991423
0.991882
0.992625
0.993015
0.993296
0.994154
0.99421
0.994991
0.995422
0.995631
0.995947
0.996659
0.996634
0.997577
0.997044
0.995922
0.996302
0.996682
0.997856
0.998332
0.996729
0.995977
0.996696
0.997197
0.997547
0.998249
0.998445
0.998505
0.998683
0.998981
0.998356
0.998932
0.999264
0.99811
0.998199
0.99889
0.999615
0.99851
0.998938
1.00004
0.999192
0.997974
0.99883
1.00003
0.999614
0.998626
0.99939
1.00007
0.998351
0.999172
1.00036
0.999836
0.999089
0.999307
1.00046
0.999791
0.999204
1.0003
1.00034
0.999662
0.999871
1.00014
0.999436
0.999863
0.999718
0.999818
1.00049
0.999572
0.999531
1.00004
0.999091
0.999785
1.00046
0.999572
1.00019
0.994871
1.22018
1.49183
1.59943
1.57542
1.53061
1.51354
1.5127
1.51903
1.52137
1.52102
1.52059
1.51983
1.51926
1.51937
1.51938
1.51882
1.51782
1.51579
1.51525
1.5147
1.51454
1.5144
1.51403
1.51437
1.51301
1.51147
1.51186
1.5126
1.51187
1.51073
1.51147
1.51004
1.50997
1.51042
1.50914
1.50732
1.50708
1.5077
1.50841
1.50762
1.50711
1.50735
1.50778
1.50624
1.50622
1.50742
1.50742
1.50569
1.50483
1.50645
1.50638
1.50491
1.50445
1.50553
1.50526
1.50305
1.5028
1.50359
1.50341
1.50413
1.5033
1.50323
1.50395
1.50277
1.50327
1.50355
1.50276
1.50373
1.50295
1.5022
1.5036
1.50258
1.5015
1.50271
1.50336
1.50185
1.5015
1.50277
1.50224
1.50118
1.50233
1.50219
1.50107
1.50076
1.50193
1.50293
1.50256
1.50148
1.50046
1.50123
1.50225
1.50198
1.50136
1.50051
1.50088
1.50177
1.50146
1.50106
1.50001
1.50064
1.5016
1.5009
1.49981
1.50074
1.50154
1.50111
1.50047
1.50035
1.50141
1.50092
1.49997
1.50074
1.50063
1.50008
1.50076
1.50155
1.50038
1.49963
1.50078
1.50114
1.49973
1.49978
1.50163
1.50151
1.50099
1.50072
1.49954
1.49835
1.50056
1.50232
1.50207
1.50177
1.50136
1.50096
1.50078
1.50064
1.5005
1.49985
1.49939
1.50085
1.50101
1.50042
1.5006
1.50054
1.50063
1.50071
1.50081
1.50044
1.50051
1.50031
1.50022
1.49954
1.49899
1.50012
1.50048
1.50008
1.49987
1.49982
1.49992
1.49996
1.50062
1.49998
1.50014
1.49975
1.49992
1.49916
1.50049
1.50072
1.50104
1.5011
1.50116
1.50093
1.50094
1.50118
1.50175
1.50193
1.50176
1.50166
1.50183
1.50188
1.502
1.50201
1.50196
1.502
1.50165
1.50176
1.50219
1.50265
1.50271
1.50292
1.50291
1.50295
1.50317
1.50443
1.50414
1.50217
1.50246
1.50334
1.50386
1.50256
1.50227
1.5022
1.50288
1.5033
1.50237
1.50202
1.50261
1.50299
1.50214
1.50175
1.50252
1.50244
1.50065
1.49994
1.50037
1.50193
1.5025
1.367
1.09906
0.95581
0.92455
0.946861
0.971331
0.98361
0.986161
0.985751
0.984167
0.981701
0.981101
0.981875
0.982632
0.983293
0.983238
0.983243
0.983399
0.98347
0.983975
0.985197
0.986545
0.987195
0.987272
0.987227
0.987869
0.988434
0.988721
0.988741
0.988709
0.990022
0.990886
0.99092
0.991065
0.991496
0.992424
0.992469
0.992295
0.992394
0.992702
0.992756
0.99302
0.993007
0.993073
0.993799
0.994513
0.995451
0.995827
0.996066
0.996521
0.997139
0.997854
0.998322
0.998535
0.998717
0.999358
0.999833
0.999876
1.00039
1.00127
1.00106
0.999727
0.999396
0.999876
1.00098
1.00101
0.99975
0.99971
1.00043
1.0012
1.00097
1.00024
1.00058
1.00092
1.00015
1.00086
1.00116
1.00006
0.999946
0.999999
1.00063
1.00083
0.999438
0.99983
1.0005
1.00124
0.884933
0.644761
0.485092
0.429666
0.439505
0.469397
0.482175
0.484503
0.483344
0.4815
0.48049
0.480759
0.482004
0.482032
0.482343
0.48442
0.484846
0.483882
0.484654
0.485786
0.487696
0.487728
0.486835
0.487383
0.489353
0.489376
0.488604
0.489112
0.490401
0.490635
0.489826
0.490947
0.492517
0.492661
0.492145
0.491978
0.493342
0.493515
0.493613
0.493022
0.493842
0.494139
0.493868
0.493403
0.495078
0.49632
0.496328
0.496028
0.496101
0.495339
0.495238
0.49672
0.497037
0.496509
0.496058
0.496071
0.496926
0.497275
0.497685
0.4979
0.497348
0.496767
0.496856
0.496878
0.496948
0.497945
0.497645
0.497847
0.497588
0.497095
0.498144
0.498621
0.498397
0.497834
0.497734
0.497723
0.498302
0.498151
0.498403
0.498445
0.498383
0.49884
0.49829
0.498246
0.499675
0.49996
0.339354
0.0939759
-0.0431434
-0.0677562
-0.0421159
-0.0176143
-0.00866188
-0.00972926
-0.0128368
-0.0159991
-0.0182783
-0.017186
-0.0150512
-0.012528
-0.0118375
-0.0132186
-0.0125911
-0.0103252
-0.010541
-0.0114673
-0.0102638
-0.0088146
-0.00961306
-0.0100845
-0.00852576
-0.00813068
-0.00861042
-0.00849256
-0.00652048
-0.00663668
-0.00831328
-0.00811408
-0.00678608
-0.00433592
-0.0045982
-0.00633124
-0.00638934
-0.00468618
-0.00496174
-0.00535516
-0.00509952
-0.00416162
-0.00460816
-0.00485384
-0.0036437
-0.00324862
-0.00433426
-0.0029963
-0.00290002
-0.00344284
-0.00398068
-0.00252486
-0.00230906
-0.0033034
-0.00347106
-0.00229744
-0.00222938
-0.00332664
-0.00335652
-0.0009711
4.482e-05
-0.00021082
-0.00076028
-0.00111884
-0.00179944
-0.00238874
-0.00241364
-0.00055278
-0.00041168
-0.00091134
-0.00101094
-0.00048804
0.00011454
-3.818e-05
-0.0005395
-0.00166166
-0.00211152
-0.00027722
-0.00097774
-0.00133796
-0.00125164
-0.00117528
-0.00140436
-0.00154712
-0.00177786
-0.0005727
-0.00023572
-0.0007055
-0.00112382
-0.00083664
-0.00085324
-0.00102588
-0.00139108
-0.0012284
-0.00045484
-0.00016766
-0.00413008
-0.0042745
0.00261948
0.010531
0.016356
0.0208197
0.023001
0.0235737
0.0232832
0.0230391
0.0220797
-0.0512044
-0.150955
-0.192426
-0.195404
-0.149216
-0.0306834
0.0581946
0.0878107
0.0783952
0.0548896
0.0343139
0.02491
0.0231753
0.0232367
0.0234608
0.0234143
0.0231836
0.0231786
0.0232085
0.0231869
0.0230856
0.0225362
0.022254
0.0213542
0.0203499
0.0191962
0.0178965
0.0168307
0.0154845
0.0141067
0.0125612
0.0114241
0.0104696
0.00928438
0.00837304
0.00746336
0.0064076
0.00554108
0.00509288
0.0046563
0.00406036
0.00269086
-0.0908136
-0.268618
-0.359003
-0.357997
-0.327038
-0.277763
-0.228994
-0.196894
-0.170306
-0.147845
-0.128301
-0.111091
-0.096187
-0.0825784
-0.0707143
-0.0587524
-0.0492057
-0.0403812
-0.0323833
-0.0251922
-0.0186219
-0.0126376
-0.00713966
-0.0021912
0.0021663
0.00667486
0.0103136
0.0136419
0.0165867
0.0195282
0.0219668
0.0241945
0.0265285
0.0287612
0.0305407
0.0321592
0.0339653
0.0356535
0.0369499
0.0384605
0.0399047
0.0412228
0.0425607
0.0437559
0.0446557
0.0458293
0.0469299
0.0476885
0.0486114
0.0497037
0.050537
0.051636
0.0523813
0.0532262
0.0539633
0.0546887
0.0554589
0.0563404
0.0569314
0.0577929
0.0584353
0.0589981
0.059677
0.0603045
0.0607892
0.0614416
0.0619861
0.0625538
0.0633655
0.0637971
0.0644146
0.0648064
0.0653077
0.06599
0.0661543
0.0668183
0.0671619
0.0676832
0.068231
0.0686178
0.0690012
0.0694959
0.0697897
0.0702047
0.0706745
0.0709335
0.0712223
0.071707
0.0720473
0.0722349
0.072718
1.69779e-309
