0, 6.96648
1, 0.00491525
2, -1.07195
3, -0.0719493
4, 7.02413
5, -10.1488
6, -5.09117
7, 2.92805
8, -4.03352
9, -3.05273
10, 6.04335
11, 5.00492
12, 1.96648
13, 8.00492
14, 7.02413
15, 11.0433
16, 20.1202
17, 22.1394
18, 9.06256
19, 34.2547
20, 17.0818
21, 26.1586
22, 20.1394
23, 29.1971
24, 21.1394
25, 29.1971
26, 17.101
27, 23.1586
28, 19.1779
29, 23.1586
30, 27.1971
31, 23.1394
32, 24.1779
33, 36.2932
34, 23.1586
35, 27.2355
36, 34.2932
37, 33.2547
38, 34.2547
39, 32.2932
40, 39.2932
41, 43.3508
42, 32.2547
43, 37.2932
44, 46.3892
45, 30.2932
46, 34.2932
47, 40.3124
48, 59.5045
49, 49.3892
50, 51.4277
51, 45.4277
52, 47.3892
53, 40.37
54, 48.4277
55, 54.4853
56, 57.4661
57, 58.4853
58, 60.5238
59, 64.5622
60, 66.5814
61, 73.6198
62, 61.5238
63, 58.543
64, 52.4469
65, 55.5238
66, 64.5238
67, 72.5814
68, 65.5622
69, 60.5045
70, 65.6006
71, 66.5814
72, 68.5814
73, 77.6967
74, 66.543
75, 64.6006
76, 72.6198
77, 75.639
78, 71.6006
79, 76.6583
80, 80.7159
81, 72.6198
82, 70.6583
83, 77.6775
84, 77.7159
85, 83.7736
86, 88.7928
87, 83.7159
88, 95.8504
89, 74.6775
90, 84.7351
91, 82.7351
92, 84.7159
93, 91.812
94, 97.8696
95, 85.7351
96, 89.812
97, 80.7543
98, 77.7159
99, 101.889
100, 99.8696
101, 93.8504
102, 96.8504
103, 93.812
104, 101.927
105, 91.8312
106, 107.927
107, 108.985
108, 102.908
109, 102.87
110, 109.985
111, 96.8504
112, 115.023
113, 98.9081
114, 98.9081
115, 109.985
116, 113.062
117, 120.062
118, 112.004
119, 114.043
120, 103.947
121, 126.119
122, 131.158
123, 119.062
124, 114.062
125, 136.216
126, 128.158
127, 132.177
128, 119.081
129, 135.235
130, 117.081
131, 122.1
132, 128.158
133, 122.081
134, 124.119
135, 132.196
136, 130.177
137, 135.216
138, 140.254
139, 139.273
140, 128.158
141, 135.273
142, 145.292
143, 138.273
144, 135.235
145, 137.254
146, 148.35
147, 134.216
148, 137.254
149, 144.292
150, 161.485
151, 156.408
152, 143.331
153, 150.35
154, 155.388
155, 157.408
156, 156.465
157, 148.388
158, 144.369
159, 153.446
160, 165.504
161, 160.465
162, 162.485
163, 162.485
164, 156.446
165, 161.504
166, 151.408
167, 167.523
168, 165.504
169, 169.523
170, 160.485
171, 175.581
172, 159.485
173, 163.523
174, 169.619
175, 175.561
176, 174.619
177, 171.542
178, 176.658
179, 165.581
180, 172.6
181, 178.619
182, 178.638
183, 190.715
184, 185.734
185, 184.658
186, 184.715
187, 187.696
188, 185.696
189, 187.734
190, 196.83
191, 196.792
192, 192.754
193, 180.677
194, 195.792
195, 197.792
196, 198.811
197, 193.773
198, 186.734
199, 205.888
200, 194.792
201, 195.85
202, 197.85
203, 195.85
204, 205.907
205, 206.888
206, 204.907
207, 207.888
208, 203.888
209, 202.907
210, 209.927
211, 216.023
212, 206.965
213, 210.984
214, 212.984
215, 211.965
216, 228.119
217, 212.984
218, 216.003
219, 214.965
220, 222.061
221, 225.08
222, 218.003
223, 218.023
224, 214.984
225, 213.984
226, 231.119
227, 230.08
228, 230.138
229, 220.08
230, 226.08
231, 232.138
232, 227.08
233, 219.042
234, 222.08
235, 233.157
236, 229.119
237, 227.099
238, 242.234
239, 225.08
240, 237.157
241, 238.196
242, 231.138
243, 239.234
244, 241.196
245, 248.311
246, 227.157
247, 241.215
248, 252.292
249, 244.272
250, 233.176
251, 247.33
252, 249.272
253, 248.33
254, 244.272
255, 258.426
256, 259.407
257, 247.292
258, 255.369
259, 257.388
260, 247.292
261, 260.407
262, 264.445
263, 264.426
264, 265.465
265, 273.522
266, 255.369
267, 263.426
268, 264.445
269, 263.445
270, 260.407
271, 257.426
272, 266.484
273, 270.541
274, 265.465
275, 262.426
276, 267.503
277, 270.484
278, 268.522
279, 287.695
280, 280.638
281, 285.657
282, 265.503
283, 277.58
284, 272.541
285, 283.618
286, 279.541
287, 270.503
288, 281.638
289, 277.599
290, 277.618
291, 282.657
292, 293.714
293, 291.734
294, 285.657
295, 288.676
296, 299.791
297, 287.695
298, 293.714
299, 284.676
300, 305.83
301, 286.714
302, 297.753
303, 293.714
304, 284.734
305, 302.81
306, 299.83
307, 307.887
308, 303.81
309, 296.753
310, 309.868
311, 304.83
312, 311.907
313, 316.926
314, 318.983
315, 318.964
316, 314.926
317, 315.945
318, 304.849
319, 321.983
320, 310.926
321, 323.003
322, 309.887
323, 317.983
324, 322.079
325, 313.983
326, 323.041
327, 323.022
328, 315.926
329, 313.964
330, 334.06
331, 329.041
332, 323.079
333, 322.022
334, 327.06
335, 325.06
336, 337.156
337, 327.041
338, 329.06
339, 335.118
340, 332.137
341, 330.06
342, 342.195
343, 329.099
344, 341.195
345, 342.195
346, 345.272
347, 338.195
348, 340.176
349, 345.214
350, 341.176
351, 349.272
352, 344.233
353, 348.233
354, 340.195
355, 359.368
356, 347.233
357, 349.272
358, 349.252
359, 351.272
360, 353.31
361, 360.349
362, 349.329
363, 364.406
364, 357.368
365, 361.387
366, 358.329
367, 367.406
368, 361.406
369, 366.406
370, 371.425
371, 358.349
372, 374.483
373, 367.464
374, 362.445
375, 368.445
376, 376.502
377, 370.445
378, 373.521
379, 376.502
380, 383.579
381, 364.464
382, 374.483
383, 372.502
384, 378.598
385, 379.521
386, 369.483
387, 374.521
388, 379.541
389, 383.579
390, 385.618
391, 379.579
392, 377.56
393, 377.579
394, 389.656
395, 384.598
396, 389.598
397, 387.637
398, 394.733
399, 387.637
400, 390.656
401, 394.714
402, 397.714
403, 386.675
404, 397.714
405, 403.752
406, 402.79
407, 395.714
408, 397.714
409, 397.733
410, 410.829
411, 414.887
412, 405.79
413, 412.887
414, 411.867
415, 404.829
416, 412.867
417, 406.81
418, 417.944
419, 421.925
420, 419.925
421, 414.887
422, 432.021
423, 420.983
424, 425.963
425, 421.963
426, 423.963
427, 422.925
428, 430.021
429, 426.021
430, 424.983
431, 431.06
432, 429.021
433, 427.002
434, 441.117
435, 433.06
436, 431.021
437, 420.963
438, 414.944
439, 422.963
440, 425.04
441, 436.117
442, 444.117
443, 451.213
444, 437.175
445, 448.194
446, 452.232
447, 449.194
448, 443.175
449, 457.232
450, 448.194
451, 450.213
452, 450.232
453, 449.232
454, 447.194
455, 457.309
456, 446.156
457, 444.175
458, 447.232
459, 455.309
460, 453.29
461, 452.29
462, 456.29
463, 457.29
464, 454.29
465, 456.29
466, 454.29
467, 465.386
468, 454.29
469, 474.425
470, 476.463
471, 471.405
472, 464.386
473, 470.463
474, 470.425
475, 469.463
476, 466.367
477, 470.405
478, 467.405
479, 478.521
480, 476.463
481, 468.425
482, 471.463
483, 486.559
484, 476.463
485, 475.463
486, 485.54
487, 484.54
488, 488.578
489, 480.501
490, 480.521
491, 487.559
492, 472.425
493, 498.655
494, 491.617
495, 482.559
496, 482.521
497, 492.617
498, 478.559
499, 487.598
500, 489.578
501, 487.578
502, 495.636
503, 502.713
504, 495.674
505, 505.751
506, 496.674
507, 500.694
508, 501.694
509, 496.694
510, 503.751
511, 502.694
512, 498.694
513, 508.751
514, 499.713
515, 495.694
516, 503.79
517, 511.828
518, 509.809
519, 512.809
520, 514.828
521, 524.905
522, 517.847
523, 511.771
524, 515.867
525, 515.828
526, 521.924
527, 523.943
528, 515.886
529, 520.963
530, 521.905
531, 532.04
532, 525.924
533, 529.982
534, 540.059
535, 534.04
536, 536.02
537, 527.982
538, 540.097
539, 532.059
540, 533.001
541, 534.097
542, 540.078
543, 541.078
544, 536.078
545, 544.116
546, 548.174
547, 544.136
548, 544.078
549, 545.136
550, 546.136
551, 542.136
552, 542.136
553, 551.193
554, 536.059
555, 552.155
556, 567.309
557, 551.174
558, 554.232
559, 563.289
560, 558.27
561, 557.289
562, 561.27
563, 566.328
564, 557.232
565, 567.328
566, 556.232
567, 561.309
568, 561.27
569, 573.385
570, 570.366
571, 575.424
572, 569.347
573, 570.347
574, 580.462
575, 572.385
576, 570.385
577, 584.482
578, 573.405
579, 584.501
580, 583.482
581, 580.443
582, 588.501
583, 584.462
584, 574.405
585, 586.501
586, 576.443
587, 583.501
588, 579.482
589, 591.578
590, 597.616
591, 592.558
592, 593.578
593, 587.539
594, 588.539
595, 598.616
596, 590.539
597, 594.597
598, 587.578
599, 593.597
600, 592.597
601, 593.578
602, 602.674
603, 589.597
604, 603.654
605, 599.654
606, 598.635
607, 599.635
608, 604.731
609, 603.674
610, 601.654
611, 600.654
612, 597.635
613, 618.847
614, 609.731
615, 605.693
616, 605.751
617, 612.751
618, 612.808
619, 621.866
620, 624.866
621, 620.808
622, 614.789
623, 610.731
624, 613.827
625, 618.847
626, 622.847
627, 624.847
628, 618.885
629, 627.885
630, 619.866
631, 629.923
632, 614.808
633, 625.904
634, 624.904
635, 628.943
636, 629.943
637, 623.885
638, 644.039
639, 636.039
640, 626.943
641, 628.904
642, 640.039
643, 641.02
644, 643.077
645, 640.039
646, 632.981
647, 645.077
648, 638.039
649, 649.116
650, 644.058
651, 656.154
652, 644.077
653, 658.173
654, 643.058
655, 645.116
656, 667.269
657, 662.25
658, 643.116
659, 664.231
660, 652.173
661, 648.173
662, 653.154
663, 664.25
664, 651.135
665, 664.289
666, 659.231
667, 662.269
668, 677.365
669, 666.269
670, 666.269
671, 669.308
672, 674.365
673, 661.308
674, 670.289
675, 684.442
676, 665.327
677, 672.327
678, 675.346
679, 671.365
680, 675.385
681, 673.327
682, 688.5
683, 680.442
684, 683.442
685, 682.462
686, 692.5
687, 666.327
688, 689.519
689, 693.519
690, 681.481
691, 693.519
692, 687.5
693, 692.519
694, 700.577
695, 694.538
696, 692.538
697, 699.596
698, 696.577
699, 690.577
700, 695.596
701, 692.519
702, 700.654
703, 708.692
704, 707.673
705, 697.615
706, 724.807
707, 699.596
708, 708.673
709, 694.577
710, 707.673
711, 715.769
712, 712.769
713, 709.692
714, 712.711
715, 725.846
716, 707.711
717, 715.75
718, 713.731
719, 709.731
720, 716.769
721, 712.75
722, 719.769
723, 721.846
724, 724.846
725, 716.769
726, 725.827
727, 731.884
728, 718.788
729, 724.827
730, 724.904
731, 726.846
732, 718.884
733, 721.865
734, 728.865
735, 727.846
736, 744
737, 734.942
738, 731.904
739, 732.98
740, 734.923
741, 743
742, 734.923
743, 740.98
744, 733.961
745, 739.98
746, 743.019
747, 736
748, 735.961
749, 744
750, 745.019
751, 746.076
752, 748.038
753, 742.057
754, 749.115
755, 746.096
756, 752.076
757, 759.134
758, 752.076
759, 750.076
760, 743.019
761, 749.096
762, 756.115
763, 760.153
764, 760.23
765, 764.211
766, 763.173
767, 770.307
768, 757.153
769, 766.211
770, 761.192
771, 764.23
772, 770.269
773, 776.384
774, 770.269
775, 779.345
776, 766.249
777, 781.345
778, 767.269
779, 784.403
780, 777.345
781, 779.365
782, 779.345
783, 776.345
784, 780.422
785, 786.422
786, 775.307
787, 776.365
788, 784.403
789, 786.442
790, 791.518
791, 780.345
792, 780.384
793, 783.422
794, 779.403
795, 784.422
796, 799.538
797, 793.48
798, 793.518
799, 788.499
800, 792.538
801, 787.422
802, 802.557
803, 794.538
804, 792.518
805, 801.576
806, 808.615
807, 802.576
808, 804.615
809, 803.576
810, 803.557
811, 814.672
812, 805.634
813, 813.672
814, 813.653
815, 805.595
816, 820.73
817, 812.711
818, 822.807
819, 822.768
820, 814.73
821, 821.749
822, 816.73
823, 824.807
824, 820.787
825, 818.711
826, 815.73
827, 819.73
828, 831.864
829, 825.807
830, 825.787
831, 836.922
832, 827.807
833, 831.826
834, 825.807
835, 829.864
836, 842.98
837, 835.941
838, 839.922
839, 834.884
840, 836.96
841, 844.98
842, 837.922
843, 838.941
844, 842.98
845, 839.96
846, 846.999
847, 845.98
848, 844.96
849, 840.96
850, 850.018
851, 849.018
852, 851.037
853, 847.018
854, 851.037
855, 853.056
856, 849.037
857, 865.133
858, 854.056
859, 854.056
860, 851.018
861, 861.114
862, 866.191
863, 857.095
864, 855.076
865, 865.191
866, 868.191
867, 862.133
868, 864.153
869, 865.172
870, 870.229
871, 863.172
872, 864.153
873, 873.268
874, 874.249
875, 876.268
876, 872.249
877, 875.249
878, 870.191
879, 875.306
880, 877.287
881, 866.21
882, 884.383
883, 874.229
884, 878.287
885, 879.306
886, 886.364
887, 887.383
888, 887.345
889, 877.287
890, 886.402
891, 890.46
892, 880.345
893, 899.479
894, 884.383
895, 888.383
896, 895.46
897, 880.326
898, 888.422
899, 899.498
900, 905.556
901, 893.479
902, 891.46
903, 896.479
904, 894.498
905, 902.537
906, 890.422
907, 901.518
908, 896.498
909, 910.575
910, 914.614
911, 901.537
912, 910.595
913, 907.595
914, 903.575
915, 917.633
916, 913.614
917, 912.595
918, 921.748
919, 918.652
920, 917.71
921, 921.691
922, 914.633
923, 923.71
924, 920.671
925, 925.729
926, 926.787
927, 926.748
928, 924.748
929, 933.806
930, 937.844
931, 911.691
932, 935.844
933, 935.806
934, 927.767
935, 937.864
936, 933.844
937, 929.825
938, 930.787
939, 944.921
940, 939.902
941, 927.787
942, 925.767
943, 940.921
944, 938.94
945, 947.96
946, 949.979
947, 944.94
948, 947.94
949, 959.056
950, 947.96
951, 941.94
952, 944.902
953, 949.998
954, 960.094
955, 961.056
956, 944.96
957, 952.979
958, 953.094
959, 965.133
960, 954.037
961, 952.017
962, 963.075
963, 963.113
964, 963.113
965, 961.094
966, 958.075
967, 964.113
968, 963.113
969, 963.113
970, 976.229
971, 973.209
972, 975.209
973, 969.209
974, 971.152
975, 978.267
976, 973.248
977, 973.229
978, 972.229
979, 985.306
980, 974.229
981, 979.267
982, 976.267
983, 989.363
984, 994.402
985, 989.344
986, 971.229
987, 995.382
988, 978.248
989, 985.286
990, 982.306
991, 994.382
992, 987.325
993, 993.363
994, 998.421
995, 979.248
996, 992.402
997, 990.382
998, 991.402
999, 1001.44
1000, 989.382
1001, 992.421
1002, 998.459
1003, 1007.54
1004, 988.382
1005, 1000.44
1006, 999.478
1007, 1008.54
1008, 1000.46
1009, 1015.65
1010, 996.402
1011, 1005.5
1012, 1016.57
1013, 1017.63
1014, 1000.46
1015, 1023.63
1016, 1011.57
1017, 1014.56
1018, 1014.57
1019, 1017.65
1020, 1013.59
1021, 1016.61
1022, 1011.57
1023, 1014.57
1024, 1016.65
1025, 1017.63
1026, 1028.75
1027, 1019.65
1028, 1017.63
1029, 1024.71
1030, 1033.77
1031, 1029.79
1032, 1030.73
1033, 1038.82
1034, 1031.75
1035, 1027.73
1036, 1034.79
1037, 1024.73
1038, 1036.81
1039, 1038.81
1040, 1026.69
1041, 1039.84
1042, 1042.84
1043, 1036.82
1044, 1052.92
1045, 1039.86
1046, 1041.88
1047, 1043.86
1048, 1053.98
1049, 1045.86
1050, 1041.88
1051, 1053.96
1052, 1051.94
1053, 1052.98
1054, 1053.94
1055, 1057
1056, 1053.92
1057, 1049.98
1058, 1059
1059, 1054.96
1060, 1058
1061, 1060.04
1062, 1063.09
1063, 1065.09
1064, 1063.11
1065, 1063.04
1066, 1059.02
1067, 1072.13
1068, 1071.11
1069, 1072.09
1070, 1065.05
1071, 1069.11
1072, 1074.13
1073, 1067.09
1074, 1065.13
1075, 1072.15
1076, 1072.15
1077, 1071.15
1078, 1069.13
1079, 1081.23
1080, 1072.19
1081, 1080.21
1082, 1085.29
1083, 1078.25
1084, 1083.25
1085, 1092.3
1086, 1089.3
1087, 1100.4
1088, 1084.23
1089, 1077.21
1090, 1085.27
1091, 1092.32
1092, 1096.34
1093, 1105.46
1094, 1096.36
1095, 1100.4
1096, 1099.38
1097, 1092.32
1098, 1101.38
1099, 1098.38
1100, 1092.36
1101, 1095.36
1102, 1089.42
1103, 1105.46
1104, 1104.42
1105, 1101.42
1106, 1099.42
1107, 1102.42
1108, 1108.5
1109, 1095.4
1110, 1112.52
1111, 1110.54
1112, 1103.48
1113, 1105.48
1114, 1107.46
1115, 1105.5
1116, 1118.57
1117, 1116.54
1118, 1109.54
1119, 1124.59
1120, 1118.61
1121, 1121.59
1122, 1122.63
1123, 1127.67
1124, 1122.59
1125, 1130.69
1126, 1121.63
1127, 1121.65
1128, 1116.59
1129, 1119.59
1130, 1121.63
1131, 1129.71
1132, 1127.67
1133, 1130.69
1134, 1125.65
1135, 1123.65
1136, 1138.79
1137, 1133.75
1138, 1128.69
1139, 1141.82
1140, 1137.79
1141, 1139.79
1142, 1137.8
1143, 1145.82
1144, 1131.69
1145, 1136.77
1146, 1145.84
1147, 1144.88
1148, 1150.86
1149, 1139.8
1150, 1137.79
1151, 1151.86
1152, 1141.86
1153, 1148.88
1154, 1154.92
1155, 1152.92
1156, 1159.98
1157, 1151.9
1158, 1157.98
1159, 1166.02
1160, 1161
1161, 1147.86
1162, 1157.96
1163, 1167.02
1164, 1150.9
1165, 1161
1166, 1173.11
1167, 1162.03
1168, 1164.03
1169, 1171.05
1170, 1167.07
1171, 1165
1172, 1168.05
1173, 1171.09
1174, 1172.07
1175, 1170.15
1176, 1172.13
1177, 1176.15
1178, 1193.28
1179, 1183.19
1180, 1179.13
1181, 1170.07
1182, 1172.09
1183, 1182.19
1184, 1181.17
1185, 1181.21
1186, 1184.21
1187, 1181.19
1188, 1187.27
1189, 1188.27
1190, 1197.32
1191, 1196.34
1192, 1185.21
1193, 1203.36
1194, 1193.34
1195, 1205.38
1196, 1189.27
1197, 1189.28
1198, 1199.38
1199, 1200.36
1200, 1190.28
1201, 1199.38
1202, 1195.3
1203, 1202.34
1204, 1193.32
1205, 1204.46
1206, 1212.44
1207, 1202.38
1208, 1220.52
1209, 1202.4
1210, 1210.46
1211, 1222.55
1212, 1201.4
1213, 1204.38
1214, 1213.5
1215, 1210.48
1216, 1212.48
1217, 1217.52
1218, 1216.48
1219, 1216.53
1220, 1215.53
1221, 1221.53
1222, 1220.55
1223, 1218.55
1224, 1216.53
1225, 1220.57
1226, 1224.57
1227, 1236.71
1228, 1224.59
1229, 1230.65
1230, 1235.67
1231, 1223.61
1232, 1232.69
1233, 1230.67
1234, 1239.71
1235, 1233.69
1236, 1222.57
1237, 1231.69
1238, 1233.73
1239, 1237.8
1240, 1247.8
1241, 1243.77
1242, 1235.71
1243, 1238.73
1244, 1251.86
1245, 1242.73
1246, 1239.73
1247, 1252.84
1248, 1246.82
1249, 1247.84
1250, 1242.82
1251, 1246.78
1252, 1253.88
1253, 1250.86
1254, 1253.88
1255, 1247.82
1256, 1258.9
1257, 1253.86
1258, 1250.84
1259, 1257.9
1260, 1259.96
1261, 1256.9
1262, 1255.88
1263, 1251.86
1264, 1260.9
1265, 1264
1266, 1254.9
1267, 1258.96
1268, 1262.98
1269, 1257.92
1270, 1264.98
1271, 1258.92
1272, 1272
1273, 1273.05
1274, 1267.03
1275, 1272.05
1276, 1273.03
1277, 1267.02
1278, 1274.07
1279, 1270.02
1280, 1281.09
1281, 1273.09
1282, 1272.03
1283, 1284.15
1284, 1289.19
1285, 1278.11
1286, 1280.11
1287, 1290.17
1288, 1284.17
1289, 1273.05
1290, 1283.13
1291, 1287.17
1292, 1283.19
1293, 1282.13
1294, 1292.25
1295, 1290.26
1296, 1291.23
1297, 1289.23
1298, 1295.28
1299, 1288.21
1300, 1291.23
1301, 1302.32
1302, 1288.23
1303, 1292.26
1304, 1303.36
1305, 1303.32
1306, 1307.42
1307, 1300.34
1308, 1300.3
1309, 1308.38
1310, 1315.42
1311, 1297.26
1312, 1302.38
1313, 1308.38
1314, 1309.42
1315, 1314.42
1316, 1314.44
1317, 1309.44
1318, 1313.44
1319, 1307.42
1320, 1314.48
1321, 1322.55
1322, 1316.46
1323, 1322.51
1324, 1320.5
1325, 1325.53
1326, 1320.53
1327, 1332.65
1328, 1320.48
1329, 1325.55
1330, 1317.5
1331, 1336.69
1332, 1323.59
1333, 1339.67
1334, 1327.61
1335, 1338.67
1336, 1343.71
1337, 1336.69
1338, 1338.67
1339, 1338.71
1340, 1345.71
1341, 1340.69
1342, 1344.73
1343, 1335.65
1344, 1342.75
1345, 1347.75
1346, 1340.71
1347, 1347.76
1348, 1342.71
1349, 1352.8
1350, 1342.75
1351, 1344.73
1352, 1350.82
1353, 1340.71
1354, 1349.76
1355, 1357.9
1356, 1362.9
1357, 1352.82
1358, 1356.86
1359, 1358.88
1360, 1356.88
1361, 1362.94
1362, 1361.94
1363, 1347.8
1364, 1355.9
1365, 1359.94
1366, 1356.84
1367, 1358.92
1368, 1373.96
1369, 1359.88
1370, 1358.9
1371, 1356.9
1372, 1356.9
1373, 1367.98
1374, 1357.92
1375, 1365.94
1376, 1369
1377, 1371.01
1378, 1368.94
1379, 1380.11
1380, 1377.03
1381, 1369.01
1382, 1369
1383, 1369.98
1384, 1374.05
1385, 1376.05
1386, 1380.05
1387, 1378.07
1388, 1380.09
1389, 1380.07
1390, 1383.11
1391, 1389.13
1392, 1387.11
1393, 1393.19
1394, 1389.13
1395, 1389.13
1396, 1380.07
1397, 1391.17
1398, 1388.13
1399, 1390.17
1400, 1389.19
1401, 1400.28
1402, 1388.15
1403, 1392.24
1404, 1400.3
1405, 1399.24
1406, 1402.32
1407, 1396.23
1408, 1391.21
1409, 1391.17
1410, 1413.4
1411, 1406.3
1412, 1396.24
1413, 1404.32
1414, 1402.26
1415, 1410.36
1416, 1413.38
1417, 1413.38
1418, 1407.34
1419, 1421.48
1420, 1405.34
1421, 1412.4
1422, 1413.42
1423, 1421.51
1424, 1416.4
1425, 1410.34
1426, 1415.42
1427, 1413.4
1428, 1430.55
1429, 1417.42
1430, 1424.51
1431, 1434.57
1432, 1419.48
1433, 1432.53
1434, 1435.57
1435, 1429.53
1436, 1433.57
1437, 1436.61
1438, 1430.53
1439, 1431.59
1440, 1439.63
1441, 1436.63
1442, 1438.61
1443, 1436.61
1444, 1426.55
1445, 1446.71
1446, 1438.69
1447, 1448.69
1448, 1446.73
1449, 1436.67
1450, 1441.63
1451, 1452.76
1452, 1438.67
1453, 1445.73
1454, 1452.76
1455, 1446.71
1456, 1451.73
1457, 1445.74
1458, 1454.78
1459, 1457.84
1460, 1464.88
1461, 1462.84
1462, 1451.74
1463, 1457.86
1464, 1467.92
1465, 1460.86
1466, 1459.88
1467, 1451.8
1468, 1469.94
1469, 1465.9
1470, 1465.88
1471, 1456.84
1472, 1467.92
1473, 1476.99
1474, 1472.96
1475, 1466.9
1476, 1466.9
1477, 1470.98
1478, 1472.96
1479, 1483.01
1480, 1478.01
1481, 1475.99
1482, 1481.03
1483, 1476.01
1484, 1481.03
1485, 1482.03
1486, 1475.99
1487, 1479.03
1488, 1480.05
1489, 1490.13
1490, 1493.15
1491, 1483.07
1492, 1482.05
1493, 1482.03
1494, 1490.09
1495, 1489.09
1496, 1490.13
1497, 1494.15
1498, 1491.13
1499, 1504.22
1500, 1497.17
1501, 1492.11
1502, 1506.24
1503, 1503.24
1504, 1489.11
1505, 1501.22
1506, 1505.26
1507, 1503.22
1508, 1501.24
1509, 1507.28
1510, 1488.13
1511, 1501.26
1512, 1506.28
1513, 1509.32
1514, 1513.34
1515, 1510.3
1516, 1511.36
1517, 1518.4
1518, 1513.38
1519, 1516.38
1520, 1520.36
1521, 1518.42
1522, 1508.34
1523, 1511.36
1524, 1514.34
1525, 1513.38
1526, 1512.34
1527, 1520.42
1528, 1525.44
1529, 1529.47
1530, 1523.44
1531, 1522.44
1532, 1518.38
1533, 1530.51
1534, 1530.51
1535, 1526.47
1536, 1525.47
1537, 1528.47
1538, 1530.53
1539, 1539.61
1540, 1538.53
1541, 1534.55
1542, 1543.61
1543, 1541.61
1544, 1541.63
1545, 1540.61
1546, 1535.55
1547, 1532.53
1548, 1541.63
1549, 1541.59
1550, 1550.71
1551, 1544.65
1552, 1551.72
1553, 1542.63
1554, 1546.67
1555, 1548.67
1556, 1557.76
1557, 1556.74
1558, 1555.74
1559, 1563.8
1560, 1557.72
1561, 1557.76
1562, 1558.76
1563, 1571.9
1564, 1551.78
1565, 1567.86
1566, 1556.78
1567, 1557.78
1568, 1550.72
1569, 1555.76
1570, 1561.8
1571, 1566.84
1572, 1575.94
1573, 1568.9
1574, 1569.92
1575, 1570.94
1576, 1574.94
1577, 1577.97
1578, 1575.96
1579, 1574.92
1580, 1570.88
1581, 1583.01
1582, 1577.96
1583, 1570.9
1584, 1580.99
1585, 1576.94
1586, 1579.99
1587, 1586.05
1588, 1589.07
1589, 1596.13
1590, 1591.11
1591, 1582.01
1592, 1582.03
1593, 1594.11
1594, 1593.15
1595, 1589.07
1596, 1601.19
1597, 1597.13
1598, 1591.07
1599, 1599.17
1600, 1591.09
1601, 1594.15
1602, 1589.13
1603, 1592.11
1604, 1613.26
1605, 1598.17
1606, 1608.26
1607, 1600.17
1608, 1603.2
1609, 1611.24
1610, 1610.28
1611, 1601.19
1612, 1610.26
1613, 1606.2
1614, 1604.22
1615, 1605.24
1616, 1610.24
1617, 1611.28
1618, 1623.38
1619, 1623.4
1620, 1613.32
1621, 1610.28
1622, 1617.32
1623, 1618.36
1624, 1612.3
1625, 1622.4
1626, 1623.4
1627, 1627.44
1628, 1623.42
1629, 1623.36
1630, 1618.36
1631, 1629.47
1632, 1618.4
1633, 1625.44
1634, 1636.49
1635, 1638.53
1636, 1626.44
1637, 1633.49
1638, 1635.49
1639, 1632.45
1640, 1620.38
1641, 1639.53
1642, 1636.53
1643, 1637.53
1644, 1631.49
1645, 1640.55
1646, 1635.53
1647, 1646.61
1648, 1645.59
1649, 1644.57
1650, 1652.67
1651, 1646.63
1652, 1655.67
1653, 1643.59
1654, 1645.59
1655, 1639.57
1656, 1648.65
1657, 1641.57
1658, 1651.67
1659, 1646.61
1660, 1661.74
1661, 1656.74
1662, 1651.65
1663, 1657.72
1664, 1664.74
1665, 1653.69
1666, 1655.7
1667, 1661.76
1668, 1665.78
1669, 1663.8
1670, 1660.74
1671, 1662.78
1672, 1676.9
1673, 1673.86
1674, 1665.8
1675, 1669.84
1676, 1667.82
1677, 1665.82
1678, 1661.78
1679, 1667.82
1680, 1666.86
1681, 1681.94
1682, 1665.86
1683, 1680.97
1684, 1684.95
1685, 1679.94
1686, 1679.94
1687, 1678.92
1688, 1682.92
1689, 1680.94
1690, 1681.95
1691, 1690.05
1692, 1684.97
1693, 1680.94
1694, 1682.95
1695, 1696.11
1696, 1697.11
1697, 1690.03
1698, 1699.11
1699, 1684.01
1700, 1698.11
1701, 1689.03
1702, 1701.15
1703, 1694.07
1704, 1698.09
1705, 1711.2
1706, 1700.13
1707, 1705.17
1708, 1702.15
1709, 1703.18
1710, 1701.13
1711, 1698.13
1712, 1711.2
1713, 1703.18
1714, 1710.28
1715, 1713.24
1716, 1713.24
1717, 1715.24
1718, 1717.26
1719, 1721.3
1720, 1716.3
1721, 1720.28
1722, 1721.32
1723, 1732.4
1724, 1718.28
1725, 1707.18
1726, 1722.32
1727, 1721.34
1728, 1728.36
1729, 1718.3
1730, 1720.38
1731, 1729.42
1732, 1725.38
1733, 1726.32
1734, 1732.42
1735, 1738.45
1736, 1724.36
1737, 1735.47
1738, 1742.51
1739, 1733.45
1740, 1733.47
1741, 1743.51
1742, 1725.42
1743, 1741.49
1744, 1741.53
1745, 1735.47
1746, 1741.51
1747, 1741.53
1748, 1742.51
1749, 1743.53
1750, 1741.49
1751, 1735.49
1752, 1744.57
1753, 1743.55
1754, 1750.55
1755, 1755.63
1756, 1751.63
1757, 1752.65
1758, 1745.55
1759, 1755.67
1760, 1750.61
1761, 1760.72
1762, 1754.63
1763, 1759.72
1764, 1760.67
1765, 1758.68
1766, 1758.67
1767, 1760.68
1768, 1759.68
1769, 1760.74
1770, 1759.7
1771, 1764.74
1772, 1766.78
1773, 1764.74
1774, 1762.7
1775, 1763.74
1776, 1759.72
1777, 1772.8
1778, 1765.76
1779, 1771.82
1780, 1769.8
1781, 1784.93
1782, 1768.78
1783, 1778.86
1784, 1779.88
1785, 1776.82
1786, 1776.88
1787, 1774.88
1788, 1782.92
1789, 1789.95
1790, 1790.95
1791, 1783.93
1792, 1781.93
1793, 1786.97
1794, 1784.99
1795, 1788.95
1796, 1798.05
1797, 1790.99
1798, 1795.01
1799, 1784.92
1800, 1790.95
1801, 1783.95
1802, 1791.01
1803, 1798.13
1804, 1792.01
1805, 1798.07
1806, 1806.13
1807, 1797.05
1808, 1802.09
1809, 1794.11
1810, 1808.11
1811, 1805.15
1812, 1804.13
1813, 1804.13
1814, 1814.13
1815, 1810.16
1816, 1815.2
1817, 1807.16
1818, 1806.15
1819, 1815.18
1820, 1803.11
1821, 1814.22
1822, 1815.2
1823, 1824.28
1824, 1814.24
1825, 1812.2
1826, 1811.2
1827, 1829.34
1828, 1812.2
1829, 1817.24
1830, 1816.24
1831, 1823.28
1832, 1818.28
1833, 1832.36
1834, 1819.3
1835, 1831.38
1836, 1835.4
1837, 1842.45
1838, 1823.3
1839, 1831.38
1840, 1834.38
1841, 1835.45
1842, 1843.49
1843, 1844.47
1844, 1829.38
1845, 1838.45
1846, 1837.45
1847, 1843.53
1848, 1844.45
1849, 1837.45
1850, 1844.51
1851, 1845.51
1852, 1846.53
1853, 1845.51
1854, 1846.51
1855, 1852.55
1856, 1846.45
1857, 1855.57
1858, 1847.55
1859, 1850.63
1860, 1854.63
1861, 1857.61
1862, 1856.63
1863, 1858.65
1864, 1875.78
1865, 1874.8
1866, 1869.7
1867, 1865.68
1868, 1852.57
1869, 1857.65
1870, 1865.68
1871, 1868.7
1872, 1865.7
1873, 1867.7
1874, 1872.78
1875, 1862.7
1876, 1874.8
1877, 1867.7
1878, 1869.76
1879, 1869.78
1880, 1873.76
1881, 1876.82
1882, 1872.76
1883, 1876.8
1884, 1878.8
1885, 1883.86
1886, 1872.8
1887, 1889.91
1888, 1884.91
1889, 1881.91
1890, 1884.86
1891, 1875.84
1892, 1893.95
1893, 1882.86
1894, 1887.9
1895, 1891.95
1896, 1890.91
1897, 1889.91
1898, 1888.9
1899, 1882.88
1900, 1895.01
1901, 1894.99
1902, 1891.93
1903, 1905.07
1904, 1888.9
1905, 1899.03
1906, 1903.03
1907, 1893.97
1908, 1904.07
1909, 1895.99
1910, 1899.03
1911, 1909.09
1912, 1890.97
1913, 1894.99
1914, 1913.13
1915, 1905.03
1916, 1909.13
1917, 1911.13
1918, 1906.09
1919, 1911.14
1920, 1916.16
1921, 1921.18
1922, 1907.13
1923, 1917.18
1924, 1910.09
1925, 1922.2
1926, 1915.16
1927, 1918.22
1928, 1915.18
1929, 1925.32
1930, 1925.24
1931, 1926.28
1932, 1921.22
1933, 1926.3
1934, 1924.24
1935, 1930.3
1936, 1917.22
1937, 1940.38
1938, 1924.28
1939, 1938.36
1940, 1929.32
1941, 1938.39
1942, 1932.32
1943, 1932.32
1944, 1939.41
1945, 1934.36
1946, 1946.45
1947, 1938.41
1948, 1944.41
1949, 1949.49
1950, 1938.45
1951, 1939.41
1952, 1949.47
1953, 1946.43
1954, 1939.39
1955, 1958.57
1956, 1946.45
1957, 1948.49
1958, 1950.53
1959, 1951.51
1960, 1953.55
1961, 1943.51
1962, 1955.57
1963, 1961.61
1964, 1960.59
1965, 1958.61
1966, 1962.63
1967, 1964.59
1968, 1963.63
1969, 1965.63
1970, 1971.7
1971, 1963.61
1972, 1959.63
1973, 1967.64
1974, 1972.72
1975, 1983.8
1976, 1972.72
1977, 1969.7
1978, 1977.74
1979, 1975.74
1980, 1969.68
1981, 1972.7
1982, 1978.74
1983, 1973.72
1984, 1971.74
1985, 1968.68
1986, 1984.82
1987, 1979.8
1988, 1980.76
1989, 1987.86
1990, 1983.8
1991, 1980.82
1992, 1980.82
1993, 1990.88
1994, 1987.89
1995, 1984.84
1996, 1984.84
1997, 1988.88
1998, 1991.88
1999, 1987.89
2000, 1995.97
2001, 1985.86
2002, 2002.99
2003, 1995.93
2004, 1997.93
2005, 2009.03
2006, 1991.95
2007, 2001.97
2008, 1997.95
2009, 1999.97
2010, 1995.99
2011, 2002.01
2012, 1998.95
2013, 2002.03
2014, 2004.01
2015, 2010.12
2016, 2009.03
2017, 2012.09
2018, 2007.09
2019, 2006.03
2020, 2013.09
2021, 2010.05
2022, 2010.05
2023, 2010.11
2024, 2020.16
2025, 2029.22
2026, 2020.2
2027, 2009.11
2028, 2023.24
2029, 2029.22
2030, 2024.2
2031, 2025.22
2032, 2025.2
2033, 2019.2
2034, 2023.2
2035, 2030.26
2036, 2023.18
2037, 2029.28
2038, 2030.22
2039, 2023.2
2040, 2031.26
2041, 2037.3
2042, 2026.26
2043, 2030.28
2044, 2035.36
2045, 2048.41
2046, 2041.36
2047, 2049.43
2048, 2038.34
2049, 2043.37
2050, 2034.36
2051, 2053.49
2052, 2046.41
2053, 2039.37
2054, 2041.36
2055, 2043.39
2056, 2041.37
2057, 2038.36
2058, 2040.37
2059, 2041.45
2060, 2061.55
2061, 2043.43
2062, 2049.45
2063, 2065.61
2064, 2063.57
2065, 2053.53
2066, 2060.55
2067, 2054.49
2068, 2064.57
2069, 2059.55
2070, 2056.55
2071, 2065.57
2072, 2068.64
2073, 2066.62
2074, 2071.68
2075, 2070.61
2076, 2064.61
2077, 2075.68
2078, 2080.74
2079, 2076.68
2080, 2071.64
2081, 2073.68
2082, 2071.66
2083, 2075.68
2084, 2082.76
2085, 2077.7
2086, 2090.84
2087, 2085.8
2088, 2087.8
2089, 2091.84
2090, 2088.84
2091, 2085.76
2092, 2076.78
2093, 2084.87
2094, 2098.91
2095, 2079.74
2096, 2086.82
2097, 2094.89
2098, 2080.78
2099, 2089.84
2100, 2094.89
2101, 2098.97
2102, 2094.91
2103, 2108.99
2104, 2102.97
2105, 2100.93
2106, 2100.91
2107, 2108.01
2108, 2108.99
2109, 2101.97
2110, 2104.95
2111, 2101.93
2112, 2104.01
2113, 2111.03
2114, 2111.01
2115, 2111.03
2116, 2115.03
2117, 2111.03
2118, 2109.07
2119, 2116.11
2120, 2128.18
2121, 2116.07
2122, 2114.05
2123, 2109.01
2124, 2132.22
2125, 2122.16
2126, 2118.16
2127, 2131.22
2128, 2111.03
2129, 2134.22
2130, 2114.12
2131, 2129.2
2132, 2119.16
2133, 2131.22
2134, 2132.22
2135, 2122.16
2136, 2130.22
2137, 2130.2
2138, 2131.22
2139, 2129.18
2140, 2140.3
2141, 2133.28
2142, 2131.22
2143, 2140.3
2144, 2150.39
2145, 2141.35
2146, 2137.3
2147, 2144.32
2148, 2141.28
2149, 2148.39
2150, 2146.35
2151, 2152.41
2152, 2148.37
2153, 2144.35
2154, 2148.37
2155, 2138.34
2156, 2153.41
2157, 2157.45
2158, 2156.47
2159, 2156.45
2160, 2151.39
2161, 2158.47
2162, 2153.43
2163, 2164.55
2164, 2151.43
2165, 2157.49
2166, 2147.41
2167, 2156.45
2168, 2140.34
2169, 2159.51
2170, 2149.45
2171, 2165.53
2172, 2163.49
2173, 2169.55
2174, 2178.64
2175, 2163.53
2176, 2164.59
2177, 2165.57
2178, 2160.55
2179, 2175.66
2180, 2180.66
2181, 2171.64
2182, 2178.64
2183, 2181.74
2184, 2176.66
2185, 2175.66
2186, 2172.62
2187, 2176.66
2188, 2183.68
2189, 2187.74
2190, 2193.84
2191, 2173.62
2192, 2184.74
2193, 2186.76
2194, 2185.76
2195, 2191.82
2196, 2187.78
2197, 2187.78
2198, 2194.82
2199, 2184.78
2200, 2201.85
2201, 2196.85
2202, 2194.87
2203, 2193.84
2204, 2201.87
2205, 2210.97
2206, 2201.89
2207, 2199.89
2208, 2201.91
2209, 2203.93
2210, 2192.82
2211, 2205.91
2212, 2215.01
2213, 2210.95
2214, 2208.95
2215, 2208.93
2216, 2211.99
2217, 2209.99
2218, 2215.01
2219, 2213.99
2220, 2218.03
2221, 2213.03
2222, 2218.07
2223, 2217.09
2224, 2217.07
2225, 2213.03
2226, 2223.1
2227, 2224.07
2228, 2216.05
2229, 2226.1
2230, 2223.1
2231, 2228.16
2232, 2218.09
2233, 2222.09
2234, 2226.16
2235, 2225.16
2236, 2232.2
2237, 2226.14
2238, 2234.2
2239, 2237.2
2240, 2229.22
2241, 2235.2
2242, 2229.24
2243, 2235.24
2244, 2237.24
2245, 2248.33
2246, 2236.2
2247, 2245.33
2248, 2243.33
2249, 2245.32
2250, 2238.24
2251, 2240.26
2252, 2238.28
2253, 2237.22
2254, 2250.33
2255, 2254.39
2256, 2251.35
2257, 2244.32
2258, 2247.32
2259, 2261.45
2260, 2247.35
2261, 2249.35
2262, 2254.43
2263, 2261.45
2264, 2258.41
2265, 2260.51
2266, 2259.45
2267, 2256.43
2268, 2262.47
2269, 2257.43
2270, 2258.45
2271, 2260.51
2272, 2271.55
2273, 2268.53
2274, 2258.47
2275, 2268.53
2276, 2265.51
2277, 2278.62
2278, 2272.58
2279, 2267.57
2280, 2269.55
2281, 2267.55
2282, 2283.7
2283, 2276.6
2284, 2271.62
2285, 2278.62
2286, 2282.66
2287, 2272.6
2288, 2290.7
2289, 2287.7
2290, 2284.72
2291, 2277.6
2292, 2280.6
2293, 2274.66
2294, 2279.64
2295, 2292.78
2296, 2296.78
2297, 2295.76
2298, 2301.85
2299, 2293.76
2300, 2286.72
2301, 2297.8
2302, 2300.82
2303, 2295.8
2304, 2290.78
2305, 2293.78
2306, 2298.87
2307, 2299.8
2308, 2297.8
2309, 2300.85
2310, 2304.85
2311, 2295.82
2312, 2306.91
2313, 2305.89
2314, 2304.89
2315, 2318.99
2316, 2309.91
2317, 2310.89
2318, 2305.89
2319, 2306.89
2320, 2312.95
2321, 2309.89
2322, 2316.99
2323, 2309.91
2324, 2315.97
2325, 2321.05
2326, 2327.05
2327, 2311.97
2328, 2304.89
2329, 2325.07
2330, 2318.99
2331, 2317.01
2332, 2320.07
2333, 2329.12
2334, 2330.08
2335, 2333.12
2336, 2330.12
2337, 2326.08
2338, 2337.2
2339, 2325.05
2340, 2325.1
2341, 2329.1
2342, 2334.18
2343, 2339.2
2344, 2339.2
2345, 2337.18
2346, 2338.2
2347, 2344.24
2348, 2341.22
2349, 2338.18
2350, 2346.28
2351, 2342.24
2352, 2344.26
2353, 2351.31
2354, 2345.28
2355, 2352.35
2356, 2349.3
2357, 2357.35
2358, 2346.31
2359, 2353.33
2360, 2358.35
2361, 2352.3
2362, 2344.31
2363, 2354.37
2364, 2362.39
2365, 2364.43
2366, 2362.39
2367, 2356.39
2368, 2375.53
2369, 2375.53
2370, 2370.49
2371, 2366.47
2372, 2366.43
2373, 2364.47
2374, 2365.47
2375, 2375.55
2376, 2370.53
2377, 2367.45
2378, 2372.53
2379, 2369.51
2380, 2371.51
2381, 2370.51
2382, 2372.51
2383, 2378.58
2384, 2379.56
2385, 2376.58
2386, 2381.58
2387, 2379.58
2388, 2383.62
2389, 2384.58
2390, 2384.66
2391, 2378.58
2392, 2370.53
2393, 2381.62
2394, 2381.6
2395, 2391.66
2396, 2398.74
2397, 2389.7
2398, 2388.66
2399, 2386.66
2400, 2386.66
2401, 2395.74
2402, 2402.78
2403, 2401.78
2404, 2396.72
2405, 2390.68
2406, 2395.72
2407, 2404.87
2408, 2405.83
2409, 2395.74
2410, 2409.89
2411, 2400.78
2412, 2398.81
2413, 2402.83
2414, 2396.76
2415, 2399.81
2416, 2411.87
2417, 2410.89
2418, 2417.93
2419, 2413.91
2420, 2409.91
2421, 2406.81
2422, 2407.85
2423, 2413.93
2424, 2414.91
2425, 2418.95
2426, 2408.91
2427, 2420.97
2428, 2424.01
2429, 2422.01
2430, 2415.91
2431, 2414.97
2432, 2425.01
2433, 2428.06
2434, 2414.95
2435, 2430.06
2436, 2421.99
2437, 2433.1
2438, 2436.1
2439, 2439.12
2440, 2434.1
2441, 2427.03
2442, 2437.12
2443, 2434.12
2444, 2441.14
2445, 2440.14
2446, 2424.05
2447, 2434.06
2448, 2427.08
2449, 2443.16
2450, 2453.24
2451, 2443.2
2452, 2445.2
2453, 2448.24
2454, 2444.16
2455, 2448.24
2456, 2447.31
2457, 2449.28
2458, 2445.2
2459, 2445.22
2460, 2447.22
2461, 2456.29
2462, 2463.37
2463, 2462.33
2464, 2445.24
2465, 2458.33
2466, 2450.28
2467, 2455.31
2468, 2458.31
2469, 2453.29
2470, 2462.37
2471, 2456.31
2472, 2469.45
2473, 2464.37
2474, 2473.49
2475, 2470.43
2476, 2467.41
2477, 2471.45
2478, 2474.47
2479, 2468.41
2480, 2474.49
2481, 2462.41
2482, 2481.54
2483, 2471.45
2484, 2481.6
2485, 2469.47
2486, 2483.56
2487, 2473.53
2488, 2491.6
2489, 2491.64
2490, 2480.54
2491, 2490.62
2492, 2480.58
2493, 2478.56
2494, 2481.64
2495, 2490.64
2496, 2488.64
2497, 2487.6
2498, 2488.64
2499, 2486.62
2500, 2481.62
2501, 2492.64
2502, 2501.74
2503, 2497.7
2504, 2499.72
2505, 2501.74
2506, 2505.78
2507, 2511.87
2508, 2498.72
2509, 2495.7
2510, 2512.87
2511, 2508.78
2512, 2497.72
2513, 2511.83
2514, 2515.89
2515, 2506.79
2516, 2504.78
2517, 2509.83
2518, 2509.81
2519, 2518.89
2520, 2519.95
2521, 2517.93
2522, 2504.79
2523, 2512.83
2524, 2511.85
2525, 2513.87
2526, 2502.79
2527, 2519.93
2528, 2518.93
2529, 2514.87
2530, 2528.01
2531, 2517.93
2532, 2528.01
2533, 2520.95
2534, 2515.85
2535, 2517.89
2536, 2530.03
2537, 2523.95
2538, 2513.89
2539, 2534.03
2540, 2528.03
2541, 2525.03
2542, 2532.04
2543, 2529.01
2544, 2525.01
2545, 2537.08
2546, 2537.1
2547, 2542.16
2548, 2546.16
2549, 2535.1
2550, 2547.16
2551, 2544.16
2552, 2542.16
2553, 2543.14
2554, 2547.18
2555, 2546.18
2556, 2548.22
2557, 2539.1
2558, 2556.26
2559, 2544.2
2560, 2545.18
2561, 2554.26
2562, 2547.2
2563, 2553.24
2564, 2552.22
2565, 2551.22
2566, 2558.26
2567, 2560.31
2568, 2557.29
2569, 2553.27
2570, 2560.33
2571, 2559.27
2572, 2567.33
2573, 2567.39
2574, 2562.33
2575, 2566.35
2576, 2570.43
2577, 2579.51
2578, 2562.31
2579, 2564.35
2580, 2572.39
2581, 2568.45
2582, 2580.47
2583, 2575.43
2584, 2575.51
2585, 2565.39
2586, 2575.43
2587, 2577.49
2588, 2576.47
2589, 2580.52
2590, 2576.43
2591, 2589.56
2592, 2592.62
2593, 2582.52
2594, 2574.45
2595, 2575.45
2596, 2583.52
2597, 2584.54
2598, 2591.58
2599, 2591.58
2600, 2588.6
2601, 2599.66
2602, 2588.58
2603, 2601.66
2604, 2598.68
2605, 2593.64
2606, 2587.54
2607, 2595.6
2608, 2602.72
2609, 2589.64
2610, 2605.72
2611, 2605.74
2612, 2606.74
2613, 2606.76
2614, 2601.72
2615, 2598.72
2616, 2611.79
2617, 2606.77
2618, 2601.76
2619, 2616.85
2620, 2604.72
2621, 2611.81
2622, 2610.79
2623, 2613.83
2624, 2611.85
2625, 2613.85
2626, 2624.89
2627, 2615.87
2628, 2607.79
2629, 2615.83
2630, 2620.87
2631, 2633.02
2632, 2621.91
2633, 2613.85
2634, 2627.95
2635, 2624.89
2636, 2633.01
2637, 2632.99
2638, 2630.95
2639, 2627.95
2640, 2633.02
2641, 2624.93
2642, 2624.97
2643, 2646.12
2644, 2646.14
2645, 2634.02
2646, 2634.04
2647, 2646.18
2648, 2641.06
2649, 2635.02
2650, 2641.1
2651, 2641.06
2652, 2643.1
2653, 2643.16
2654, 2631.02
2655, 2644.08
2656, 2642.08
2657, 2652.16
2658, 2655.22
2659, 2654.2
2660, 2658.24
2661, 2648.18
2662, 2664.27
2663, 2645.12
2664, 2653.18
2665, 2660.25
2666, 2653.2
2667, 2654.22
2668, 2656.22
2669, 2658.22
2670, 2662.24
2671, 2665.29
2672, 2670.33
2673, 2662.29
2674, 2666.31
2675, 2665.31
2676, 2668.33
2677, 2664.33
2678, 2671.35
2679, 2676.41
2680, 2667.29
2681, 2680.41
2682, 2666.33
2683, 2668.37
2684, 2669.33
2685, 2674.39
2686, 2673.39
2687, 2678.45
2688, 2676.41
2689, 2668.37
2690, 2688.52
2691, 2670.37
2692, 2686.49
2693, 2686.52
2694, 2681.49
2695, 2678.41
2696, 2684.5
2697, 2691.54
2698, 2694.6
2699, 2687.5
2700, 2684.52
2701, 2692.54
2702, 2694.56
2703, 2686.54
2704, 2693.6
2705, 2695.6
2706, 2698.62
2707, 2698.62
2708, 2694.62
2709, 2702.68
2710, 2694.58
2711, 2704.68
2712, 2709.7
2713, 2700.64
2714, 2706.74
2715, 2711.77
2716, 2712.75
2717, 2698.66
2718, 2707.7
2719, 2714.81
2720, 2710.75
2721, 2706.7
2722, 2706.7
2723, 2710.75
2724, 2708.72
2725, 2717.79
2726, 2713.79
2727, 2711.75
2728, 2718.83
2729, 2732.95
2730, 2723.87
2731, 2721.85
2732, 2721.83
2733, 2716.81
2734, 2720.85
2735, 2728.91
2736, 2732.97
2737, 2726.91
2738, 2728.93
2739, 2725.91
2740, 2748.06
2741, 2728.91
2742, 2728.91
2743, 2743.04
2744, 2736.99
2745, 2739.08
2746, 2735.99
2747, 2732.95
2748, 2751.12
2749, 2737
2750, 2747.06
2751, 2746.08
2752, 2751.18
2753, 2744.06
2754, 2747.08
2755, 2746.06
2756, 2753.16
2757, 2748.12
2758, 2749.16
2759, 2756.18
2760, 2757.16
2761, 2758.16
2762, 2764.22
2763, 2755.18
2764, 2764.23
2765, 2762.22
2766, 2754.18
2767, 2759.18
2768, 2759.2
2769, 2756.18
2770, 2764.23
2771, 2755.16
2772, 2768.25
2773, 2766.27
2774, 2763.25
2775, 2766.27
2776, 2770.29
2777, 2778.41
2778, 2769.27
2779, 2769.31
2780, 2774.31
2781, 2767.29
2782, 2765.29
2783, 2771.37
2784, 2770.29
2785, 2779.37
2786, 2778.37
2787, 2780.37
2788, 2783.48
2789, 2780.41
2790, 2782.43
2791, 2786.45
2792, 2786.45
2793, 2792.54
2794, 2787.47
2795, 2787.48
2796, 2780.43
2797, 2785.47
2798, 2782.41
2799, 2792.5
2800, 2790.5
2801, 2790.52
2802, 2791.5
2803, 2794.54
2804, 2792.48
2805, 2791.5
2806, 2795.52
2807, 2795.56
2808, 2798.6
2809, 2788.5
2810, 2793.58
2811, 2794.54
2812, 2796.66
2813, 2815.72
2814, 2798.6
2815, 2808.64
2816, 2797.66
2817, 2801.66
2818, 2807.68
2819, 2813.73
2820, 2798.6
2821, 2809.68
2822, 2816.72
2823, 2816.75
2824, 2814.72
2825, 2802.64
2826, 2814.73
2827, 2827.81
2828, 2820.81
2829, 2811.72
2830, 2819.77
2831, 2825.85
2832, 2826.83
2833, 2817.77
2834, 2820.79
2835, 2825.83
2836, 2825.83
2837, 2823.81
2838, 2830.85
2839, 2843
2840, 2832.98
2841, 2831.89
2842, 2825.87
2843, 2832.93
2844, 2837.91
2845, 2827.91
2846, 2846.04
2847, 2839.95
2848, 2826.89
2849, 2834.98
2850, 2848.06
2851, 2824.85
2852, 2838.95
2853, 2847.06
2854, 2851.06
2855, 2834.95
2856, 2843.02
2857, 2836.91
2858, 2851.06
2859, 2851.08
2860, 2845
2861, 2852.08
2862, 2860.2
2863, 2853.12
2864, 2851.1
2865, 2855.1
2866, 2855.12
2867, 2858.14
2868, 2854.12
2869, 2855.16
2870, 2867.23
2871, 2857.14
2872, 2873.29
2873, 2855.1
2874, 2861.2
2875, 2868.23
2876, 2869.25
2877, 2870.23
2878, 2871.23
2879, 2867.29
2880, 2867.23
2881, 2871.29
2882, 2882.35
2883, 2873.27
2884, 2880.41
2885, 2879.35
2886, 2884.37
2887, 2884.41
2888, 2878.37
2889, 2878.33
2890, 2880.39
2891, 2877.31
2892, 2884.37
2893, 2873.31
2894, 2885.41
2895, 2887.41
2896, 2881.41
2897, 2886.45
2898, 2877.33
2899, 2878.37
2900, 2903.54
2901, 2898.5
2902, 2895.52
2903, 2891.48
2904, 2890.45
2905, 2896.48
2906, 2891.52
2907, 2902.54
2908, 2906.6
2909, 2904.58
2910, 2893.52
2911, 2886.43
2912, 2904.6
2913, 2902.58
2914, 2907.6
2915, 2893.5
2916, 2909.62
2917, 2908.66
2918, 2906.62
2919, 2919.7
2920, 2913.68
2921, 2912.66
2922, 2913.68
2923, 2904.58
2924, 2914.66
2925, 2906.64
2926, 2914.7
2927, 2912.66
2928, 2914.7
2929, 2911.66
2930, 2922.73
2931, 2918.73
2932, 2914.66
2933, 2919.7
2934, 2919.7
2935, 2932.83
2936, 2919.73
2937, 2927.77
2938, 2928.83
2939, 2921.73
2940, 2929.87
2941, 2923.77
2942, 2930.77
2943, 2935.87
2944, 2924.77
2945, 2936.85
2946, 2928.87
2947, 2936.89
2948, 2930.87
2949, 2936.89
2950, 2937.93
2951, 2931.81
2952, 2948.96
2953, 2946.96
2954, 2935.87
2955, 2947.96
2956, 2956.04
2957, 2951.04
2958, 2948
2959, 2937.95
2960, 2950
2961, 2940.95
2962, 2956.06
2963, 2947.98
2964, 2942.98
2965, 2953.04
2966, 2956.1
2967, 2949.98
2968, 2964.14
2969, 2952
2970, 2954.04
2971, 2952.08
2972, 2961.16
2973, 2966.16
2974, 2967.16
2975, 2975.23
2976, 2956.08
2977, 2970.2
2978, 2965.14
2979, 2962.18
2980, 2963.14
2981, 2965.2
2982, 2967.2
2983, 2970.23
2984, 2976.27
2985, 2968.18
2986, 2977.27
2987, 2977.27
2988, 2976.31
2989, 2982.33
2990, 2980.31
2991, 2979.27
2992, 2983.33
2993, 2980.33
2994, 2978.29
2995, 2985.35
2996, 2996.41
2997, 2979.31
2998, 2979.31
2999, 2980.33
3000, 2985.35
3001, 3001.52
3002, 2992.41
3003, 2994.41
3004, 2994.46
3005, 2995.48
3006, 2998.46
3007, 2992.41
3008, 2999.52
3009, 3010.56
3010, 3006.56
3011, 2994.44
3012, 3006.54
3013, 3001.58
3014, 3001.58
3015, 3002.52
3016, 3007.6
3017, 3005.56
3018, 3006.58
3019, 3008.56
3020, 3020.68
3021, 3013.64
3022, 3017.64
3023, 3017.68
3024, 3022.71
3025, 3016.64
3026, 3011.6
3027, 3022.69
3028, 3022.71
3029, 3012.66
3030, 3017.71
3031, 3013.62
3032, 3009.6
3033, 3029.75
3034, 3027.75
3035, 3023.71
3036, 3019.71
3037, 3033.79
3038, 3026.79
3039, 3032.83
3040, 3033.83
3041, 3036.85
3042, 3030.81
3043, 3029.77
3044, 3027.79
3045, 3036.81
3046, 3035.81
3047, 3039.87
3048, 3036.87
3049, 3030.77
3050, 3039.87
3051, 3042.87
3052, 3044.87
3053, 3043.93
3054, 3041.87
3055, 3036.85
3056, 3040.94
3057, 3043.91
3058, 3047.94
3059, 3062.06
3060, 3049.96
3061, 3047.96
3062, 3055.04
3063, 3060.06
3064, 3049.96
3065, 3053
3066, 3052
3067, 3061.06
3068, 3069.16
3069, 3049.96
3070, 3060.04
3071, 3056.06
3072, 3055.06
3073, 3060.06
3074, 3068.12
3075, 3072.21
3076, 3072.14
3077, 3068.1
3078, 3071.18
3079, 3076.19
3080, 3069.16
3081, 3069.18
3082, 3080.25
3083, 3074.19
3084, 3069.16
3085, 3073.19
3086, 3075.25
3087, 3079.27
3088, 3081.25
3089, 3065.14
3090, 3084.31
3091, 3079.23
3092, 3078.25
3093, 3079.25
3094, 3084.29
3095, 3077.23
3096, 3084.29
3097, 3089.31
3098, 3089.33
3099, 3089.33
3100, 3091.33
3101, 3083.25
3102, 3088.35
3103, 3098.44
3104, 3094.39
3105, 3102.44
3106, 3092.39
3107, 3093.37
3108, 3094.42
3109, 3089.31
3110, 3088.39
3111, 3110.52
3112, 3099.44
3113, 3104.5
3114, 3107.52
3115, 3096.42
3116, 3102.44
3117, 3113.6
3118, 3105.52
3119, 3107.5
3120, 3116.62
3121, 3116.58
3122, 3102.44
3123, 3106.58
3124, 3106.5
3125, 3114.6
3126, 3113.58
3127, 3112.6
3128, 3120.6
3129, 3120.66
3130, 3118.64
3131, 3117.62
3132, 3125.69
3133, 3127.71
3134, 3128.71
3135, 3128.73
3136, 3126.73
3137, 3124.69
3138, 3119.64
3139, 3131.77
3140, 3128.69
3141, 3126.73
3142, 3135.77
3143, 3125.73
3144, 3144.83
3145, 3130.75
3146, 3145.89
3147, 3137.83
3148, 3146.89
3149, 3138.77
3150, 3135.81
3151, 3141.85
3152, 3147.89
3153, 3148.89
3154, 3146.91
3155, 3136.85
3156, 3153.92
3157, 3144.89
3158, 3156.94
3159, 3157.96
3160, 3152.94
3161, 3159
3162, 3156.98
3163, 3152.98
3164, 3158.98
3165, 3159
3166, 3163.02
3167, 3154.98
3168, 3152.02
3169, 3161.02
3170, 3164.04
3171, 3168.08
3172, 3153.98
3173, 3164
3174, 3172.1
3175, 3160.04
3176, 3175.14
3177, 3168.1
3178, 3177.16
3179, 3159.06
3180, 3169.1
3181, 3166.1
3182, 3178.16
3183, 3181.21
3184, 3178.21
3185, 3175.14
3186, 3167.16
3187, 3175.17
3188, 3179.19
3189, 3171.16
3190, 3182.19
3191, 3176.23
3192, 3183.23
3193, 3172.12
3194, 3178.19
3195, 3190.29
3196, 3179.21
3197, 3188.31
3198, 3194.33
3199, 3197.37
3200, 3193.33
3201, 3185.29
3202, 3193.33
3203, 3195.33
3204, 3197.35
3205, 3189.29
3206, 3199.37
3207, 3201.4
3208, 3197.39
3209, 3191.39
3210, 3196.4
3211, 3204.44
3212, 3193.35
3213, 3204.44
3214, 3207.44
3215, 3196.4
3216, 3211.48
3217, 3197.35
3218, 3205.46
3219, 3202.44
3220, 3201.42
3221, 3218.56
3222, 3214.52
3223, 3209.52
3224, 3208.5
3225, 3207.5
3226, 3216.58
3227, 3224.64
3228, 3220.6
3229, 3218.58
3230, 3226.65
3231, 3222.58
3232, 3220.56
3233, 3224.64
3234, 3219.6
3235, 3223.65
3236, 3234.71
3237, 3232.69
3238, 3226.65
3239, 3231.69
3240, 3228.71
3241, 3234.71
3242, 3230.73
3243, 3228.67
3244, 3238.73
3245, 3242.79
3246, 3250.83
3247, 3237.79
3248, 3238.75
3249, 3246.83
3250, 3239.79
3251, 3250.87
3252, 3256.94
3253, 3243.81
3254, 3249.83
3255, 3245.85
3256, 3251.89
3257, 3254.92
3258, 3249.92
3259, 3239.81
3260, 3250.89
3261, 3256.92
3262, 3266.04
3263, 3260.98
3264, 3256.92
3265, 3251.92
3266, 3267
3267, 3255.92
3268, 3272.06
3269, 3255.94
3270, 3255.94
3271, 3265.02
3272, 3269.04
3273, 3263.04
3274, 3261.96
3275, 3272.06
3276, 3274.1
3277, 3263.04
3278, 3277.12
3279, 3266.04
3280, 3276.12
3281, 3265.06
3282, 3280.17
3283, 3276.1
3284, 3273.1
3285, 3284.15
3286, 3269.06
3287, 3276.12
3288, 3289.21
3289, 3278.15
3290, 3292.27
3291, 3283.17
3292, 3285.23
3293, 3280.21
3294, 3288.25
3295, 3287.21
3296, 3291.27
3297, 3284.19
3298, 3294.29
3299, 3280.19
3300, 3288.23
3301, 3293.27
3302, 3284.21
3303, 3295.29
3304, 3296.33
3305, 3289.25
3306, 3299.33
3307, 3298.35
3308, 3292.29
3309, 3305.38
3310, 3307.42
3311, 3304.37
3312, 3307.42
3313, 3302.35
3314, 3304.42
3315, 3307.38
3316, 3305.4
3317, 3316.46
3318, 3312.5
3319, 3300.37
3320, 3309.42
3321, 3320.54
3322, 3316.48
3323, 3315.48
3324, 3310.46
3325, 3314.5
3326, 3310.44
3327, 3318.52
3328, 3322.58
3329, 3321.52
3330, 3308.46
3331, 3319.5
3332, 3316.54
3333, 3332.67
3334, 3315.5
3335, 3329.6
3336, 3337.69
3337, 3326.62
3338, 3318.56
3339, 3326.6
3340, 3328.6
3341, 3322.58
3342, 3326.6
3343, 3336.67
3344, 3337.73
3345, 3333.71
3346, 3336.69
3347, 3344.79
3348, 3343.75
3349, 3339.73
3350, 3345.77
3351, 3337.73
3352, 3338.71
3353, 3344.79
3354, 3343.75
3355, 3340.75
3356, 3342.77
3357, 3344.81
3358, 3345.77
3359, 3345.79
3360, 3351.83
3361, 3345.85
3362, 3352.87
3363, 3342.79
3364, 3357.88
3365, 3355.88
3366, 3357.9
3367, 3363.98
3368, 3356.92
3369, 3361.94
3370, 3359.92
3371, 3363.96
3372, 3360.9
3373, 3357.88
3374, 3365.96
3375, 3366.96
3376, 3362.9
3377, 3360.94
3378, 3374.08
3379, 3360.96
3380, 3366.94
3381, 3366.02
3382, 3381.1
3383, 3379.08
3384, 3370.02
3385, 3381.13
3386, 3378.13
3387, 3377.08
3388, 3382.12
3389, 3382.12
3390, 3374.06
3391, 3380.1
3392, 3382.15
3393, 3391.17
3394, 3384.13
3395, 3393.21
3396, 3382.15
3397, 3386.17
3398, 3392.25
3399, 3387.21
3400, 3387.15
3401, 3392.23
3402, 3400.31
3403, 3393.23
3404, 3390.23
3405, 3400.25
3406, 3396.27
3407, 3394.25
3408, 3394.23
3409, 3398.31
3410, 3401.31
3411, 3403.35
3412, 3401.31
3413, 3402.31
3414, 3404.35
3415, 3407.35
3416, 3403.36
3417, 3404.35
3418, 3403.35
3419, 3411.38
3420, 3405.36
3421, 3412.44
3422, 3402.31
3423, 3408.38
3424, 3417.46
3425, 3413.38
3426, 3429.6
3427, 3422.48
3428, 3413.44
3429, 3425.54
3430, 3417.46
3431, 3422.52
3432, 3426.58
3433, 3422.52
3434, 3421.52
3435, 3418.48
3436, 3432.63
3437, 3418.5
3438, 3427.54
3439, 3423.54
3440, 3434.65
3441, 3436.63
3442, 3431.61
3443, 3435.61
3444, 3432.61
3445, 3434.6
3446, 3423.56
3447, 3430.58
3448, 3445.71
3449, 3436.63
3450, 3435.65
3451, 3438.71
3452, 3441.69
3453, 3432.65
3454, 3447.75
3455, 3440.67
3456, 3436.65
3457, 3441.71
3458, 3445.73
3459, 3448.75
3460, 3452.79
3461, 3452.83
3462, 3445.75
3463, 3456.86
3464, 3451.81
3465, 3459.83
3466, 3450.75
3467, 3456.86
3468, 3462.88
3469, 3457.86
3470, 3464.94
3471, 3465.92
3472, 3462.86
3473, 3467.94
3474, 3464.86
3475, 3465.88
3476, 3463.9
3477, 3466.94
3478, 3462.94
3479, 3466.96
3480, 3466.96
3481, 3475
3482, 3463.92
3483, 3472
3484, 3472.02
3485, 3470.02
3486, 3471.98
3487, 3473.04
3488, 3478.06
3489, 3485.08
3490, 3482.04
3491, 3473.02
3492, 3471.02
3493, 3485.11
3494, 3479.04
3495, 3484.11
3496, 3490.13
3497, 3485.11
3498, 3486.11
3499, 3491.19
3500, 3485.11
3501, 3484.11
3502, 3493.19
3503, 3497.19
3504, 3488.15
3505, 3492.15
3506, 3495.19
3507, 3502.29
3508, 3503.25
3509, 3499.25
3510, 3504.33
3511, 3509.31
3512, 3504.27
3513, 3519.4
3514, 3506.29
3515, 3503.31
3516, 3507.34
3517, 3519.42
3518, 3505.31
3519, 3506.34
3520, 3511.38
3521, 3515.36
3522, 3513.38
3523, 3515.4
3524, 3516.44
3525, 3513.4
3526, 3520.42
3527, 3516.42
3528, 3523.48
3529, 3519.46
3530, 3519.48
3531, 3521.46
3532, 3536.59
3533, 3525.48
3534, 3533.56
3535, 3524.48
3536, 3536.59
3537, 3522.5
3538, 3527.52
3539, 3527.5
3540, 3527.56
3541, 3522.52
3542, 3529.54
3543, 3535.59
3544, 3540.61
3545, 3536.59
3546, 3536.59
3547, 3538.61
3548, 3544.67
3549, 3550.73
3550, 3549.71
3551, 3547.69
3552, 3545.71
3553, 3550.73
3554, 3553.73
3555, 3541.67
3556, 3551.75
3557, 3542.63
3558, 3555.75
3559, 3552.77
3560, 3547.71
3561, 3554.75
3562, 3548.71
3563, 3554.77
3564, 3550.73
3565, 3545.73
3566, 3551.73
3567, 3552.75
3568, 3542.67
3569, 3554.81
3570, 3560.84
3571, 3568.92
3572, 3565.88
3573, 3561.83
3574, 3566.92
3575, 3565.9
3576, 3555.79
3577, 3556.81
3578, 3566.92
3579, 3567.9
3580, 3576.96
3581, 3563.86
3582, 3568.9
3583, 3572.96
3584, 3575.02
3585, 3579.04
3586, 3578
3587, 3577.06
3588, 3570.92
3589, 3584.02
3590, 3583.06
3591, 3577.02
3592, 3579.96
3593, 3582.04
3594, 3584.04
3595, 3586.08
3596, 3580.04
3597, 3588.09
3598, 3590.08
3599, 3588.08
3600, 3590.08
3601, 3586.09
3602, 3601.19
3603, 3599.19
3604, 3591.13
3605, 3602.21
3606, 3592.19
3607, 3592.15
3608, 3598.15
3609, 3595.15
3610, 3598.21
3611, 3599.19
3612, 3602.29
3613, 3606.25
3614, 3610.29
3615, 3598.21
3616, 3604.27
3617, 3612.32
3618, 3606.23
3619, 3603.25
3620, 3605.27
3621, 3605.27
3622, 3613.32
3623, 3617.36
3624, 3619.4
3625, 3618.42
3626, 3633.54
3627, 3626.44
3628, 3612.29
3629, 3625.44
3630, 3625.42
3631, 3618.38
3632, 3620.4
3633, 3630.48
3634, 3622.4
3635, 3629.5
3636, 3623.48
3637, 3620.38
3638, 3623.4
3639, 3630.46
3640, 3638.57
3641, 3646.61
3642, 3634.5
3643, 3621.42
3644, 3645.61
3645, 3637.54
3646, 3636.54
3647, 3637.54
3648, 3634.54
3649, 3638.57
3650, 3637.57
3651, 3652.67
3652, 3638.57
3653, 3648.69
3654, 3652.67
3655, 3645.69
3656, 3649.67
3657, 3663.75
3658, 3648.67
3659, 3649.67
3660, 3644.61
3661, 3655.73
3662, 3652.71
3663, 3650.67
3664, 3652.69
3665, 3650.69
3666, 3646.69
3667, 3653.71
3668, 3655.79
3669, 3655.73
3670, 3651.69
3671, 3649.69
3672, 3671.88
3673, 3667.84
3674, 3660.75
3675, 3669.84
3676, 3665.82
3677, 3667.9
3678, 3662.81
3679, 3678.92
3680, 3670.9
3681, 3680.94
3682, 3668.86
3683, 3670.88
3684, 3669.9
3685, 3670.88
3686, 3687
3687, 3676.96
3688, 3676.94
3689, 3678.92
3690, 3672.9
3691, 3689.02
3692, 3685
3693, 3685
3694, 3672.9
3695, 3679.96
3696, 3681.98
3697, 3687.06
3698, 3684.04
3699, 3699.15
3700, 3686.04
3701, 3687.06
3702, 3699.13
3703, 3690.06
3704, 3694.11
3705, 3692.11
3706, 3686.06
3707, 3696.09
3708, 3703.15
3709, 3709.23
3710, 3697.13
3711, 3703.19
3712, 3698.13
3713, 3701.19
3714, 3699.15
3715, 3715.29
3716, 3709.27
3717, 3715.27
3718, 3707.25
3719, 3715.3
3720, 3710.27
3721, 3710.29
3722, 3717.29
3723, 3717.3
3724, 3715.29
3725, 3711.23
3726, 3715.27
3727, 3726.4
3728, 3706.23
3729, 3722.36
3730, 3709.3
3731, 3723.36
3732, 3736.46
3733, 3722.34
3734, 3729.42
3735, 3732.44
3736, 3718.36
3737, 3721.36
3738, 3732.44
3739, 3728.44
3740, 3730.48
3741, 3732.46
3742, 3732.46
3743, 3738.52
3744, 3736.48
3745, 3739.55
3746, 3736.5
3747, 3733.5
3748, 3749.63
3749, 3747.61
3750, 3743.55
3751, 3740.52
3752, 3742.57
3753, 3748.59
3754, 3735.52
3755, 3745.57
3756, 3747.65
3757, 3752.63
3758, 3749.65
3759, 3753.63
3760, 3748.67
3761, 3750.65
3762, 3757.71
3763, 3753.67
3764, 3761.75
3765, 3759.73
3766, 3758.71
3767, 3766.77
3768, 3753.73
3769, 3764.73
3770, 3753.69
3771, 3764.75
3772, 3758.73
3773, 3758.69
3774, 3768.8
3775, 3773.86
3776, 3768.84
3777, 3774.84
3778, 3770.8
3779, 3774.86
3780, 3767.8
3781, 3773.84
3782, 3782.92
3783, 3772.86
3784, 3780.88
3785, 3782.92
3786, 3776.88
3787, 3781.9
3788, 3779.94
3789, 3779.9
3790, 3778.9
3791, 3779.9
3792, 3787
3793, 3774.92
3794, 3776.92
3795, 3796.04
3796, 3786.96
3797, 3785.96
3798, 3776.9
3799, 3786.02
3800, 3775.88
3801, 3793.02
3802, 3804.11
3803, 3798.09
3804, 3790.02
3805, 3792.05
3806, 3794.07
3807, 3796.07
3808, 3816.25
3809, 3808.15
3810, 3806.13
3811, 3790.02
3812, 3809.19
3813, 3806.15
3814, 3804.19
3815, 3804.15
3816, 3809.19
3817, 3806.15
3818, 3814.23
3819, 3805.15
3820, 3805.13
3821, 3810.21
3822, 3813.19
3823, 3819.27
3824, 3818.27
3825, 3811.25
3826, 3808.21
3827, 3819.27
3828, 3814.27
3829, 3822.3
3830, 3831.38
3831, 3820.28
3832, 3817.28
3833, 3824.28
3834, 3816.25
3835, 3819.34
3836, 3820.28
3837, 3826.36
3838, 3831.38
3839, 3828.4
3840, 3828.38
3841, 3826.38
3842, 3828.4
3843, 3830.38
3844, 3826.36
3845, 3834.44
3846, 3828.38
3847, 3833.44
3848, 3839.52
3849, 3843.5
3850, 3830.44
3851, 3836.44
3852, 3840.48
3853, 3837.5
3854, 3844.59
3855, 3848.53
3856, 3848.53
3857, 3838.53
3858, 3851.59
3859, 3849.55
3860, 3847.53
3861, 3852.61
3862, 3855.59
3863, 3849.59
3864, 3838.46
3865, 3855.63
3866, 3854.61
3867, 3847.53
3868, 3847.59
3869, 3858.71
3870, 3861.69
3871, 3853.61
3872, 3862.71
3873, 3864.71
3874, 3863.71
3875, 3855.69
3876, 3859.67
3877, 3873.82
3878, 3870.82
3879, 3868.75
3880, 3865.71
3881, 3869.78
3882, 3866.75
3883, 3871.77
3884, 3874.82
3885, 3877.84
3886, 3868.8
3887, 3884.92
3888, 3876.82
3889, 3882.9
3890, 3868.75
3891, 3870.8
3892, 3873.84
3893, 3884.92
3894, 3874.88
3895, 3878.88
3896, 3885.92
3897, 3879.94
3898, 3883.96
3899, 3896.02
3900, 3880.88
3901, 3884.92
3902, 3895
3903, 3892.02
3904, 3893
3905, 3887.96
3906, 3892.96
3907, 3879.9
3908, 3899.02
3909, 3885.96
3910, 3900.03
3911, 3899.02
3912, 3912.15
3913, 3904.07
3914, 3893.03
3915, 3910.17
3916, 3907.11
3917, 3915.17
3918, 3906.13
3919, 3904.15
3920, 3900.05
3921, 3914.19
3922, 3905.11
3923, 3908.17
3924, 3906.13
3925, 3910.15
3926, 3919.23
3927, 3915.19
3928, 3917.25
3929, 3915.19
3930, 3914.21
3931, 3926.27
3932, 3914.19
3933, 3919.21
3934, 3917.23
3935, 3919.3
3936, 3924.25
3937, 3926.3
3938, 3926.3
3939, 3921.32
3940, 3924.3
3941, 3924.27
3942, 3928.32
3943, 3922.3
3944, 3928.36
3945, 3930.34
3946, 3931.36
3947, 3925.34
3948, 3933.42
3949, 3926.32
3950, 3928.36
3951, 3937.42
3952, 3934.42
3953, 3942.46
3954, 3939.44
3955, 3941.42
3956, 3949.51
3957, 3947.51
3958, 3928.36
3959, 3944.48
3960, 3943.46
3961, 3940.42
3962, 3954.53
3963, 3941.46
3964, 3936.42
3965, 3954.59
3966, 3947.53
3967, 3948.53
3968, 3948.55
3969, 3945.5
3970, 3953.53
3971, 3946.53
3972, 3961.63
3973, 3955.57
3974, 3958.67
3975, 3954.57
3976, 3962.67
3977, 3958.59
3978, 3964.69
3979, 3956.63
3980, 3955.59
3981, 3970.69
3982, 3965.71
3983, 3972.73
3984, 3971.73
3985, 3970.75
3986, 3959.65
3987, 3968.75
3988, 3974.78
3989, 3970.73
3990, 3975.75
3991, 3976.78
3992, 3978.78
3993, 3974.75
3994, 3973.75
3995, 3980.82
3996, 3981.82
3997, 3979.84
3998, 3984.86
3999, 3984.82
4000, 3989.88
4001, 3987.9
4002, 3982.86
4003, 3993.92
4004, 3974.8
4005, 3990.96
4006, 3988.86
4007, 3983.82
4008, 3989.94
4009, 3999.98
4010, 3994.98
4011, 3989.94
4012, 3992.94
4013, 3984.84
4014, 3994.98
4015, 4001
4016, 3990.94
4017, 3985.9
4018, 4000.03
4019, 3991.98
4020, 3998.05
4021, 4005.07
4022, 4007.07
4023, 4003.05
4024, 4004.05
4025, 4011.13
4026, 4001.01
4027, 4007.05
4028, 4012.13
4029, 4006.09
4030, 4008.13
4031, 4001.01
4032, 4008.09
4033, 4018.13
4034, 4010.13
4035, 4013.11
4036, 4015.13
4037, 4005.05
4038, 4008.13
4039, 4012.11
4040, 4013.13
4041, 4016.13
4042, 4018.15
4043, 4000.07
4044, 4009.13
4045, 4012.13
4046, 4019.15
4047, 4010.13
4048, 4009.13
4049, 4016.15
4050, 4003.09
4051, 4009.07
4052, 4015.15
4053, 4009.11
4054, 4014.13
4055, 4005.09
4056, 4010.13
4057, 4017.15
4058, 4006.05
4059, 4014.11
4060, 4014.11
4061, 4013.13
4062, 4011.05
4063, 4017.15
4064, 4008.15
4065, 4019.15
4066, 4011.11
4067, 4021.17
4068, 4010.11
4069, 4016.13
4070, 4013.13
4071, 4012.13
4072, 4018.15
4073, 4010.13
4074, 4017.17
4075, 4011.13
4076, 4016.13
4077, 4013.13
4078, 4007.09
4079, 4016.17
4080, 4007.09
4081, 4019.17
4082, 4009.11
4083, 4012.13
4084, 4007.11
4085, 4005.07
4086, 4017.15
4087, 4020.17
4088, 4016.15
4089, 4018.15
4090, 4018.17
4091, 4014.15
4092, 4011.13
4093, 4009.11
4094, 4014.13
4095, 4015.17
