0, -2.08366
0.01, 1.28215
0.02, -1.9088
0.03, 2.19353
0.04, 0.160759
0.05, -1.76561
0.06, 1.41549
0.07, -2.99601
0.08, 2.09901
0.09, 0.20614
0.1, -0.147058
0.11, 2.1215
0.12, -4.25607
0.13, 1.72331
0.14, -0.0116879
0.15, -0.181045
0.16, 3.2316
0.17, -2.95343
0.18, 0.896509
0.19, -0.950009
0.2, -1.15789
0.21, 2.66675
0.22, -0.83897
0.23, 1.48743
0.24, -0.93456
0.25, -1.9901
0.26, 2.26518
0.27, -1.71984
0.28, 2.10016
0.29, 0.915338
0.3, -1.98807
0.31, 1.23281
0.32, -2.44922
0.33, 1.56004
0.34, 0.763746
0.35, -1.00427
0.36, 2.14854
0.37, -2.53988
0.38, 0.457474
0.39, 0.745111
0.4, -1.40063
0.41, 2.25861
0.42, -2.87503
0.43, 0.74289
0.44, -0.408335
0.45, -0.846212
0.46, 2.90456
0.47, -2.14729
0.48, 1.11163
0.49, -0.426487
0.5, -1.53214
0.51, 3.10269
0.52, -1.67311
0.53, 1.17729
0.54, -0.296235
0.55, -1.93999
0.56, 1.77024
0.57, -2.3461
0.58, 2.63904
0.59, 0.194071
0.6, -2.11659
0.61, 2.34261
0.62, -2.56035
0.63, 1.97068
0.64, 0.231824
0.65, -1.07543
0.66, 1.23658
0.67, -2.26123
0.68, 1.89489
0.69, -0.028585
0.7, -0.425425
0.71, 1.84767
0.72, -2.85687
0.73, 1.60542
0.74, 0.316985
0.75, -1.28892
0.76, 2.35381
0.77, -2.04436
0.78, 1.05138
0.79, -0.828156
0.8, -1.12081
0.81, 3.08145
0.82, -2.3011
0.83, 1.87451
0.84, 0.422907
0.85, -3.25989
0.86, 2.28767
0.87, -2.33789
0.88, 2.27715
0.89, -1.1185
0.9, -0.268717
0.91, 1.37156
0.92, -2.61462
0.93, 0.704268
0.94, 0.473792
0.95, -2.18089
0.96, 1.407
0.97, -1.08258
0.98, 0.500344
0.99, 0.0494315
1, -0.227681
1.01, 1.36403
1.02, -2.25273
1.03, 1.21659
1.04, 1.09783
1.05, -2.32022
1.06, 3.47559
1.07, -2.11997
1.08, 0.771953
1.09, 0.593037
1.1, -1.79815
1.11, 2.78474
1.12, -2.76949
1.13, 1.70661
1.14, 0.245245
1.15, -1.46175
1.16, 3.06687
1.17, -2.76766
1.18, 0.501599
1.19, -0.0497305
1.2, -1.70632
1.21, 2.88168
1.22, -2.30448
1.23, 1.70091
1.24, 0.236748
1.25, -2.68916
1.26, 3.0326
1.27, -2.65189
1.28, 1.9281
1.29, -0.973182
1.3, -1.08548
1.31, 2.75481
1.32, -1.33816
1.33, 1.07031
1.34, -0.0967527
1.35, -1.78733
1.36, 2.32514
1.37, -1.20115
1.38, 2.04532
1.39, 0.556346
1.4, -2.71416
1.41, 2.63334
1.42, -2.20011
1.43, 1.45054
1.44, 0.638128
1.45, -1.75325
1.46, 1.84603
1.47, -1.66355
1.48, 0.745111
1.49, 0.635038
1.5, -1.5303
1.51, 1.73239
1.52, -2.51526
1.53, 1.10758
1.54, 0.632721
1.55, -0.995003
1.56, 1.53319
1.57, -1.819
1.58, 0.808837
1.59, 0.734297
1.6, -0.86784
1.61, 1.87152
1.62, -2.6346
1.63, 1.45276
1.64, 0.485861
1.65, -0.53038
1.66, 1.65456
1.67, -1.63671
1.68, 0.409389
1.69, 0.0653631
1.7, -0.422722
1.71, 2.28082
1.72, -2.40017
1.73, 0.977036
1.74, -0.303477
1.75, -1.45712
1.76, 2.22327
1.77, -1.29017
1.78, 1.4909
1.79, 0.330407
1.8, -1.6284
1.81, 1.43847
1.82, -2.08511
1.83, 1.00233
1.84, -0.224302
1.85, -2.1386
1.86, 2.50241
1.87, -1.96442
1.88, 1.44098
1.89, 0.474274
1.9, -1.90832
1.91, 1.44031
1.92, -1.52615
1.93, 1.15335
1.94, 1.49071
1.95, -1.32426
1.96, 2.44998
1.97, -3.00257
1.98, 1.22441
1.99, 1.35775
2, -1.38962
2.01, 3.16034
2.02, -2.26769
2.03, 0.210389
2.04, 0.140193
2.05, -1.90841
2.06, 4.23189
2.07, -1.68962
2.08, 0.79812
2.09, 0.779678
2.1, -2.93779
2.11, 1.87046
2.12, -2.26683
2.13, 1.70207
2.14, 0.834811
2.15, -1.57375
2.16, 2.15327
2.17, -3.31638
2.18, 0.595065
2.19, 1.46647
2.2, -2.22328
2.21, 2.37264
2.22, -1.99174
2.23, 2.03962
2.24, -1.35119
2.25, -1.09455
2.26, 2.66713
2.27, -2.19595
2.28, 1.404
2.29, 1.35534
2.3, -2.46428
2.31, 2.08307
2.32, -1.11821
2.33, 0.837707
2.34, -0.000197831
2.35, -0.592272
2.36, 1.06065
2.37, -1.56381
2.38, 0.75718
2.39, 0.914082
2.4, -2.46853
2.41, 1.71143
2.42, -0.829218
2.43, 0.473116
2.44, 0.894192
2.45, -1.30861
2.46, 1.52499
2.47, -2.2199
2.48, 1.13259
2.49, 1.58166
2.5, -2.55215
2.51, 2.58497
2.52, -2.34011
2.53, 0.0856397
2.54, 1.20307
2.55, -1.805
2.56, 3.22406
2.57, -1.68894
2.58, 0.350007
2.59, -0.133251
2.6, -2.2759
2.61, 3.21306
2.62, -1.02976
2.63, 0.708613
2.64, 0.752739
2.65, -2.5675
2.66, 2.15163
2.67, -1.74446
2.68, 0.894964
2.69, 1.72968
2.7, -2.30207
2.71, 3.06793
2.72, -2.84654
2.73, 0.751097
2.74, 0.849101
2.75, -0.981196
2.76, 1.74668
2.77, -1.04096
2.78, -0.225847
2.79, 0.719041
2.8, -2.30574
2.81, 3.66658
2.82, -0.992686
2.83, -0.124657
2.84, 1.84825
2.85, -3.30807
2.86, 2.399
2.87, -2.53187
2.88, 1.69434
2.89, 1.14968
2.9, -1.8247
2.91, 3.72325
2.92, -2.27609
2.93, 0.805555
2.94, 0.90211
2.95, -2.75221
2.96, 3.36803
2.97, -2.00101
2.98, 1.95842
2.99, 0.743952
3, -1.11908
3.01, 1.68382
3.02, -1.84778
3.03, 1.03951
3.04, 0.38496
3.05, -1.34724
3.06, 2.70035
3.07, -1.63188
3.08, 0.495999
3.09, -0.203543
3.1, -1.07669
3.11, 0.864743
3.12, 0.211451
3.13, 0.199671
3.14, 0.646528
3.15, -2.29106
3.16, 1.89807
3.17, -1.52683
3.18, 0.481226
3.19, 2.79748
3.2, -2.90882
3.21, 1.61787
3.22, -1.51514
3.23, 0.00540237
3.24, 1.3592
3.25, -1.16774
3.26, 3.01946
3.27, -2.16747
3.28, 0.602499
3.29, 0.741732
3.3, -2.02988
3.31, 2.66115
3.32, -0.19746
3.33, 0.339869
3.34, 0.371442
3.35, -2.04967
3.36, 2.9932
3.37, -2.24887
3.38, 0.742311
3.39, 1.2639
3.4, -2.1357
3.41, 1.1713
3.42, 0.114606
3.43, 0.00549892
3.44, -1.14041
3.45, -1.30041
3.46, 2.62977
3.47, -2.64117
3.48, 0.465681
3.49, 1.15981
3.5, -1.87134
3.51, -0.00183926
3.52, 0.429859
3.53, 0.0326309
3.54, 0.786147
3.55, -2.48755
3.56, 2.40885
3.57, -2.37951
3.58, -0.672123
3.59, 1.20568
3.6, -1.42844
3.61, 2.64531
3.62, -1.6173
3.63, 0.23781
3.64, -0.910131
3.65, -2.79431
3.66, 3.07151
3.67, -1.71579
3.68, 1.09638
3.69, 1.41665
3.7, -5.22517
3.71, 1.42872
3.72, -4.45485
3.73, 1.69772
3.74, 0.0470177
3.75, -0.305118
3.76, 2.87695
3.77, -4.57284
3.78, -2.52453
3.79, 1.13645
3.8, -3.10299
3.81, 1.84014
3.82, -0.652523
3.83, -0.129581
3.84, -0.562437
3.85, -1.93448
3.86, 0.89564
3.87, -2.92852
3.88, 0.822741
3.89, -0.114133
3.9, -3.48043
3.91, 1.57307
3.92, -0.0895111
3.93, -1.49033
3.94, 1.15991
3.95, -2.94184
3.96, 1.62328
3.97, -3.3633
3.98, 1.95688
3.99, 1.107
4, -2.71262
4.01, 2.93189
4.02, -1.85048
4.03, 0.558277
4.04, -0.0626688
4.05, -2.42691
4.06, 2.47789
4.07, -2.97023
4.08, 1.21601
4.09, 2.01008
4.1, -0.742319
4.11, 1.74986
4.12, -1.28901
4.13, -0.22575
4.14, 1.7209
4.15, -1.64685
4.16, 1.95446
4.17, -0.878751
4.18, -1.38016
4.19, 2.50183
4.2, -1.54739
4.21, 2.81071
4.22, -0.328485
4.23, 1.49013
4.24, 3.33192
4.25, -3.86076
4.26, 3.04785
4.27, -0.4906
4.28, 0.191754
4.29, 2.97505
4.3, -0.796969
4.31, 2.0432
4.32, -2.66174
4.33, 0.988623
4.34, 1.70747
4.35, 0.00839557
4.36, 0.937931
4.37, -0.297008
4.38, -0.458544
4.39, 0.771471
4.4, -1.19545
4.41, 0.396934
4.42, 0.424452
4.43, -0.652233
4.44, 0.42619
4.45, -1.36143
4.46, 0.78943
4.47, 0.380808
4.48, -1.71154
4.49, 4.48216
4.5, -2.91413
4.51, 1.87365
4.52, 2.64444
4.53, -0.759988
4.54, 3.6994
4.55, -4.62537
4.56, 2.28207
4.57, 1.16416
4.58, -0.136244
4.59, 4.9995
4.6, -4.90113
4.61, 4.1923
4.62, -1.00321
4.63, -0.339009
4.64, 3.50369
4.65, -1.91759
4.66, 1.90078
4.67, -0.635432
4.68, 0.433335
4.69, 3.40762
4.7, -3.74083
4.71, 5.50217
4.72, -1.46745
4.73, -0.138465
4.74, 0.46037
4.75, 3.14441
4.76, 2.71541
4.77, -7.01928
4.78, 4.28963
4.79, 6.49495
4.8, -5.84131
4.81, -0.0514684
4.82, -2.78002
4.83, 3.51537
4.84, -2.2704
4.85, -0.224398
4.86, 8.60081
4.87, -7.00893
4.88, 0.919779
4.89, 7.05759
4.9, -2.92784
4.91, 5.13537
4.92, 5.20304
4.93, 0.322972
4.94, 7.80674
4.95, 4.38696
4.96, 8.75213
4.97, -6.4357
4.98, 1.92492
4.99, 8.40133
5, 0.276625
5.01, -5.05581
5.02, -0.872861
5.03, 8.9374
5.04, 2.03103
5.05, -1.57453
5.06, 16.8258
5.07, -0.480944
5.08, 1.60136
5.09, 13.5942
5.1, 2.93565
5.11, 2.38124
5.12, -0.218895
5.13, 0.429956
5.14, 0.912924
5.15, -5.66662
5.16, 2.5532
5.17, -2.92301
5.18, -1.74031
5.19, -0.268717
5.2, 0.834618
5.21, 8.28334
5.22, -10.359
5.23, 1.04617
5.24, -1.38808
5.25, 6.81833
5.26, 3.17405
5.27, -18.0714
5.28, 0.870729
5.29, 5.27268
5.3, -13.9042
5.31, -0.476406
5.32, -5.56806
5.33, 5.93531
5.34, 2.44187
5.35, -13.089
5.36, -4.07165
5.37, -1.12835
5.38, -7.27322
5.39, -7.71138
5.4, -2.04398
5.41, -0.989789
5.42, -25.7182
5.43, -4.53975
5.44, 2.0012
5.45, -10.7155
5.46, 3.03453
5.47, 4.20188
5.48, -5.03894
5.49, -6.65758
5.5, -0.933691
5.51, -0.143872
5.52, -10.1039
5.53, -2.64088
5.54, 1.47468
5.55, -8.65133
5.56, -0.647212
5.57, -17.4504
5.58, -16.1484
5.59, -10.4899
5.6, -27.7065
5.61, -1.98411
5.62, -12
5.63, -5.00966
5.64, -14.4442
5.65, -11.8996
5.66, -0.469647
5.67, -9.42292
5.68, -2.26055
5.69, -0.988051
5.7, 0.761332
5.71, 4.03318
5.72, 2.42333
5.73, -4.64043
5.74, 9.27121
5.75, 4.97625
5.76, -9.74858
5.77, 0.429087
5.78, 7.17037
5.79, 7.59915
5.8, 9.07528
5.81, 7.89017
5.82, 6.76155
5.83, 11.9525
5.84, 17.1744
5.85, 11.2487
5.86, 20.0149
5.87, 5.88619
5.88, 6.0674
5.89, 13.1605
5.9, 2.18629
5.91, 7.12043
5.92, 3.86915
5.93, 4.08262
5.94, 10.8169
5.95, 10.0233
5.96, 6.86718
5.97, 3.37073
5.98, 12.2356
5.99, 26.2871
6, 29.2858
6.01, 15.5608
6.02, 9.66477
6.03, 4.49935
6.04, -0.570837
6.05, -17.2832
6.06, -9.83386
6.07, -14.5748
6.08, 3.53111
6.09, 3.56519
6.1, -8.20911
6.11, 26.3363
6.12, 21.309
6.13, 22.5427
6.14, 24.7486
6.15, 12.7906
6.16, 12.643
6.17, 13.9497
6.18, 14.6233
6.19, 3.1222
6.2, -7.37885
6.21, -3.11641
6.22, -2.11871
6.23, -6.49062
6.24, -9.60568
6.25, -15.7555
6.26, -2.18968
6.27, -24.0009
6.28, -25.5496
6.29, -4.30732
6.3, -18.462
6.31, -24.3097
6.32, -22.3679
6.33, -19.3736
6.34, -16.4539
6.35, -13.7927
6.36, -2.5478
6.37, -4.9951
6.38, -3.45271
6.39, -10.5523
6.4, -40.2916
6.41, -36.4782
6.42, -29.2888
6.43, -17.7001
6.44, -13.6916
6.45, -4.26252
6.46, -12.8661
6.47, -23.9243
6.48, -19.799
6.49, -28.9454
6.5, -32.7375
6.51, -40.4268
6.52, -61.8412
6.53, -55.0564
6.54, -47.8148
6.55, -48.1381
6.56, -43.2485
6.57, -37.5678
6.58, -20.8937
6.59, -4.59274
6.6, 4.10502
6.61, 26.6936
6.62, 31.811
6.63, 43.5988
6.64, 64.6702
6.65, 61.9439
6.66, 76.421
6.67, 71.4801
6.68, 57.6422
6.69, 38.7746
6.7, 20.4793
6.71, 16.0578
6.72, 2.66694
6.73, -12.7717
6.74, -10.6297
6.75, -16.819
6.76, -9.93775
6.77, -5.17643
6.78, 7.35421
6.79, 20.8834
6.8, 29.744
6.81, 40.886
6.82, 32.0129
6.83, 56.1039
6.84, 44.7977
6.85, 10.787
6.86, 70.428
6.87, 121.808
6.88, 88.0976
6.89, 76.4928
6.9, 70.0611
6.91, 49.5451
6.92, 32.8453
6.93, 16.1993
6.94, 18.8658
6.95, 15.7449
6.96, -0.311491
6.97, -10.8286
6.98, -11.2755
6.99, -19.8952
7, -35.8128
7.01, -37.4859
7.02, -34.6947
7.03, -37.8414
7.04, -25.0987
7.05, -39.5736
7.06, -32.6602
7.07, -18.0434
7.08, -35.0533
7.09, -34.9353
7.1, -31.0626
7.11, -30.7274
7.12, -38.7429
7.13, -31.9421
7.14, -19.6359
7.15, -36.2567
7.16, -27.3671
7.17, -33.194
7.18, -8.28017
7.19, -16.4544
7.2, -12.7485
7.21, -6.7434
7.22, -27.9839
7.23, -41.1629
7.24, -39.2079
7.25, -24.2305
7.26, -20.4129
7.27, -15.6585
7.28, -12.7788
7.29, -10.965
7.3, -24.3104
7.31, -18.3891
7.32, -19.6448
7.33, -10.6193
7.34, -0.195432
7.35, 2.90553
7.36, 17.4589
7.37, 14.18
7.38, 20.7176
7.39, 32.0342
7.4, 44.5165
7.41, 29.4123
7.42, 28.6577
7.43, 33.7715
7.44, 18.9371
7.45, 6.76395
7.46, 2.22646
7.47, -2.57609
7.48, -12.6311
7.49, -25.8122
7.5, -33.2213
7.51, -42.9577
7.52, -62.4653
7.53, -67.2795
7.54, -63.5637
7.55, -67.1092
7.56, -44.8641
7.57, -28.7002
7.58, -11.8035
7.59, 33.279
7.6, 34.1054
7.61, 41.9906
7.62, 75.8355
7.63, 73.7143
7.64, 64.065
7.65, 80.6478
7.66, 85.6624
7.67, 51.9593
7.68, 32.4064
7.69, 28.7355
7.7, 61.9404
7.71, 127.57
7.72, 95.8119
7.73, 83.7174
7.74, 109.97
7.75, 98.0311
7.76, 79.3408
7.77, 66.1773
7.78, 68.6494
7.79, 55.9679
7.8, 22.2655
7.81, 15.8849
7.82, 3.4389
7.83, -15.4356
7.84, -21.3969
7.85, -41.2556
7.86, -47.4865
7.87, -54.2133
7.88, -55.3604
7.89, -43.3679
7.9, -34.8894
7.91, -33.9705
7.92, -31.2104
7.93, -18.1417
7.94, -10.5136
7.95, -17.4924
7.96, 9.76121
7.97, 17.2434
7.98, -1.61131
7.99, -22.5242
8, -57.4587
8.01, -70.2971
8.02, -55.4145
8.03, -58.977
8.04, -72.327
8.05, -56.3186
8.06, -44.5663
8.07, -70.8833
8.08, -68.8186
8.09, -38.3408
8.1, -11.416
8.11, -28.2303
8.12, -115.104
8.13, -123.519
8.14, -62.0188
8.15, -72.2637
8.16, -71.7558
8.17, -38.4027
8.18, -8.61734
8.19, -15.9337
8.2, -8.07451
8.21, 4.22899
8.22, -7.82636
8.23, 9.832
8.24, 13.9386
8.25, 7.78434
8.26, 19.9558
8.27, 3.56635
8.28, -2.0602
8.29, 5.91226
8.3, 6.04751
8.31, 1.43548
8.32, 6.55655
8.33, -6.43473
8.34, -22.0736
8.35, -20.8527
8.36, -13.2575
8.37, -16.7831
8.38, -6.61325
8.39, -6.12236
8.4, 2.89539
8.41, 1.48318
8.42, 6.57501
8.43, 22.7772
8.44, 37.2788
8.45, 20.8786
8.46, 29.4976
8.47, 39.8498
8.48, 23.2039
8.49, 29.2666
8.5, 29.088
8.51, 39.0395
8.52, 35.7674
8.53, 30.9158
8.54, 36.2111
8.55, 35.0921
8.56, 30.6153
8.57, 17.3242
8.58, 12.4808
8.59, 17.6312
8.6, 11.7838
8.61, 12.5348
8.62, 19.8347
8.63, 34.98
8.64, 29.2818
8.65, 16.8928
8.66, 12.1484
8.67, -11.49
8.68, 28.6535
8.69, 74.5698
8.7, 61.6612
8.71, 51.5245
8.72, 39.7281
8.73, 21.0902
8.74, 15.1316
8.75, 2.81979
8.76, 9.04933
8.77, 0.930304
8.78, 3.40819
8.79, -9.69393
8.8, -11.1287
8.81, -14.4244
8.82, -27.5035
8.83, -34.3459
8.84, -31.614
8.85, -36.2583
8.86, -36.0887
8.87, -20.584
8.88, -20.8471
8.89, -19.2619
8.9, -31.3551
8.91, -17.3372
8.92, -12.7887
8.93, -38.9333
8.94, -95.1998
8.95, -131.821
8.96, -128.96
8.97, -113.52
8.98, -88.5881
8.99, -71.1259
9, -62.2301
9.01, -25.6278
9.02, 3.75541
9.03, 20.1128
9.04, 43.7386
9.05, 81.5013
9.06, 89.3165
9.07, 66.8176
9.08, 77.602
9.09, 52.3645
9.1, 33.1941
9.11, 28.2434
9.12, 2.3458
9.13, 12.9286
9.14, 14.137
9.15, 2.29424
9.16, 22.6393
9.17, 24.6513
9.18, 27.7545
9.19, 16.0413
9.2, 19.1345
9.21, 26.519
9.22, 19.7288
9.23, 27.6814
9.24, 51.779
9.25, 78.7294
9.26, 82.736
9.27, 68.2061
9.28, 46.6662
9.29, 39.4292
9.3, 10.894
9.31, 26.818
9.32, 25.7012
9.33, 26.2852
9.34, 23.7457
9.35, 26.1777
9.36, 23.5417
9.37, 23.8753
9.38, 18.6562
9.39, 29.3829
9.4, 32.7324
9.41, 28.1949
9.42, 22.5309
9.43, 33.6632
9.44, 42.8032
9.45, 32.9755
9.46, 41.9694
9.47, 48.8078
9.48, 32.6958
9.49, 19.3208
9.5, 19.8702
9.51, 23.2211
9.52, -8.00557
9.53, -27.9339
9.54, -29.7098
9.55, -37.1849
9.56, -44.552
9.57, -27.0759
9.58, -22.7288
9.59, -28.8587
9.6, -43.6232
9.61, -34.1084
9.62, -45.7899
9.63, -61.5689
9.64, -52.9481
9.65, -48.461
9.66, -61.2653
9.67, -66.4843
9.68, -55.4036
9.69, -59.5598
9.7, -66.2456
9.71, -58.3119
9.72, -54.0299
9.73, -47.1015
9.74, -30.2105
9.75, -10.3245
9.76, 9.36719
9.77, -41.1201
9.78, -78.7808
9.79, -45.8795
9.8, -23.1724
9.81, -18.5729
9.82, -6.91932
9.83, 13.3154
9.84, 26.2296
9.85, 11.2072
9.86, 13.9746
9.87, 28.1187
9.88, 9.68995
9.89, 1.23629
9.9, -2.7215
9.91, -5.58061
9.92, -13.3162
9.93, -17.5174
9.94, -3.49288
9.95, -5.73432
9.96, -5.0735
9.97, -0.53376
9.98, 2.75944
9.99, -12.6251
10, -18.6274
10.01, -14.7738
10.02, -25.1687
10.03, -35.948
10.04, -40.5218
10.05, -44.9664
10.06, -48.1705
10.07, -38.6765
10.08, -28.6414
10.09, -1.51041
10.1, 13.6101
10.11, 45.7462
10.12, 56.3572
10.13, 66.3271
10.14, 84.201
10.15, 79.9128
10.16, 61.4345
10.17, 61.1811
10.18, 36.1837
10.19, 2.67274
10.2, -0.120505
10.21, -16.0982
10.22, -13.3192
10.23, -7.06667
10.24, 1.41047
10.25, -13.8566
10.26, 2.69987
10.27, -0.333216
10.28, -3.24773
10.29, -1.68209
10.3, -1.49342
10.31, -7.63538
10.32, -19.6214
10.33, -18.211
10.34, -23.4201
10.35, -28.3151
10.36, -27.9077
10.37, -29.1895
10.38, -25.0588
10.39, -13.3678
10.4, -23.8963
10.41, -13.8261
10.42, -12.6221
10.43, -20.1878
10.44, -14.526
10.45, -19.4009
10.46, -15.4124
10.47, -28.4014
10.48, -30.7286
10.49, -21.7944
10.5, -22.9084
10.51, -13.3544
10.52, 0.25268
10.53, 9.71961
10.54, 21.6718
10.55, 32.4109
10.56, 51.9875
10.57, 49.9305
10.58, 52.5479
10.59, 58.4355
10.6, 38.817
10.61, 43.4053
10.62, 43.8842
10.63, 33.1008
10.64, 34.6594
10.65, 12.7191
10.66, 1.79003
10.67, -3.10743
10.68, 12.9649
10.69, 48.7916
10.7, 56.3622
10.71, 51.3553
10.72, 54.5327
10.73, 50.5659
10.74, 45.3519
10.75, 43.9893
10.76, 45.8965
10.77, 55.83
10.78, 51.4912
10.79, 59.5725
10.8, 44.4041
10.81, 40.428
10.82, 29.3659
10.83, 13.4625
10.84, 7.02812
10.85, -3.02044
10.86, -5.88456
10.87, -9.99537
10.88, -16.6407
10.89, -13.594
10.9, -17.3267
10.91, -16.8543
10.92, -15.9101
10.93, -13.8792
10.94, -10.8597
10.95, -12.4426
10.96, -16.7415
10.97, -35.2093
10.98, -60.0506
10.99, -69.8861
11, -81.8999
11.01, -61.3101
11.02, -62.9094
11.03, -51.6353
11.04, -33.2788
11.05, -40.932
11.06, -29.1742
11.07, -11.6174
11.08, -28.1332
11.09, -74.9889
11.1, -90.3971
11.11, -58.5336
11.12, -40.9455
11.13, -37.1414
11.14, -24.2319
11.15, -5.41511
11.16, 8.53747
11.17, 3.07585
11.18, 4.33397
11.19, 11.9549
11.2, 16.9406
11.21, 19.6148
11.22, 7.23243
11.23, 7.17983
11.24, 2.16785
11.25, -7.73676
11.26, 8.36406
11.27, 22.4704
11.28, 23.3477
11.29, 34.9561
11.3, 25.5302
11.31, 23.1346
11.32, 14.2833
11.33, 2.11011
11.34, 5.50989
11.35, 2.11909
11.36, 3.16748
11.37, -0.140299
11.38, 5.24892
11.39, 6.89681
11.4, 7.31914
11.41, 11.2745
11.42, 14.0262
11.43, 10.8445
11.44, 18.3324
11.45, 12.806
11.46, 9.90855
11.47, 10.2095
11.48, 10.1688
11.49, 17.4573
11.5, 15.4878
11.51, 12.5
11.52, 19.5815
11.53, 18.6665
11.54, 8.02314
11.55, -4.33775
11.56, -14.8931
11.57, -16.2857
11.58, -2.49161
11.59, 22.5578
11.6, 26.2779
11.61, 28.8949
11.62, 18.4194
11.63, 5.31118
11.64, -0.521015
11.65, -6.79199
11.66, -3.79713
11.67, -3.09546
11.68, -0.360155
11.69, 9.65712
11.7, 9.3359
11.71, 8.52697
11.72, 4.10166
11.73, 3.49114
11.74, 7.52917
11.75, -0.119926
11.76, -2.72102
11.77, -2.76601
11.78, 4.32574
11.79, 5.81945
11.8, -5.09571
11.81, -9.73931
11.82, 5.65646
11.83, -2.57039
11.84, -10.0422
11.85, -11.7422
11.86, -4.84687
11.87, -6.85166
11.88, -13.8052
11.89, -1.87201
11.9, -4.58347
11.91, -3.09585
11.92, 1.36297
11.93, 2.49324
11.94, 6.8836
11.95, 8.15252
11.96, 9.44489
11.97, 9.6017
11.98, 5.91117
11.99, 6.62665
12, 6.026
12.01, 3.30536
12.02, 3.83864
12.03, 1.66229
12.04, -16.8635
12.05, -36.804
12.06, -33.3601
12.07, -33.8639
12.08, -26.9385
12.09, -5.48463
12.1, -2.56798
12.11, -2.62495
12.12, -15.357
12.13, -36.2643
12.14, -43.0438
12.15, -36.5835
12.16, -32.3303
12.17, -21.1976
12.18, -17.4858
12.19, -14.037
12.2, -9.66682
12.21, -11.6837
12.22, -11.456
12.23, -10.748
12.24, 0.111999
12.25, -11.3455
12.26, -4.96884
12.27, -1.89943
12.28, -11.4848
12.29, -3.75049
12.3, -4.77225
12.31, -4.55848
12.32, -0.0281022
12.33, -4.73293
12.34, -0.69549
12.35, -2.86691
12.36, -0.325588
12.37, -3.27698
12.38, -6.60931
12.39, -2.81198
12.4, -7.88661
12.41, 1.75488
12.42, 4.47822
12.43, -2.62379
12.44, 4.95289
12.45, 3.06542
12.46, 6.79284
12.47, 8.77666
12.48, 9.97479
12.49, 18.7673
12.5, 18.1995
12.51, 17.7829
12.52, 25.1736
12.53, 20.5715
12.54, 23.5894
12.55, 21.8481
12.56, 21.8205
12.57, 18.134
12.58, 4.70802
12.59, 3.23266
12.6, -0.194756
12.61, -4.67654
12.62, -8.07625
12.63, -2.3711
12.64, 4.74394
12.65, -3.60025
12.66, -2.48485
12.67, 7.66596
12.68, -2.83582
12.69, 11.8767
12.7, 12.9353
12.71, 8.27225
12.72, 19.5303
12.73, 9.23298
12.74, 3.46806
12.75, 2.26218
12.76, 2.34454
12.77, 5.53538
12.78, 34.2467
12.79, 48.8819
12.8, 30.2011
12.81, 26.9188
12.82, 23.6228
12.83, 7.25823
12.84, 7.52866
12.85, 2.203
12.86, 5.63572
12.87, 12.5661
12.88, 11.7834
12.89, 18.4528
12.9, 15.8821
12.91, 17.6223
12.92, 25.2293
12.93, 15.7623
12.94, 13.6452
12.95, 10.6945
12.96, 12.7427
12.97, 16.5133
12.98, 8.60884
12.99, 11.7206
13, 6.99336
13.01, 2.37757
13.02, 5.00831
13.03, 2.3625
13.04, 6.81949
13.05, -8.37317
13.06, -21.6314
13.07, -22.1848
13.08, -31.7771
13.09, -29.885
13.1, -26.3866
13.11, -25.7231
13.12, -27.7301
13.13, -32.9237
13.14, -22.8955
13.15, -28.2848
13.16, -29.6589
13.17, -19.5326
13.18, -17.6325
13.19, -17.7613
13.2, -18.3626
13.21, -10.2393
13.22, -11.3072
13.23, -16.6682
13.24, 1.42553
13.25, -0.791079
13.26, -9.99993
13.27, -8.61224
13.28, -25.969
13.29, -21.5459
13.3, -19.7936
13.31, -7.81053
13.32, 3.82502
13.33, -1.87665
13.34, 1.70815
13.35, 0.46066
13.36, 10.5734
13.37, 11.6
13.38, -2.16564
13.39, -8.72703
13.4, -12.0723
13.41, -7.16353
13.42, -6.91971
13.43, -7.22598
13.44, -3.60276
13.45, -5.51901
13.46, -1.51679
13.47, -0.569292
13.48, -2.49952
13.49, 8.07768
13.5, 9.55759
13.51, 13.7198
13.52, 16.5809
13.53, 17.3437
13.54, 21.8498
13.55, 20.8251
13.56, 20.0387
13.57, 24.0086
13.58, 14.0329
13.59, 10.5097
13.6, -3.66996
13.61, -5.24178
13.62, -5.67164
13.63, -4.94335
13.64, 8.43813
13.65, 1.23783
13.66, 10.2472
13.67, 10.5645
13.68, 1.16541
13.69, 8.51101
13.7, 2.72584
13.71, -1.58515
13.72, 3.51634
13.73, 0.618045
13.74, 5.81203
13.75, 4.99576
13.76, 6.17825
13.77, 9.80678
13.78, 2.26102
13.79, 7.01433
13.8, 1.94983
13.81, 6.77932
13.82, 7.94134
13.83, 0.902978
13.84, 6.09069
13.85, 1.67938
13.86, 2.72246
13.87, 5.47803
13.88, 5.18906
13.89, 9.6078
13.9, 6.62947
13.91, 10.1974
13.92, 13.3843
13.93, 13.2766
13.94, 16.341
13.95, 11.6672
13.96, 12.0482
13.97, 14.1049
13.98, 5.79434
13.99, 8.49665
14, -2.66174
14.01, -5.2249
14.02, -6.80288
14.03, -16.0131
14.04, -8.35888
14.05, -10.2607
14.06, -12.3935
14.07, -11.1185
14.08, -15.1222
14.09, -7.25167
14.1, -12.2437
14.11, -10.4431
14.12, -9.82795
14.13, -18.2655
14.14, -10.442
14.15, -13.0874
14.16, -13.4508
14.17, -9.86205
14.18, -14.7512
14.19, -6.71308
14.2, -7.94686
14.21, -8.15766
14.22, -1.16368
14.23, -5.08509
14.24, -2.47577
14.25, -2.59704
14.26, -2.45105
14.27, -1.37234
14.28, -7.99031
14.29, -3.09459
14.3, -13.5887
14.31, -27.4308
14.32, -28.3198
14.33, -26.5406
14.34, -12.3723
14.35, -12.6271
14.36, -5.55048
14.37, 2.43058
14.38, 4.23896
14.39, 5.73846
14.4, 4.16353
14.41, 10.7336
14.42, 5.95887
14.43, 1.04298
14.44, 10.1743
14.45, 7.02032
14.46, 13.0898
14.47, 14.9612
14.48, 5.25576
14.49, 8.15009
14.5, 7.65438
14.51, 12.1385
14.52, 7.10614
14.53, -5.06585
14.54, -0.24651
14.55, -3.24522
14.56, -1.2839
14.57, 1.36171
14.58, -5.98255
14.59, -3.69005
14.6, -5.22664
14.61, -7.18389
14.62, -5.76491
14.63, -4.0584
14.64, 1.84284
14.65, -1.55377
14.66, 0.214347
14.67, -0.477082
14.68, -5.58949
14.69, 0.151297
14.7, -1.61769
14.71, 0.360242
14.72, -0.472641
14.73, -3.63009
14.74, -4.07153
14.75, -7.83189
14.76, -4.89642
14.77, -9.25028
14.78, -10.9722
14.79, -7.71254
14.8, -9.73892
14.81, -7.06068
14.82, -5.48618
14.83, -9.84533
14.84, -1.99512
14.85, -2.7495
14.86, 2.23708
14.87, 1.44388
14.88, 0.479585
14.89, 6.04859
14.9, 1.7683
14.91, 1.70583
14.92, -0.101098
14.93, -4.759
14.94, -1.91566
14.95, -8.36371
14.96, -12.0313
14.97, -5.0002
14.98, -7.18516
14.99, -6.52538
15, -6.28932
15.01, -3.75474
15.02, 1.79872
15.03, 0.104564
15.04, 2.50782
15.05, 2.11243
15.06, 2.90273
15.07, 0.15149
15.08, -2.15521
15.09, -0.0391094
15.1, -1.99937
15.11, -0.387286
15.12, 1.02309
15.13, 0.111034
15.14, 7.51862
15.15, 3.8926
15.16, 4.42203
15.17, 10.9977
15.18, 6.57713
15.19, 11.3495
15.2, 11.19
15.21, 11.2307
15.22, 13.7232
15.23, 7.41658
15.24, 13.2858
15.25, 11.793
15.26, 9.7083
15.27, 10.673
15.28, 10.539
15.29, 10.4944
15.3, 7.81767
15.31, 5.49888
15.32, 7.90283
15.33, 5.6665
15.34, 6.05234
15.35, 3.17386
15.36, 2.62581
15.37, 11.7205
15.38, 13.1551
15.39, 23.6029
15.4, 22.8329
15.41, 13.0439
15.42, 12.3728
15.43, 6.19709
15.44, 8.57775
15.45, 2.7018
15.46, 2.91818
15.47, 5.65001
15.48, 1.55888
15.49, 6.41345
15.5, 3.37102
15.51, 2.89752
15.52, 8.0131
15.53, 2.19353
15.54, 6.23985
15.55, 0.500827
15.56, 0.247273
15.57, 3.11573
15.58, -1.22635
15.59, 1.8889
15.6, -2.28681
15.61, -2.24703
15.62, -1.11985
15.63, -6.65901
15.64, -4.01321
15.65, -8.1085
15.66, -9.09934
15.67, -6.75955
15.68, -13.2475
15.69, -11.0815
15.7, -8.40542
15.71, -11.8006
15.72, -8.80979
15.73, -8.99391
15.74, -4.01012
15.75, -6.44593
15.76, -3.62024
15.77, -1.11193
15.78, -0.975885
15.79, 2.50309
15.8, 0.288212
15.81, 7.22297
15.82, 5.31709
15.83, 5.7787
15.84, 14.6583
15.85, 12.6138
15.86, 8.85069
15.87, 12.687
15.88, 12.1103
15.89, 14.2304
15.9, 10.3013
15.91, 10.0162
15.92, 14.4556
15.93, 6.81763
15.94, 11.9077
15.95, 11.5768
15.96, 9.69451
15.97, 10.1226
15.98, 0.383608
15.99, 8.12839
16, 2.15926
16.01, -5.50344
16.02, -3.95161
16.03, -9.55392
16.04, -8.74788
16.05, -18.1991
16.06, -20.0347
16.07, -22.9511
16.08, -27.1014
16.09, -22.6319
16.1, -18.2981
16.11, -16.1209
16.12, -12.8502
16.13, -10.9676
16.14, -1.86052
16.15, -3.59011
16.16, -4.0618
16.17, 3.86529
16.18, 5.84359
16.19, 7.37881
16.2, 2.67167
16.21, 5.31562
16.22, 7.75711
16.23, -3.76594
16.24, -0.269779
16.25, -3.05607
16.26, -4.70022
16.27, 0.499861
16.28, -5.78133
16.29, -1.73944
16.3, -6.53206
16.31, -9.35869
16.32, -5.27017
16.33, -6.77963
16.34, -3.30218
16.35, -2.30545
16.36, -5.16338
16.37, -2.35025
16.38, -6.45405
16.39, 1.93892
16.4, -1.11753
16.41, -1.45827
16.42, 4.00085
16.43, -3.52841
16.44, -0.550947
16.45, -5.57509
16.46, -14.2263
16.47, -17.0311
16.48, -26.5184
16.49, -25.1953
16.5, -23.2929
16.51, -15.9042
16.52, -10.4865
16.53, -14.4778
16.54, -7.92755
16.55, -10.4345
16.56, -10.779
16.57, -6.38704
16.58, -11.8973
16.59, -3.12298
16.6, -5.22942
16.61, -4.23915
16.62, -0.264179
16.63, -6.98954
16.64, 0.638997
16.65, -3.62642
16.66, -1.28448
16.67, 2.98731
16.68, -0.618825
16.69, 6.01267
16.7, 3.64041
16.71, 1.30204
16.72, 8.02121
16.73, 3.70867
16.74, 4.92585
16.75, 7.45007
16.76, 5.29855
16.77, 9.14202
16.78, 4.26221
16.79, 8.56817
16.8, 7.47799
16.81, 8.035
16.82, 9.51017
16.83, 4.57292
16.84, 7.68122
16.85, 11.4997
16.86, 6.25916
16.87, 1.65978
16.88, 0.89873
16.89, 5.82941
16.9, 2.10692
16.91, 1.48878
16.92, 5.56493
16.93, 0.656377
16.94, 7.57192
16.95, 4.8291
16.96, 6.27557
16.97, 9.95984
16.98, 4.29002
16.99, 4.77549
17, 1.03198
17.01, 1.5638
17.02, 3.72963
17.03, -4.98023
17.04, -2.75539
17.05, -4.69694
17.06, -8.57524
17.07, -6.14283
17.08, -9.64874
17.09, -4.30732
17.1, -6.84838
17.11, -7.52781
17.12, -3.56327
17.13, -2.27281
17.14, 3.44073
17.15, 1.62666
17.16, 2.59771
17.17, 8.57725
17.18, 7.70528
17.19, 9.98077
17.2, 12.7258
17.21, 12.091
17.22, 14.4724
17.23, 8.71938
17.24, 6.72204
17.25, 4.06072
17.26, 6.05562
17.27, 24.0519
17.28, 23.8941
17.29, 19.0484
17.3, 10.151
17.31, 0.15458
17.32, 1.59547
17.33, -10.2168
17.34, -6.78453
17.35, -3.03202
17.36, 0.637452
17.37, 3.64099
17.38, -0.602411
17.39, 6.95049
17.4, 3.62766
17.41, 4.06593
17.42, 9.0669
17.43, 2.25031
17.44, 6.70806
17.45, 5.1458
17.46, 3.91028
17.47, 7.73715
17.48, -0.457675
17.49, 8.00943
17.5, 11.4212
17.51, 5.25993
17.52, 8.86634
17.53, 5.24861
17.54, 8.45165
17.55, 4.64206
17.56, 3.17511
17.57, 9.71942
17.58, 2.441
17.59, 3.97459
17.6, 1.92183
17.61, -0.28967
17.62, 2.66028
17.63, -0.82439
17.64, 1.50635
17.65, 1.32937
17.66, 0.679164
17.67, 3.21576
17.68, -2.19933
17.69, 0.292267
17.7, -2.96415
17.71, -4.04836
17.72, -1.73548
17.73, -10.1744
17.74, -7.0404
17.75, -8.17879
17.76, -10.8315
17.77, -7.2288
17.78, -10.6044
17.79, -10.2303
17.8, -10.1857
17.81, -17.6299
17.82, -12.2155
17.83, -14.2708
17.84, -12.0785
17.85, -12.7427
17.86, -13.5304
17.87, -6.66454
17.88, -11.2572
17.89, -6.05091
17.9, -4.43342
17.91, -6.38306
17.92, -1.87674
17.93, -7.6212
17.94, -1.44872
17.95, -3.78428
17.96, -5.11425
17.97, -2.60969
17.98, -7.87908
17.99, -4.3247
18, -6.43694
18.01, -14.6465
18.02, -10.9864
18.03, -18.0992
18.04, -17.6186
18.05, -16.9983
18.06, -19.6001
18.07, -17.8905
18.08, -21.3132
18.09, -17.8707
18.1, -16.8483
18.11, -18.9666
18.12, -10.4454
18.13, -12.4436
18.14, -9.38379
18.15, -4.79531
18.16, -5.56168
18.17, 1.61932
18.18, 0.587051
18.19, 6.86467
18.2, 7.06501
18.21, 6.67407
18.22, 12.5444
18.23, 4.08184
18.24, 7.15075
18.25, 5.69856
18.26, 0.158152
18.27, 3.56761
18.28, -0.418184
18.29, 0.779581
18.3, 0.097709
18.31, 0.895158
18.32, 1.27578
18.33, -0.310043
18.34, 5.00387
18.35, 4.78333
18.36, 5.23819
18.37, 13.6116
18.38, 7.96791
18.39, 12.0769
18.4, 16.6044
18.41, 13.2099
18.42, 18.7493
18.43, 14.7084
18.44, 17.5087
18.45, 14.0656
18.46, 10.195
18.47, 12.3253
18.48, 10.1378
18.49, 11.5522
18.5, 7.78175
18.51, 6.59471
18.52, 10.2494
18.53, 3.60304
18.54, 4.45841
18.55, 4.33204
18.56, 5.77882
18.57, 17.6623
18.58, 31.4538
18.59, 35.5859
18.6, 25.7791
18.61, 17.7787
18.62, 20.2432
18.63, 14.6533
18.64, 7.52936
18.65, 10.1196
18.66, 5.91187
18.67, 7.85174
18.68, -3.56008
18.69, -4.17658
18.7, -5.04724
18.71, -8.71486
18.72, -6.74417
18.73, -10.6489
18.74, -6.16871
18.75, -7.59417
18.76, -7.78233
18.77, 1.97368
18.78, -2.99591
18.79, -0.251917
18.8, -0.158741
18.81, -0.947788
18.82, 2.77711
18.83, -2.89134
18.84, -2.36203
18.85, -3.46507
18.86, -5.34046
18.87, -5.29461
18.88, -7.99159
18.89, -9.30918
18.9, -8.00229
18.91, -9.46811
18.92, -4.90859
18.93, -8.02055
18.94, -7.01001
18.95, -6.72923
18.96, -7.27445
18.97, -6.10228
18.98, -8.81848
18.99, -5.67388
19, -2.01627
19.01, -7.3943
19.02, -3.13061
19.03, -4.83733
19.04, -2.89492
19.05, -3.55825
19.06, -5.36209
19.07, -1.0959
19.08, -3.08658
19.09, -4.25066
19.1, -2.10394
19.11, -4.7541
19.12, 1.34124
19.13, -1.16938
19.14, -0.942477
19.15, 1.87297
19.16, -2.79208
19.17, 2.1048
19.18, -0.585127
19.19, 1.90561
19.2, 5.03059
19.21, 2.27908
19.22, 12.4071
19.23, 8.71996
19.24, 14.8191
19.25, 10.8685
19.26, 3.69545
19.27, 3.92303
19.28, -4.11614
19.29, -5.42207
19.3, -10.4317
19.31, -11.186
19.32, -5.68207
19.33, -6.48405
19.34, -5.20026
19.35, -2.78591
19.36, -4.76982
19.37, 0.0391967
19.38, -2.8112
19.39, -0.779975
19.4, 1.36567
19.41, -6.1161
19.42, 0.518207
19.43, -6.61209
19.44, -4.83945
19.45, -7.18709
19.46, -13.0348
19.47, -9.07849
19.48, -15.992
19.49, -7.85069
19.5, -1.20318
19.51, -3.70463
19.52, 2.98268
19.53, -0.920849
19.54, 2.09958
19.55, 3.47993
19.56, 0.899309
19.57, 5.12155
19.58, 2.14294
19.59, 2.26672
19.6, 2.17944
19.61, 0.150621
19.62, 0.190981
19.63, -0.493207
19.64, 0.972595
19.65, 2.5784
19.66, -0.73527
19.67, 0.661301
19.68, -2.94744
19.69, -3.62651
19.7, -0.160382
19.71, -4.63591
19.72, 3.32062
19.73, -1.8162
19.74, -0.635046
19.75, 4.27302
19.76, 2.04146
19.77, 7.90832
19.78, 5.66515
19.79, 9.6857
19.8, 8.68918
19.81, 6.43894
19.82, 6.16311
19.83, 0.138552
19.84, 2.94917
19.85, 1.51089
19.86, -3.23286
19.87, 4.80639
19.88, 0.499379
19.89, 3.60584
19.9, 4.08215
19.91, -1.84816
19.92, 0.280198
19.93, -5.51843
19.94, -3.82329
19.95, -2.7467
19.96, -3.69748
19.97, -0.946629
19.98, -5.57142
19.99, -13.3006
20, -14.2055
20.01, -19.1091
20.02, -9.07443
20.03, -6.09312
20.04, -2.77837
20.05, 2.02891
20.06, 1.43548
20.07, 2.53379
20.08, -1.14959
20.09, -1.49719
20.1, -3.64524
20.11, -9.26476
20.12, -3.27892
20.13, -6.3091
20.14, -5.79581
20.15, -0.0975252
20.16, -1.75875
20.17, 4.84397
20.18, 3.09207
20.19, 4.32277
20.2, 9.83567
20.21, 6.146
20.22, 10.7599
20.23, 3.57243
20.24, 4.61154
20.25, 8.12993
20.26, 1.13828
20.27, 5.04442
20.28, -0.405245
20.29, 2.76707
20.3, 2.63585
20.31, -0.221985
20.32, 3.35605
20.33, 1.38286
20.34, 2.40827
20.35, 4.38649
20.36, 1.26554
20.37, 4.64623
20.38, 1.5806
20.39, 3.43407
20.4, 3.83951
20.41, -0.0772486
20.42, 5.1319
20.43, 0.680709
20.44, 0.157863
20.45, 4.45184
20.46, -1.19854
20.47, 4.20949
20.48, -1.2166
20.49, 1.84593
20.5, 6.5328
20.51, 4.66446
20.52, 11.4099
20.53, 9.41709
20.54, 10.4245
20.55, 10.2142
20.56, 3.17511
20.57, 7.74545
20.58, 1.83811
20.59, 2.22974
20.6, 4.63897
20.61, 1.69386
20.62, 5.05338
20.63, -0.000197831
20.64, -0.213874
20.65, 1.69531
20.66, -0.994327
20.67, 3.04795
20.68, -0.25462
20.69, 1.31865
20.7, 3.18284
20.71, -1.79979
20.72, 0.121365
20.73, -1.43819
20.74, -3.00431
20.75, 1.17594
20.76, -5.96633
20.77, 0.86117
20.78, -3.67595
20.79, -5.25124
20.8, -2.26528
20.81, -7.00313
20.82, 1.95958
20.83, -5.2076
20.84, -1.81543
20.85, 0.195423
20.86, -7.11475
20.87, -3.12423
20.88, -6.88063
20.89, -1.96075
20.9, -3.60199
20.91, -6.48166
20.92, -1.68354
20.93, -2.31655
20.94, -3.50234
20.95, -1.01248
20.96, -4.08408
20.97, -0.532698
20.98, -2.38723
20.99, -1.0454
21, 0.219465
21.01, -5.26294
21.02, 0.531725
21.03, -1.31682
21.04, -1.14051
21.05, 1.74446
21.06, -2.9767
21.07, 0.0591836
21.08, -1.56796
21.09, -1.64308
21.1, 2.58574
21.11, -2.74062
21.12, 2.91866
21.13, -2.66106
21.14, -0.0389163
21.15, 0.663522
21.16, -4.72656
21.17, 0.362849
21.18, -3.29214
21.19, -3.66069
21.2, -1.46774
21.21, -2.99977
21.22, -0.437495
21.23, -3.0298
21.24, -1.44389
21.25, -1.00089
21.26, -5.89854
21.27, 0.0893087
21.28, -0.664978
21.29, -1.27337
21.3, 2.24867
21.31, -2.99755
21.32, 1.29963
21.33, -1.77604
21.34, -1.77575
21.35, 2.07863
21.36, -2.97786
21.37, 4.63638
21.38, -1.06848
21.39, -0.0870972
21.4, 2.48474
21.41, -1.97629
21.42, 0.703592
21.43, -1.43723
21.44, -0.0664345
21.45, 1.98053
21.46, 1.03304
21.47, 2.87019
21.48, -1.67098
21.49, -1.2642
21.5, 1.79688
21.51, -1.96982
21.52, 1.75759
21.53, 0.285895
21.54, -1.06201
21.55, 0.0671976
21.56, -2.59685
21.57, 1.48984
21.58, -0.985927
21.59, 1.26496
21.6, 2.07728
21.61, -1.67919
21.62, 1.12303
21.63, -2.1077
21.64, -1.30185
21.65, 3.25709
21.66, -2.32476
21.67, 3.72982
21.68, -1.22876
21.69, -1.12072
21.7, 4.15495
21.71, -1.47401
21.72, 3.25622
21.73, -0.60579
21.74, 1.73161
21.75, 2.47798
21.76, -1.76715
21.77, 3.40192
21.78, 0.921034
21.79, -0.919304
21.8, 3.14933
21.81, -0.992686
21.82, 3.39941
21.83, 0.742311
21.84, 1.83976
21.85, 1.51408
21.86, -2.29212
21.87, 3.23806
21.88, 0.300957
21.89, -0.363534
21.9, 3.88711
21.91, -2.95459
21.92, 1.7349
21.93, -1.35679
21.94, 1.53454
21.95, 2.41146
21.96, -2.62852
21.97, 2.98915
21.98, -0.259255
21.99, -1.12081
22, 2.8699
22.01, -0.912256
22.02, 2.03953
22.03, -1.11145
22.04, -0.579044
22.05, 3.24309
22.06, -2.24452
22.07, 2.71754
22.08, 0.804589
22.09, -2.27667
22.1, 2.43521
22.11, -2.10181
22.12, 2.15955
22.13, 0.0274169
22.14, -1.62531
22.15, 2.15337
22.16, -2.73357
22.17, 2.73675
22.18, -0.488186
22.19, -0.213198
22.2, 2.5419
22.21, -3.96466
22.22, 1.70072
22.23, -1.04029
22.24, -0.265724
22.25, 2.14699
22.26, -3.10492
22.27, 0.364587
22.28, -3.49549
22.29, -1.73191
22.3, 1.78752
22.31, -1.90407
22.32, 1.25956
22.33, -0.304346
22.34, -1.95013
22.35, -1.0876
22.36, -3.21229
22.37, 0.964001
22.38, -0.465785
22.39, -0.467137
22.4, 3.31695
22.41, -3.55612
22.42, 0.747428
22.43, -0.941994
22.44, -1.86072
22.45, 2.24529
22.46, -2.42856
22.47, 3.01222
22.48, -0.378017
22.49, -0.518504
22.5, 1.35138
22.51, -2.29521
22.52, 1.24498
22.53, 0.0106163
22.54, 0.102537
22.55, 2.25871
22.56, -2.8057
22.57, 1.41829
22.58, -1.84894
22.59, -0.660633
22.6, 2.44911
22.61, -1.68402
22.62, 0.605203
22.63, 0.508744
22.64, -2.08395
22.65, 1.31691
22.66, -2.99012
22.67, 1.31508
22.68, -0.488572
22.69, -1.37688
22.7, 3.27804
22.71, -2.92668
22.72, 1.11241
22.73, -1.35264
22.74, -1.15007
22.75, 1.72225
22.76, -2.23525
22.77, 3.04109
22.78, -0.981775
22.79, -0.269586
22.8, 1.37185
22.81, -2.15839
22.82, 1.61787
22.83, -0.714221
22.84, 0.100219
22.85, 2.07323
22.86, -1.09339
22.87, 1.43577
22.88, -0.717987
22.89, -0.534339
22.9, 2.13174
22.91, -2.49933
22.92, 2.64908
22.93, -0.114809
22.94, -1.88872
22.95, 2.55233
22.96, -3.07895
22.97, 0.868605
22.98, 1.14301
22.99, -1.03449
23, 2.25079
23.01, -2.32428
23.02, 1.06596
23.03, -2.12344
23.04, -1.28332
23.05, 2.60235
23.06, -2.27281
23.07, 2.6738
23.08, 0.16298
23.09, -2.42498
23.1, 0.864356
23.11, -2.0994
23.12, 1.25917
23.13, -0.136533
23.14, 0.106592
23.15, 2.33817
23.16, -2.16129
23.17, 0.849294
23.18, -0.626356
23.19, -1.43452
23.2, 2.41706
23.21, -1.47073
23.22, 2.73038
23.23, -0.1627
23.24, -1.70623
23.25, 2.15337
23.26, -2.95217
23.27, 1.90493
23.28, 0.280681
23.29, -0.986893
23.3, 1.89054
23.31, -3.62149
23.32, 0.862619
23.33, -1.02648
23.34, -0.843412
23.35, 2.10634
23.36, -1.91392
23.37, 1.25367
23.38, -2.37101
23.39, -0.899317
23.4, 1.5471
23.41, -1.19091
23.42, 1.23938
23.43, 1.09155
23.44, -2.32524
23.45, 1.94307
23.46, -2.2901
23.47, 0.98563
23.48, 0.153614
23.49, -0.608011
23.5, 1.66113
23.51, -2.00236
23.52, 1.09223
23.53, 1.1407
23.54, -1.94037
23.55, 2.39746
23.56, -1.93149
23.57, 1.0732
23.58, -0.439329
23.59, -2.25147
23.6, 2.08085
23.61, -2.16245
23.62, 1.61449
23.63, 1.00446
23.64, -1.53088
23.65, 1.14794
23.66, -2.84789
23.67, 0.801596
23.68, 0.670957
23.69, -1.70623
23.7, 2.65893
23.71, -2.3459
23.72, 1.01962
23.73, -1.21737
23.74, -1.24923
23.75, 3.21074
23.76, -3.19887
23.77, 2.31461
23.78, 1.73596
23.79, -2.65382
23.8, 1.75372
23.81, -2.66569
23.82, 1.18753
23.83, -0.0522409
23.84, 0.363815
23.85, 2.66636
23.86, -2.75829
23.87, 1.79766
23.88, -0.558575
23.89, -2.8001
23.9, 2.84557
23.91, -2.01163
23.92, 2.52211
23.93, -0.190797
23.94, -1.71472
23.95, 2.04522
23.96, -3.50186
23.97, 2.626
23.98, 1.12747
23.99, -1.94713
24, 2.96337
24.01, -2.45646
24.02, 0.0172786
24.03, -0.158065
24.04, -0.933111
24.05, 3.09285
24.06, -1.70864
24.07, 1.64462
24.08, -1.03343
24.09, -2.48803
24.1, 2.99137
24.11, -1.73597
24.12, 2.84064
24.13, -0.9054
24.14, -1.71675
24.15, 1.99038
24.16, -2.15917
24.17, 1.31874
24.18, 1.53918
24.19, -1.33999
24.2, 1.25183
24.21, -2.03828
24.22, 2.10306
24.23, 0.39423
24.24, -1.80259
24.25, 2.73588
24.26, -3.07422
24.27, 0.223906
24.28, 0.513379
24.29, -1.64665
24.3, 3.0186
24.31, -1.22017
24.32, 0.342862
24.33, -0.187708
24.34, -0.598452
24.35, 1.54314
24.36, -1.96133
24.37, 1.52103
24.38, 1.34018
24.39, -2.50812
24.4, 2.74177
24.41, -1.75508
24.42, 0.192719
24.43, 0.910027
24.44, -1.46339
24.45, 2.08858
24.46, -2.48533
24.47, 1.85153
24.48, 0.17138
24.49, -1.60909
24.5, 3.52908
24.51, -2.7299
24.52, 0.963229
24.53, -0.296139
24.54, -1.89605
24.55, 3.63462
24.56, -2.46467
24.57, 1.26467
24.58, 0.184029
24.59, -1.05661
24.6, 1.22779
24.61, -0.435177
24.62, 1.69985
24.63, -0.211074
24.64, -2.40113
24.65, 3.11776
24.66, -1.96693
24.67, -0.117126
24.68, 1.50722
24.69, -2.4384
24.7, 1.76512
24.71, -1.74765
24.72, 1.20577
24.73, 1.70989
24.74, -1.73519
24.75, 3.18148
24.76, -3.71998
24.77, 0.94778
24.78, 1.19931
24.79, -1.71212
24.8, 3.2035
24.81, -2.50937
24.82, 1.31536
24.83, -0.957443
24.84, -0.582424
24.85, 2.50618
24.86, -1.16195
24.87, 1.11849
24.88, -1.38615
24.89, -1.71588
24.9, 2.63682
24.91, -0.195625
24.92, 1.63293
24.93, 0.417307
24.94, -3.15088
24.95, 0.912441
24.96, -2.23815
24.97, 2.12807
24.98, 1.58244
24.99, -0.76752
25, 1.19448
25.01, -4.01186
25.02, 1.3451
25.03, 0.78045
25.04, -0.940739
25.05, 2.89298
25.06, -1.8274
25.07, -0.98892
25.08, -0.108339
25.09, -1.05496
25.1, 3.3016
25.11, -0.580975
25.12, 0.831335
25.13, 0.181615
25.14, -2.98162
25.15, 1.52344
25.16, -1.29172
25.17, -0.0578411
25.18, 2.25388
25.19, -1.74379
25.2, 2.86092
25.21, -2.47954
25.22, 0.500634
25.23, 0.618721
25.24, -2.63055
25.25, 4.87804
25.26, -2.1527
25.27, -0.0938561
25.28, 1.26776
25.29, -2.88314
25.3, 2.52288
25.31, -2.11359
25.32, 1.76444
25.33, 0.859336
25.34, -1.78144
25.35, 2.82143
25.36, -3.06476
25.37, 0.775912
25.38, -0.49311
25.39, -1.75547
25.4, 2.3681
25.41, -1.24209
25.42, 1.2416
25.43, 1.04887
25.44, -1.44814
25.45, 1.15151
25.46, -2.68713
25.47, 0.98785
25.48, 0.510579
25.49, -1.67871
25.5, 4.60857
25.51, -2.97824
25.52, -0.48751
25.53, 1.38151
25.54, -2.49779
25.55, 2.56208
25.56, -1.65959
25.57, 1.57906
25.58, -0.34152
25.59, -2.07652
25.6, 3.18882
25.61, -2.64156
25.62, 0.0701909
25.63, 1.08537
25.64, -1.86989
25.65, 1.82546
25.66, -1.41627
25.67, 0.672695
25.68, 0.81241
25.69, -2.56644
25.7, 2.00969
25.71, -2.51082
25.72, 1.53068
25.73, 0.844659
25.74, -2.06107
25.75, 1.55656
25.76, -1.6481
25.77, 0.338517
25.78, 0.997506
25.79, -0.749657
25.8, 1.8917
25.81, -2.59231
25.82, -0.613707
25.83, 1.96441
25.84, -0.599997
25.85, 1.84342
25.86, -1.0288
25.87, -0.0543651
25.88, -0.176797
25.89, -2.24713
25.9, 3.48138
25.91, -1.81727
25.92, 0.424742
25.93, 1.67146
25.94, -3.69874
25.95, 1.67098
25.96, -1.39619
25.97, 0.187891
25.98, 1.18975
25.99, -1.47054
26, 2.18687
26.01, -3.06389
26.02, 0.434011
26.03, 1.68305
26.04, -2.68008
26.05, 2.65844
26.06, -1.37736
26.07, -0.0219227
26.08, 0.137103
26.09, -1.46938
26.1, 2.21574
26.11, -1.06925
26.12, 0.366808
26.13, 1.0033
26.14, -1.93081
26.15, 1.80905
26.16, -1.76513
26.17, -0.294111
26.18, 1.79003
26.19, -1.03218
26.2, 3.3436
26.21, -1.76764
26.22, -0.782486
26.23, -0.0139086
26.24, -2.60921
26.25, 2.80984
26.26, -0.383425
26.27, 0.255866
26.28, 0.742408
26.29, -2.9655
26.3, 1.58292
26.31, -1.37669
26.32, 1.32821
26.33, 2.30679
26.34, -1.8865
26.35, 1.67214
26.36, -2.77384
26.37, -0.584065
26.38, 2.34059
26.39, -1.73278
26.4, 4.11788
26.41, -1.2923
26.42, -0.791658
26.43, 0.0602457
26.44, -2.13821
26.45, 2.25861
26.46, -1.023
26.47, 0.745015
26.48, 1.60648
26.49, -2.9458
26.5, 2.99919
26.51, -0.962174
26.52, -0.325105
26.53, 0.614086
26.54, -3.03386
26.55, 1.75459
26.56, -2.23844
26.57, 1.97841
26.58, 2.74409
26.59, -1.9423
26.6, 1.47893
26.61, -1.86487
26.62, -1.05139
26.63, 0.652901
26.64, -1.41241
26.65, 3.862
26.66, -2.14217
26.67, 1.19573
26.68, 0.515214
26.69, -3.46536
26.7, 2.47702
26.71, -1.7378
26.72, 1.41665
26.73, 0.790395
26.74, -0.645667
26.75, 0.891682
26.76, -1.66934
26.77, 0.75747
26.78, 1.84758
26.79, -2.4918
26.8, 3.42886
26.81, -2.1413
26.82, -0.257903
26.83, 0.507489
26.84, -1.2277
26.85, 1.51166
26.86, -1.35747
26.87, 0.275467
26.88, 1.06268
26.89, -2.90438
26.9, 2.70218
26.91, -0.898158
26.92, -0.736332
26.93, 1.33062
26.94, -1.4072
26.95, 1.07098
26.96, -1.58447
26.97, 0.0227823
26.98, 1.07205
26.99, -3.19279
27, 2.28526
27.01, -0.77032
27.02, -0.781617
27.03, 2.12874
27.04, -2.35749
27.05, 1.99183
27.06, -3.14239
27.07, 0.293523
27.08, 1.91999
27.09, -2.27754
27.1, 2.89916
27.11, -1.37939
27.12, -1.43636
27.13, 1.90676
27.14, -2.0881
27.15, 2.02862
27.16, -1.9901
27.17, 0.822645
27.18, 0.951642
27.19, -2.4272
27.2, 2.95361
27.21, -1.05728
27.22, -1.51727
27.23, 1.4124
27.24, -2.08878
27.25, 1.88292
27.26, -1.06819
27.27, 0.388244
27.28, 1.72843
27.29, -3.3326
27.3, 2.64782
27.31, -1.49313
27.32, -0.81068
27.33, 2.64464
27.34, -3.07779
27.35, 2.33276
27.36, -1.83271
27.37, -0.858185
27.38, 2.46273
27.39, -2.73097
27.4, 3.05065
27.41, -1.88292
27.42, -0.274704
27.43, 0.523614
27.44, -2.09225
27.45, 2.50956
27.46, -1.28293
27.47, -0.135954
27.48, 1.22499
27.49, -2.29019
27.5, 1.67329
27.51, -1.15953
27.52, 0.257894
27.53, 1.91449
27.54, -2.91143
27.55, 1.14041
27.56, -0.447729
27.57, -0.710069
27.58, 2.96723
27.59, -1.5892
27.6, 1.76203
27.61, -2.18688
27.62, -0.512518
27.63, 1.81929
27.64, -2.68539
27.65, 4.56667
27.66, -2.10722
27.67, -0.079566
27.68, 0.82361
27.69, -2.97873
27.7, 3.54154
27.71, -2.2929
27.72, 0.837997
27.73, -0.18259
27.74, -2.7496
27.75, 2.27454
27.76, -0.857412
27.77, 0.400313
27.78, 1.63004
27.79, -3.50398
27.8, 1.55685
27.81, -1.38721
27.82, -0.373479
27.83, 3.61569
27.84, -2.24298
27.85, 2.42102
27.86, -2.79855
27.87, -0.709973
27.88, 1.97831
27.89, -2.00719
27.9, 3.09101
27.91, -1.7798
27.92, -0.610714
27.93, 1.88755
27.94, -2.57049
27.95, 2.81409
27.96, -1.39078
27.97, 0.241093
27.98, 1.20645
27.99, -2.92861
28, 1.81591
28.01, -0.963623
28.02, 0.54138
28.03, 2.34059
28.04, -2.68462
28.05, 0.87546
28.06, -1.70082
28.07, -0.224592
28.08, 2.63933
28.09, -1.35023
28.1, 2.14603
28.11, -2.30941
28.12, -1.29471
28.13, 1.62405
28.14, -2.13532
28.15, 3.3296
28.16, 0.560884
28.17, -1.80829
28.18, 0.138359
28.19, -2.37448
28.2, 1.60146
28.21, -1.16195
28.22, 1.7768
28.23, 1.25096
28.24, -3.99286
28.25, 1.93052
28.26, -0.187225
28.27, -0.883289
28.28, 2.64638
28.29, -2.46264
28.3, 1.74223
28.31, -2.31839
28.32, 0.2409
28.33, 2.00293
28.34, -1.98112
28.35, 1.28437
28.36, -0.405342
28.37, -0.536367
28.38, 1.4014
28.39, -1.4212
28.4, 1.22064
28.41, -1.30147
0.3, 0, 0, 386.22, 0.01, 0.01, 0, 0.00407, 0, 0
