-0.00539501
0.00331974
-0.00494226
0.00567949
0.000416238
-0.00457151
0.00366499
-0.00775726
0.00543474
0.000533738
-0.000380762
0.00549299
-0.0110198
0.00446199
-3.02622e-05
-0.000468762
0.00836724
-0.00764701
0.00232124
-0.00245976
-0.00299801
0.00690474
-0.00217226
0.00385124
-0.00241976
-0.00515276
0.00586499
-0.00445301
0.00543774
0.00236999
-0.00514751
0.00319199
-0.00634151
0.00403924
0.00197749
-0.00260026
0.00556299
-0.00657626
0.00118449
0.00192924
-0.00362651
0.00584799
-0.00744401
0.00192349
-0.00105726
-0.00219101
0.00752049
-0.00555976
0.00287824
-0.00110426
-0.00396701
0.00803349
-0.00433201
0.00304824
-0.000767012
-0.00502301
0.00458349
-0.00607451
0.00683299
0.000502488
-0.00548026
0.00606549
-0.00662926
0.00510249
0.000600238
-0.00278451
0.00320174
-0.00585476
0.00490624
-7.40122e-05
-0.00110151
0.00478399
-0.00739701
0.00415674
0.000820738
-0.00333726
0.00609449
-0.00529326
0.00272224
-0.00214426
-0.00290201
0.00797849
-0.00595801
0.00485349
0.00109499
-0.00844051
0.00592324
-0.00605326
0.00589599
-0.00289601
-0.000695762
0.00355124
-0.00676976
0.00182349
0.00122674
-0.00564676
0.00364299
-0.00280301
0.00129549
0.000127988
-0.000589512
0.00353174
-0.00583276
0.00314999
0.00284249
-0.00600751
0.00899899
-0.00548901
0.00199874
0.00153549
-0.00465576
0.00721024
-0.00717076
0.00441874
0.000634988
-0.00378476
0.00794074
-0.00716601
0.00129874
-0.000128762
-0.00441801
0.00746124
-0.00596676
0.00440399
0.000612988
-0.00696276
0.00785199
-0.00686626
0.00499224
-0.00251976
-0.00281051
0.00713274
-0.00346476
0.00277124
-0.000250512
-0.00462776
0.00602024
-0.00311001
0.00529574
0.00144049
-0.00702751
0.00681824
-0.00569651
0.00375574
0.00165224
-0.00453951
0.00477974
-0.00430726
0.00192924
0.00164424
-0.00396226
0.00448549
-0.00651251
0.00286774
0.00163824
-0.00257626
0.00396974
-0.00470976
0.00209424
0.00190124
-0.00224701
0.00484574
-0.00682151
0.00376149
0.00125799
-0.00137326
0.00428399
-0.00423776
0.00105999
0.000169238
-0.00109451
0.00590549
-0.00621451
0.00252974
-0.000785762
-0.00377276
0.00575649
-0.00334051
0.00386024
0.000855488
-0.00421626
0.00372449
-0.00539876
0.00259524
-0.000580762
-0.00553726
0.00647924
-0.00508626
0.00373099
0.00122799
-0.00494101
0.00372924
-0.00395151
0.00298624
0.00385974
-0.00342876
0.00634349
-0.00777426
0.00317024
0.00351549
-0.00359801
0.00818274
-0.00587151
0.000544738
0.000362988
-0.00494126
0.0109572
-0.00437476
0.00206649
0.00201874
-0.00760651
0.00484299
-0.00586926
0.00440699
0.00216149
-0.00407476
0.00557524
-0.00858676
0.00154074
0.00379699
-0.00575651
0.00614324
-0.00515701
0.00528099
-0.00349851
-0.00283401
0.00690574
-0.00568576
0.00363524
0.00350924
-0.00638051
0.00539349
-0.00289526
0.00216899
-5.12223e-07
-0.00153351
0.00274624
-0.00404901
0.00196049
0.00236674
-0.00639151
0.00443124
-0.00214701
0.00122499
0.00231524
-0.00338826
0.00394849
-0.00574776
0.00293249
0.00409524
-0.00660801
0.00669299
-0.00605901
0.000221738
0.00311499
-0.00467351
0.00834774
-0.00437301
0.000906238
-0.000345012
-0.00589276
0.00831924
-0.00266626
0.00183474
0.00194899
-0.00664776
0.00557099
-0.00451676
0.00231724
0.00447849
-0.00596051
0.00794349
-0.00737026
0.00194474
0.00219849
-0.00254051
0.00452249
-0.00269526
-0.000584762
0.00186174
-0.00597001
0.00949349
-0.00257026
-0.000322762
0.00478549
-0.00856526
0.00621149
-0.00655551
0.00438699
0.00297674
-0.00472451
0.00964024
-0.00589326
0.00208574
0.00233574
-0.00712601
0.00872049
-0.00518101
0.00507074
0.00192624
-0.00289751
0.00435974
-0.00478426
0.00269149
0.000996738
-0.00348826
0.00699174
-0.00422526
0.00128424
-0.000527012
-0.00278776
0.00223899
0.000547488
0.000516988
0.00167399
-0.00593201
0.00491449
-0.00395326
0.00124599
0.00724324
-0.00753151
0.00418899
-0.00392301
1.39878e-05
0.00351924
-0.00302351
0.00781799
-0.00561201
0.00155999
0.00192049
-0.00525576
0.00689024
-0.000511262
0.000879988
0.000961738
-0.00530701
0.00774999
-0.00582276
0.00192199
0.00327249
-0.00552976
0.00303274
0.000296738
1.42378e-05
-0.00295276
-0.00336701
0.00680899
-0.00683851
0.00120574
0.00300299
-0.00484526
-4.76222e-06
0.00111299
8.44878e-05
0.00203549
-0.00644076
0.00623699
-0.00616101
-0.00174026
0.00312174
-0.00369851
0.00684924
-0.00418751
0.000615738
-0.00235651
-0.00723501
0.00795274
-0.00444251
0.00283874
0.00366799
-0.013529
0.00369924
-0.0115345
0.00439574
0.000121738
-0.000790012
0.00744899
-0.01184
-0.00653651
0.00294249
-0.00803426
0.00476449
-0.00168951
-0.000335512
-0.00145626
-0.00500876
0.00231899
-0.00758251
0.00213024
-0.000295512
-0.00901151
0.00407299
-0.000231762
-0.00385876
0.00300324
-0.00761701
0.00420299
-0.00870826
0.00506674
0.00286624
-0.00702351
0.00759124
-0.00479126
0.00144549
-0.000162262
-0.00628376
0.00641574
-0.00769051
0.00314849
0.00520449
-0.00192201
0.00453074
-0.00333751
-0.000584512
0.00445574
-0.00426401
0.00506049
-0.00227526
-0.00357351
0.00647774
-0.00400651
0.00727749
-0.000850512
0.00385824
0.00862699
-0.00999626
0.00789149
-0.00127026
0.000496488
0.00770299
-0.00206351
0.00529024
-0.00689176
0.00255974
0.00442099
2.17378e-05
0.00242849
-0.000769012
-0.00118726
0.00199749
-0.00309526
0.00102774
0.00109899
-0.00168876
0.00110349
-0.00352501
0.00204399
0.000985988
-0.00443151
0.0116052
-0.00754526
0.00485124
0.00684699
-0.00196776
0.00957849
-0.011976
0.00590874
0.00301424
-0.000352762
0.0129447
-0.01269
0.0108547
-0.00259751
-0.000877762
0.00907174
-0.00496501
0.00492149
-0.00164526
0.00112199
0.00882299
-0.00968576
0.0142462
-0.00379951
-0.000358512
0.00119199
0.00814149
0.00703074
-0.0181743
0.0111067
0.0168167
-0.0151243
-0.000133262
-0.00719801
0.00910199
-0.00587851
-0.000581012
0.0222692
-0.0181475
0.00238149
0.0182735
-0.00758076
0.0132965
0.0134717
0.000836238
0.0202132
0.0113587
0.022661
-0.0166633
0.00498399
0.0217527
0.000716238
-0.0130905
-0.00226001
0.0231407
0.00525874
-0.00407676
0.0435652
-0.00124526
0.00414624
0.0351982
0.00760099
0.00616549
-0.000566762
0.00111324
0.00236374
-0.014672
0.00661074
-0.00756826
-0.00450601
-0.000695762
0.00216099
0.0214472
-0.0268215
0.00270874
-0.00359401
0.017654
0.00821824
-0.0467905
0.00225449
0.013652
-0.0360008
-0.00123351
-0.0144168
0.0153677
0.00632249
-0.03389
-0.0105423
-0.00292151
-0.0188318
-0.0199663
-0.00529226
-0.00256276
-0.0665895
-0.0117543
0.00518149
-0.0277445
0.00785699
0.0108795
-0.0130468
-0.0172378
-0.00241751
-0.000372512
-0.026161
-0.00683776
0.00381824
-0.0224
-0.00167576
-0.0451825
-0.0418115
-0.0271603
-0.0717375
-0.00513726
-0.0310705
-0.012971
-0.037399
-0.0308105
-0.00121601
-0.0243978
-0.00585301
-0.00255826
0.00197124
0.0104427
0.00627449
-0.012015
0.024005
0.0128845
-0.025241
0.00111099
0.0185655
0.0196757
0.0234977
0.0204292
0.017507
0.0309475
0.044468
0.029125
0.0518225
0.0152405
0.0157097
0.0340752
0.00566074
0.0184362
0.010018
0.0105707
0.0280072
0.0259522
0.0177805
0.00872749
0.0316805
0.0680625
0.0758267
0.04029
0.025024
0.0116497
-0.00147801
-0.0447495
-0.0254618
-0.037737
0.00914274
0.00923099
-0.021255
0.06819
0.0551732
0.0583675
0.064079
0.0331175
0.0327352
0.0361185
0.0378627
0.00808399
-0.0191053
-0.00806901
-0.00548576
-0.0168055
-0.024871
-0.040794
-0.00566951
-0.062143
-0.066153
-0.0111525
-0.0478018
-0.0629425
-0.0579148
-0.050162
-0.0426023
-0.035712
-0.00659676
-0.0129333
-0.00893976
-0.027322
-0.104323
-0.0944493
-0.0758345
-0.045829
-0.0354503
-0.0110365
-0.033313
-0.0619448
-0.0512635
-0.0749453
-0.0847638
-0.104673
-0.160119
-0.142552
-0.123802
-0.124639
-0.111979
-0.0972705
-0.054098
-0.0118915
0.0106287
0.069115
0.082365
0.112886
0.167444
0.160385
0.197869
0.185076
0.149247
0.100395
0.053025
0.0415767
0.00690524
-0.0330685
-0.0275225
-0.0435478
-0.0257308
-0.0134028
0.0190415
0.0540712
0.0770132
0.105862
0.0828877
0.145264
0.11599
0.0279297
0.182352
0.315384
0.228102
0.198055
0.181402
0.128282
0.085043
0.0419432
0.0488472
0.0407667
-0.000806512
-0.0280375
-0.0291945
-0.0515125
-0.0927265
-0.0970585
-0.0898315
-0.0979788
-0.0649855
-0.102464
-0.0845638
-0.046718
-0.09076
-0.0904543
-0.0804273
-0.0795593
-0.100313
-0.0827043
-0.0508413
-0.0938758
-0.0708588
-0.0859458
-0.021439
-0.0426038
-0.0330085
-0.01746
-0.0724558
-0.106579
-0.101517
-0.0627375
-0.052853
-0.040543
-0.0330868
-0.0283905
-0.0629445
-0.047613
-0.0508643
-0.0274955
-0.000506012
0.00752299
0.0452045
0.0367147
0.053642
0.082943
0.115262
0.0761542
0.0742005
0.087441
0.049032
0.0175132
0.00576474
-0.00667001
-0.0327043
-0.066833
-0.0860165
-0.111226
-0.161735
-0.1742
-0.164579
-0.173759
-0.116162
-0.0743105
-0.0305615
0.086166
0.0883057
0.108722
0.196353
0.190861
0.165877
0.208813
0.221797
0.134533
0.0839067
0.074402
0.160376
0.330304
0.248076
0.216761
0.284735
0.253822
0.205429
0.171346
0.177747
0.144912
0.0576497
0.0411292
0.00890399
-0.0399658
-0.0554008
-0.106819
-0.122952
-0.140369
-0.143339
-0.112288
-0.0903355
-0.0879563
-0.0808098
-0.0469725
-0.0272218
-0.0452913
0.0252737
0.0446467
-0.00417201
-0.0583195
-0.148772
-0.182013
-0.143479
-0.152703
-0.187269
-0.14582
-0.115391
-0.183531
-0.178185
-0.099272
-0.0295583
-0.0730938
-0.298027
-0.319814
-0.160579
-0.187105
-0.18579
-0.0994323
-0.022312
-0.0412555
-0.0209065
0.0109497
-0.020264
0.025457
0.0360897
0.0201552
0.0516695
0.00923399
-0.00533426
0.015308
0.0156582
0.00371674
0.0169762
-0.0166608
-0.057153
-0.0539918
-0.0343263
-0.0434548
-0.017123
-0.015852
0.00749674
0.00384024
0.017024
0.0589747
0.0965222
0.0540587
0.076375
0.103179
0.0600795
0.075777
0.0753145
0.101081
0.092609
0.080047
0.0937577
0.0908605
0.079269
0.0448557
0.0323152
0.0456507
0.0305105
0.032455
0.051356
0.0905702
0.0758165
0.0437387
0.0314547
-0.02975
0.0741897
0.193076
0.159653
0.133407
0.102864
0.0546067
0.0391787
0.00730099
0.0234305
0.00240874
0.00882449
-0.0250995
-0.0288143
-0.0373475
-0.071212
-0.0889283
-0.081855
-0.0938798
-0.0934408
-0.053296
-0.0539773
-0.0498728
-0.0811845
-0.0448895
-0.0331125
-0.100806
-0.246491
-0.341311
-0.333904
-0.293925
-0.229372
-0.184159
-0.161126
-0.0663555
0.00972349
0.052076
0.113248
0.211023
0.231258
0.173004
0.200927
0.135582
0.0859462
0.0731277
0.00607374
0.0334747
0.0366035
0.00594024
0.0586175
0.063827
0.071862
0.041534
0.049543
0.068663
0.0510817
0.0716725
0.134066
0.203846
0.21422
0.176599
0.120828
0.10209
0.0282067
0.0694372
0.0665455
0.0680577
0.0614822
0.0677792
0.060954
0.061818
0.0483047
0.0760782
0.0847507
0.0730022
0.058337
0.0871607
0.110826
0.0853802
0.108667
0.126373
0.084656
0.0500255
0.051448
0.060124
-0.020728
-0.0723263
-0.0769245
-0.096279
-0.115354
-0.0701048
-0.0588493
-0.0747208
-0.112949
-0.0883135
-0.118559
-0.159414
-0.137093
-0.125475
-0.158628
-0.172141
-0.143451
-0.154212
-0.171523
-0.150981
-0.139894
-0.121955
-0.078221
-0.0267323
0.0242535
-0.106468
-0.203979
-0.118791
-0.059998
-0.048089
-0.0179155
0.0344762
0.0679137
0.0290177
0.036183
0.072805
0.0250892
0.00320099
-0.00704651
-0.0144493
-0.0344783
-0.045356
-0.00904376
-0.0148473
-0.0131363
-0.00138201
0.00714474
-0.0326888
-0.04823
-0.0382523
-0.0651668
-0.0930765
-0.104919
-0.116427
-0.124723
-0.100141
-0.0741583
-0.00391076
0.0352392
0.118446
0.14592
0.171734
0.218013
0.20691
0.159066
0.15841
0.0936867
0.00692024
-0.000312012
-0.0416813
-0.034486
-0.018297
0.00365199
-0.0358775
0.00699049
-0.000862762
-0.00840901
-0.00435526
-0.00386676
-0.0197695
-0.0508038
-0.0471518
-0.0606393
-0.0733135
-0.0722585
-0.0755773
-0.0648823
-0.0346118
-0.0618723
-0.0357985
-0.032681
-0.0522703
-0.0376108
-0.0502328
-0.0399058
-0.0735368
-0.0795625
-0.05643
-0.0593143
-0.0345773
0.000654238
0.025166
0.0561127
0.0839182
0.134606
0.12928
0.136057
0.151301
0.100505
0.112385
0.113625
0.0857045
0.08974
0.0329322
0.00463474
-0.00804576
0.0335687
0.126331
0.145933
0.132969
0.141196
0.130925
0.117425
0.113897
0.118835
0.144555
0.133321
0.154245
0.114971
0.104676
0.076034
0.0348572
0.0181972
-0.00782051
-0.0152363
-0.02588
-0.043086
-0.0351975
-0.0448623
-0.043639
-0.0411945
-0.035936
-0.028118
-0.0322163
-0.043347
-0.0911638
-0.155483
-0.180949
-0.212055
-0.158744
-0.162885
-0.133694
-0.0861653
-0.105981
-0.0755378
-0.0300798
-0.0728425
-0.194161
-0.234056
-0.151555
-0.106016
-0.0961665
-0.0627413
-0.0140208
0.0221052
0.00796399
0.0112215
0.0309535
0.0438625
0.0507865
0.0187262
0.01859
0.00561299
-0.020032
0.0216562
0.0581802
0.0604517
0.0905082
0.0661027
0.0599
0.0369822
0.00546349
0.0142662
0.00548674
0.00820124
-0.000363262
0.0135905
0.0178572
0.0189507
0.029192
0.0363167
0.0280785
0.0474662
0.0331572
0.0256552
0.0264345
0.026329
0.0452005
0.040101
0.032365
0.0507005
0.0483312
0.0207735
-0.0112313
-0.0385613
-0.042167
-0.00645126
0.0584067
0.0680387
0.0748147
0.0476915
0.0137517
-0.00134901
-0.0175858
-0.00983151
-0.00801476
-0.000932512
0.0250042
0.0241725
0.022078
0.01062
0.00903924
0.0194945
-0.000310512
-0.00704526
-0.00716176
0.0112002
0.0150677
-0.0131938
-0.025217
0.0146457
-0.00665526
-0.0260013
-0.030403
-0.0125495
-0.0177403
-0.0357445
-0.00484701
-0.0118675
-0.00801576
0.00352899
0.00645549
0.017823
0.0211085
0.0244547
0.0248607
0.0153052
0.0171577
0.0156025
0.00855824
0.00993899
0.00430399
-0.043663
-0.0952928
-0.0863758
-0.0876803
-0.069749
-0.0142008
-0.00664901
-0.00679651
-0.0397623
-0.0938955
-0.111449
-0.0947218
-0.0837095
-0.0548848
-0.0452743
-0.0363445
-0.0250293
-0.0302513
-0.0296618
-0.0278288
0.000289988
-0.0293758
-0.0128653
-0.00491801
-0.0297365
-0.00971076
-0.0123563
-0.0118028
-7.27622e-05
-0.0122545
-0.00180076
-0.00742301
-0.000843012
-0.00848476
-0.0171128
-0.00728076
-0.02042
0.00454374
0.011595
-0.00679351
0.012824
0.00793699
0.017588
0.0227245
0.0258267
0.0485922
0.047122
0.0460435
0.0651795
0.0532637
0.0610777
0.056569
0.0564975
0.0469525
0.01219
0.00836999
-0.000504262
-0.0121085
-0.020911
-0.00613926
0.012283
-0.00932176
-0.00643376
0.0198487
-0.00734251
0.030751
0.033492
0.0214185
0.0505677
0.023906
0.00897949
0.00585724
0.00607049
0.0143322
0.0886715
0.126565
0.0781967
0.069698
0.061164
0.018793
0.0194932
0.00570399
0.014592
0.0325362
0.0305095
0.047778
0.041122
0.0456275
0.0653237
0.0408117
0.0353302
0.0276902
0.0329935
0.0427562
0.02229
0.030347
0.0181072
0.00615599
0.0129675
0.00611699
0.017657
-0.0216798
-0.056008
-0.0574408
-0.0822773
-0.0773783
-0.06832
-0.0666023
-0.0717988
-0.085246
-0.059281
-0.073235
-0.0767928
-0.0505738
-0.045654
-0.0459875
-0.0475443
-0.0265115
-0.0292765
-0.0431573
0.00369099
-0.00204826
-0.0258918
-0.0222988
-0.067239
-0.0557865
-0.0512495
-0.020223
0.00990374
-0.00485901
0.00442274
0.00119274
0.0273767
0.0300347
-0.00560726
-0.022596
-0.0312575
-0.0185478
-0.0179165
-0.0187095
-0.00932826
-0.0142898
-0.00392726
-0.00147401
-0.00647176
0.0209147
0.0247465
0.0355232
0.0429312
0.0449062
0.0565735
0.0539202
0.0518842
0.062163
0.036334
0.0272117
-0.00950226
-0.013572
-0.014685
-0.0127993
0.021848
0.00320499
0.026532
0.0273535
0.00301749
0.0220367
0.00705774
-0.00410426
0.00910449
0.00160024
0.0150485
0.012935
0.0159967
0.0253917
0.00585424
0.0181615
0.00504849
0.017553
0.0205617
0.00233799
0.01577
0.00434824
0.00704899
0.0141837
0.0134355
0.0248765
0.017165
0.0264032
0.0346547
0.0343757
0.04231
0.0302087
0.0311952
0.0365205
0.0150027
0.0219995
-0.00689176
-0.0135283
-0.017614
-0.041461
-0.0216428
-0.026567
-0.0320893
-0.028788
-0.0391543
-0.018776
-0.0317013
-0.0270393
-0.0254465
-0.047293
-0.0270365
-0.0338858
-0.0348268
-0.0255348
-0.0381938
-0.0173815
-0.020576
-0.0211218
-0.00301301
-0.0131663
-0.00641026
-0.00672426
-0.00634626
-0.00355326
-0.0206885
-0.00801251
-0.0351838
-0.0710238
-0.0733255
-0.0687188
-0.0320343
-0.032694
-0.0143713
0.00629324
0.0109755
0.014858
0.0107802
0.0277915
0.0154287
0.00270049
0.0263432
0.018177
0.0338922
0.0387375
0.0136082
0.0211022
0.0198187
0.031429
0.0183992
-0.0131165
-0.000638262
-0.00840251
-0.00332426
0.00352574
-0.01549
-0.00955426
-0.0135328
-0.0186005
-0.0149265
-0.010508
0.00477149
-0.00402301
0.000554988
-0.00123526
-0.0144723
0.000391738
-0.00418851
0.000932738
-0.00122376
-0.00939901
-0.010542
-0.0202783
-0.0126778
-0.0239508
-0.0284093
-0.0199693
-0.025216
-0.0182815
-0.0142048
-0.0254915
-0.00516576
-0.00711901
0.00579224
0.00373849
0.00124174
0.015661
0.00457849
0.00441674
-0.000261762
-0.012322
-0.00496001
-0.0216553
-0.0311515
-0.0129465
-0.0186038
-0.0168955
-0.0162843
-0.00972176
0.00465724
0.000270738
0.00649324
0.00546949
0.00751574
0.000392238
-0.00558026
-0.000101262
-0.00517676
-0.00100276
0.00264899
0.000287488
0.0194672
0.0100787
0.0114495
0.0284752
0.0170295
0.0293862
0.0289732
0.0290785
0.035532
0.019203
0.0343995
0.0305345
0.0251367
0.0276345
0.0272875
0.0271722
0.0202415
0.0142377
0.020462
0.0146717
0.0156707
0.00821774
0.00679874
0.0303467
0.0340612
0.0611125
0.059119
0.0337732
0.0320355
0.0160455
0.0222095
0.00699549
0.00755574
0.014629
0.00403624
0.0166057
0.00872824
0.00750224
0.0207475
0.00567949
0.0161562
0.00129674
0.000640238
0.00806724
-0.00317526
0.00489074
-0.00592101
-0.00581801
-0.00289951
-0.0172415
-0.010391
-0.0209945
-0.02356
-0.0175018
-0.0343003
-0.0286923
-0.0217633
-0.030554
-0.0228103
-0.023287
-0.010383
-0.0166898
-0.00937351
-0.00287901
-0.00252676
0.00648099
0.000746238
0.0187017
0.013767
0.0149622
0.0379532
0.0326595
0.0229162
0.0328492
0.031356
0.0368452
0.0266722
0.025934
0.0374285
0.0176522
0.0308315
0.0299747
0.025101
0.0262095
0.000993238
0.021046
0.00559074
-0.0142495
-0.0102315
-0.024737
-0.02265
-0.047121
-0.0518738
-0.059425
-0.070171
-0.0585985
-0.0473773
-0.0417403
-0.0332718
-0.0283973
-0.00481726
-0.00929551
-0.0105168
0.010008
0.0151302
0.0191052
0.00691749
0.0137632
0.0200847
-0.00975076
-0.000698512
-0.00791276
-0.0121698
0.00129424
-0.014969
-0.00450376
-0.0169128
-0.0242315
-0.0136455
-0.0175538
-0.00855001
-0.00596926
-0.013369
-0.00608526
-0.0167108
0.00502024
-0.00289351
-0.00377576
0.010359
-0.00913576
-0.00142651
-0.014435
-0.0368348
-0.044097
-0.0686613
-0.0652355
-0.06031
-0.041179
-0.0271515
-0.0374858
-0.020526
-0.027017
-0.027909
-0.0165373
-0.0308045
-0.00808601
-0.01354
-0.010976
-0.000684012
-0.0180973
0.00165449
-0.00938951
-0.00332576
0.00773474
-0.00160226
0.015568
0.00942574
0.00337124
0.0207685
0.00960249
0.012754
0.0192897
0.013719
0.0236705
0.0110357
0.0221847
0.019362
0.0208042
0.0246237
0.0118402
0.0198882
0.029775
0.0162062
0.00429749
0.00232699
0.0150935
0.00545524
0.00385474
0.0144087
0.00169949
0.0196052
0.0125035
0.0162487
0.025788
0.0111077
0.0123647
0.00267199
0.00404899
0.00965674
-0.0128948
-0.00713426
-0.0121613
-0.022203
-0.015905
-0.0249825
-0.0111525
-0.0177318
-0.019491
-0.00922601
-0.00588476
0.00890874
0.00421174
0.00672599
0.0222082
0.0199505
0.0258422
0.0329495
0.031306
0.037472
0.0225762
0.0174047
0.010514
0.0156792
0.062275
0.0618665
0.04932
0.026283
0.000400238
0.00413099
-0.0264533
-0.0175665
-0.00785051
0.00165049
0.00942724
-0.00155976
0.0179962
0.00939274
0.0105275
0.023476
0.00582649
0.0173685
0.0133235
0.0101245
0.020033
-0.00118501
0.020738
0.0295717
0.013619
0.0229567
0.0135897
0.021883
0.0120192
0.00822099
0.0251655
0.00632024
0.010291
0.00497599
-0.000750012
0.00688799
-0.00213451
0.00390024
0.00344199
0.00175849
0.00832624
-0.00569451
0.000756738
-0.00767476
-0.010482
-0.00449351
-0.0263435
-0.018229
-0.0211765
-0.028045
-0.0187168
-0.0274568
-0.0264883
-0.0263728
-0.0456473
-0.0316283
-0.03695
-0.0312735
-0.0329935
-0.035033
-0.0172558
-0.029147
-0.015667
-0.011479
-0.016527
-0.00485926
-0.0197328
-0.00375101
-0.00979826
-0.0132418
-0.00675701
-0.0204005
-0.0111975
-0.0166665
-0.0379228
-0.028446
-0.0468623
-0.045618
-0.044012
-0.0507485
-0.046322
-0.055184
-0.0462708
-0.0436235
-0.0491083
-0.0270453
-0.032219
-0.0242965
-0.012416
-0.0144003
0.00419274
0.00151999
0.017774
0.0182927
0.0172805
0.03248
0.0105687
0.0185147
0.0147547
0.000409488
0.00923724
-0.00108276
0.00201849
0.000252988
0.00231774
0.00330324
-0.000802762
0.012956
0.012385
0.0135627
0.035243
0.0206305
0.0312695
0.042992
0.034203
0.0485457
0.038083
0.0453335
0.0364187
0.026397
0.0319127
0.0262487
0.029911
0.0201485
0.017075
0.0265377
0.00932899
0.0115437
0.0112165
0.0149625
0.0457312
0.08144
0.092139
0.0667472
0.0460325
0.0524137
0.0379402
0.019495
0.0262017
0.015307
0.0203297
-0.00921776
-0.010814
-0.0130683
-0.0225645
-0.017462
-0.027572
-0.015972
-0.0196628
-0.02015
0.00511024
-0.00775701
-0.000652262
-0.000411012
-0.00245401
0.00719049
-0.00748626
-0.00611576
-0.00897176
-0.0138275
-0.0137088
-0.0206918
-0.0241033
-0.0207195
-0.0245148
-0.0127093
-0.0207668
-0.0181503
-0.0174233
-0.018835
-0.0158
-0.0228328
-0.0146908
-0.00522051
-0.0191453
-0.00810576
-0.0125248
-0.00749551
-0.00921301
-0.0138835
-0.00283751
-0.00799176
-0.0110058
-0.00544751
-0.0123093
0.00347274
-0.00302776
-0.00244026
0.00484949
-0.00722926
0.00544974
-0.00151501
0.00493399
0.0130252
0.00590099
0.0321245
0.0225777
0.0383697
0.0281407
0.00956824
0.0101575
-0.0106575
-0.0140388
-0.0270098
-0.0289628
-0.014712
-0.0167885
-0.0134645
-0.00721326
-0.01235
0.000101488
-0.00727876
-0.00201951
0.00353599
-0.0158358
0.00134174
-0.01712
-0.0125303
-0.0186088
-0.0337498
-0.023506
-0.0414065
-0.020327
-0.00311526
-0.00959201
0.00772274
-0.00238426
0.00543624
0.00901024
0.00232849
0.0132607
0.00554849
0.00586899
0.00564299
0.000389988
0.000494488
-0.00127701
0.00251824
0.00667599
-0.00190376
0.00171224
-0.00763151
-0.00938976
-0.000415262
-0.0120033
0.00859774
-0.00470251
-0.00164426
0.0110637
0.00528574
0.0204762
0.0146682
0.0250782
0.022498
0.0166717
0.0159575
0.000358738
0.00763599
0.00391199
-0.00837051
0.0124447
0.00129299
0.00933624
0.0105695
-0.00478526
0.000725488
-0.0142883
-0.00989926
-0.00711176
-0.00957351
-0.00245101
-0.0144255
-0.034438
-0.0367808
-0.0494773
-0.0234955
-0.0157763
-0.00719376
0.00525324
0.00371674
0.00656049
-0.00297651
-0.00387651
-0.00943826
-0.0239883
-0.00848976
-0.0163355
-0.0150065
-0.000252512
-0.00455376
0.012542
0.00800599
0.0111925
0.0254665
0.0159132
0.0278595
0.00924974
0.0119402
0.02105
0.00294724
0.013061
-0.00104926
0.00716449
0.00682474
-0.000574762
0.00868949
0.00358049
0.00623549
0.0113575
0.00327674
0.01203
0.00409249
0.00889149
0.00994124
-0.000200012
0.0132875
0.00176249
0.000408738
0.0115267
-0.00310326
0.0108992
-0.00315001
0.00477949
0.0169147
0.0120772
0.0295425
0.0243827
0.026991
0.0264467
0.00822099
0.0200545
0.00475924
0.00577324
0.0120112
0.00438574
0.0130842
-5.12223e-07
-0.000553762
0.00438949
-0.00257451
0.00789174
-0.000659262
0.00341424
0.00824099
-0.00466001
0.000314238
-0.00372376
-0.00777876
0.00304474
-0.015448
0.00222974
-0.00951776
-0.0135965
-0.00586526
-0.0181325
0.00507374
-0.0134835
-0.00470051
0.000505988
-0.0184215
-0.00808926
-0.0178153
-0.00507676
-0.00932626
-0.0167823
-0.00435901
-0.00599801
-0.00906826
-0.00262151
-0.0105745
-0.00137926
-0.00618101
-0.00270676
0.000568238
-0.0136268
0.00137674
-0.00340951
-0.00295301
0.00451674
-0.00770726
0.000153238
-0.00405976
-0.00425426
0.00669499
-0.00709601
0.00755699
-0.00689001
-0.000100762
0.00171799
-0.012238
0.000939488
-0.00852401
-0.00947826
-0.00380026
-0.00776701
-0.00113276
-0.00784476
-0.00373851
-0.00259151
-0.0152725
0.000231238
-0.00172176
-0.00329701
0.00582224
-0.00776126
0.00336499
-0.00459851
-0.00459776
0.00538199
-0.00771026
0.0120045
-0.00276651
-0.000225512
0.00643349
-0.00511701
0.00182174
-0.00372126
-0.000172012
0.00512799
0.00267474
0.00743149
-0.00432651
-0.00327326
0.00465249
-0.00510026
0.00455074
0.000740238
-0.00274976
0.000173988
-0.00672376
0.00385749
-0.00255276
0.00327524
0.00537849
-0.00434776
0.00290774
-0.00545726
-0.00337076
0.00843324
-0.00601926
0.00965724
-0.00318151
-0.00290176
0.010758
-0.00381651
0.00843099
-0.00156851
0.00448349
0.00641599
-0.00457551
0.00880824
0.00238474
-0.00238026
0.00815424
-0.00257026
0.00880174
0.00192199
0.00476349
0.00392024
-0.00593476
0.00838399
0.000779238
-0.000941262
0.0100645
-0.00765001
0.00449199
-0.00351301
0.00397324
0.00624374
-0.00680576
0.00773949
-0.000671262
-0.00290201
0.00743074
-0.00236201
0.00528074
-0.00287776
-0.00149926
0.00839699
-0.00581151
0.00703624
0.00208324
-0.00589476
0.00630524
-0.00544201
0.00559149
7.09878e-05
-0.00420826
0.00557549
-0.00707776
0.00708599
-0.00126401
-0.000552012
0.00658149
-0.0102653
0.00440349
-0.00269351
-0.000688012
0.00555899
-0.00803926
0.000943988
-0.00905051
-0.00448426
0.00462824
-0.00493001
0.00326124
-0.000788012
-0.00504926
-0.00281601
-0.00831726
0.00249599
-0.00120601
-0.00120951
0.00858824
-0.00920751
0.00193524
-0.00243901
-0.00481776
0.00581349
-0.00628801
0.00779924
-0.000978762
-0.00134251
0.00349899
-0.00594276
0.00322349
2.74878e-05
0.000265488
0.00584824
-0.00726451
0.00367224
-0.00478726
-0.00171051
0.00634124
-0.00436026
0.00156699
0.00131724
-0.00539576
0.00340974
-0.00774201
0.00340499
-0.00126501
-0.00356501
0.00848749
-0.00757776
0.00288024
-0.00350226
-0.00297776
0.00445924
-0.00578751
0.00787399
-0.00254201
-0.000698012
0.00355199
-0.00558851
0.00418899
-0.00184926
0.000259488
0.00536799
-0.00283101
0.00371749
-0.00185901
-0.00138351
0.00551949
-0.00647126
0.00685899
-0.000297262
-0.00489026
0.00660849
-0.00797201
0.00224899
0.00295949
-0.00267851
0.00582774
-0.00601801
0.00275999
-0.00549801
-0.00332276
0.00673799
-0.00588476
0.00692299
0.000421988
-0.00627876
0.00223799
-0.00543576
0.00326024
-0.000353512
0.000275988
0.00605399
-0.00559601
0.00219899
-0.00162176
-0.00371426
0.00625824
-0.00380801
0.00706949
-0.000421262
-0.00441776
0.00557549
-0.00764376
0.00493224
0.000726738
-0.00255526
0.00489499
-0.00937676
0.00223349
-0.00265776
-0.00218376
0.00545374
-0.00495551
0.00324599
-0.00613901
-0.00232851
0.00400574
-0.00308351
0.00320899
0.00282624
-0.00602051
0.00503099
-0.00592951
0.00255199
0.000397738
-0.00157426
0.00430099
-0.00518451
0.00282799
0.00295349
-0.00502401
0.00620749
-0.00500101
0.00277874
-0.00113751
-0.00582951
0.00538774
-0.00559901
0.00418024
0.00260074
-0.00396376
0.00297224
-0.00737376
0.00207549
0.00173724
-0.00441776
0.00688449
-0.00607401
0.00263999
-0.00315201
-0.00323451
0.00831324
-0.00828251
0.00599299
0.00449474
-0.00687126
0.00454074
-0.00690201
0.00307474
-0.000135262
0.000941988
0.00690374
-0.00714176
0.00465449
-0.00144626
-0.00725001
0.00736774
-0.00520851
0.00653024
-0.000494012
-0.00443976
0.00529549
-0.00906701
0.00679924
0.00291924
-0.00504151
0.00767274
-0.00636026
4.47378e-05
-0.000409262
-0.00241601
0.00800799
-0.00442401
0.00425824
-0.00267576
-0.00644201
0.00774524
-0.00449476
0.00735499
-0.00234426
-0.00444501
0.00515349
-0.00559051
0.00341449
0.00398524
-0.00346951
0.00324124
-0.00527751
0.00544524
0.00102074
-0.00466726
0.00708374
-0.00795976
0.000579738
0.00132924
-0.00426351
0.00781574
-0.00315926
0.000887738
-0.000486012
-0.00154951
0.00399549
-0.00507826
0.00393824
0.00346999
-0.00649401
0.00709899
-0.00454426
0.000498988
0.00235624
-0.00378901
0.00540774
-0.00643501
0.00479399
0.000443738
-0.00416626
0.00913749
-0.00706826
0.00249399
-0.000766762
-0.00490926
0.00941074
-0.00638151
0.00327449
0.000476488
-0.00273576
0.00317899
-0.00112676
0.00440124
-0.000546512
-0.00621701
0.00807249
-0.00509276
-0.000303262
0.00390249
-0.00631351
0.00457024
-0.00452501
0.00312199
0.00442724
-0.00449276
0.00823749
-0.00963176
0.00245399
0.00310524
-0.00443301
0.00829449
-0.00649726
0.00340574
-0.00247901
-0.00150801
0.00648899
-0.00300851
0.00289599
-0.00358901
-0.00444276
0.00682724
-0.000506512
0.00422799
0.00108049
-0.00815826
0.00236249
-0.00579501
0.00550999
0.00409724
-0.00198726
0.00309274
-0.0103875
0.00348274
0.00202074
-0.00243576
0.00749049
-0.00473151
-0.00256051
-0.000280512
-0.00273151
0.00854849
-0.00150426
0.00215249
0.000470238
-0.00772001
0.00394449
-0.00334451
-0.000149762
0.00583574
-0.00451501
0.00740749
-0.00642001
0.00129624
0.00160199
-0.00681101
0.0126302
-0.00557376
-0.000243012
0.00328249
-0.00746501
0.00653224
-0.00547251
0.00456849
0.00222499
-0.00461251
0.00730524
-0.00793526
0.00200899
-0.00127676
-0.00454526
0.00613149
-0.00321601
0.00321474
0.00271574
-0.00374951
0.00298149
-0.00695751
0.00255774
0.00132199
-0.00434651
0.0119325
-0.00771126
-0.00126226
0.00357699
-0.00646726
0.00663374
-0.00429701
0.00408849
-0.000884262
-0.00537651
0.00825649
-0.00683951
0.000181738
0.00281024
-0.00484151
0.00472649
-0.00366701
0.00174174
0.00210349
-0.00664501
0.00520349
-0.00650101
0.00396324
0.00218699
-0.00533651
0.00403024
-0.00426726
0.000876488
0.00258274
-0.00194101
0.00489799
-0.00671201
-0.00158901
0.00508624
-0.00155351
0.00477299
-0.00266376
-0.000140762
-0.000457762
-0.00581826
0.00901399
-0.00470526
0.00109974
0.00432774
-0.00957676
0.00432649
-0.00361501
0.000486488
0.00308049
-0.00380751
0.00566224
-0.00793301
0.00112374
0.00435774
-0.00693926
0.00688324
-0.00356626
-5.67622e-05
0.000354988
-0.00380451
0.00573699
-0.00276851
0.000949738
0.00259774
-0.00499926
0.00468399
-0.00457026
-0.000761512
0.00463474
-0.00267251
0.00865724
-0.00457676
-0.00202601
-3.60122e-05
-0.00675576
0.00727524
-0.000992762
0.000662488
0.00192224
-0.00767826
0.00409849
-0.00356451
0.00343899
0.00597274
-0.00488451
0.00432949
-0.00718201
-0.00151226
0.00606024
-0.00448651
0.010662
-0.00334601
-0.00204976
0.000155988
-0.00553626
0.00584799
-0.00264876
0.00192899
0.00415949
-0.00762726
0.00776549
-0.00249126
-0.000841762
0.00158999
-0.00785526
0.00454299
-0.00579576
0.00512249
0.00710499
-0.00502901
0.00382924
-0.00482851
-0.00272226
0.00169049
-0.00365701
0.00999949
-0.00554651
0.00309599
0.00133399
-0.00897251
0.00641349
-0.00449951
0.00366799
0.00204649
-0.00167176
0.00230874
-0.00432226
0.00196124
0.00478374
-0.00645176
0.00887799
-0.00554426
-0.000667762
0.00131399
-0.00317876
0.00391399
-0.00351476
0.000713238
0.00275149
-0.00752001
0.00699649
-0.00232551
-0.00190651
0.00344524
-0.00364351
0.00277299
-0.00410251
5.89878e-05
0.00277574
-0.00826676
0.00591699
-0.00199451
-0.00202376
0.00551174
-0.00610401
0.00515724
-0.00813626
0.000759988
0.00497124
-0.00589701
0.00750649
-0.00357151
-0.00371901
0.00493699
-0.00540651
0.00525249
-0.00515276
0.00212999
0.00246399
-0.00628451
0.00764749
-0.00273751
-0.00392851
0.00365699
-0.00540826
0.00487524
-0.00276576
0.00100524
0.00447524
-0.00862876
0.00685574
-0.00386601
-0.00209901
0.00684749
-0.00796901
0.00603999
-0.00474526
-0.00222201
0.00637649
-0.00707101
0.00789874
-0.00487526
-0.000711262
0.00135574
-0.00541726
0.00649774
-0.00332176
-0.000352012
0.00317174
-0.00592976
0.00433249
-0.00300226
0.000667738
0.00495699
-0.00753826
0.00295274
-0.00115926
-0.00183851
0.00768274
-0.00411476
0.00456224
-0.00566226
-0.00132701
0.00471049
-0.00695301
0.011824
-0.00545601
-0.000206012
0.00213249
-0.00771251
0.00916974
-0.00593676
0.00216974
-0.000472762
-0.00711926
0.00588924
-0.00222001
0.00103649
0.00422049
-0.00907251
0.00403099
-0.00359176
-0.000967012
0.00936174
-0.00580751
0.00626849
-0.00724601
-0.00183826
0.00512224
-0.00519701
0.00800324
-0.00460826
-0.00158126
0.00488724
-0.00665551
0.00728624
-0.00360101
0.000624238
0.00312374
-0.00758276
0.00470174
-0.00249501
0.00140174
0.00606024
-0.00695101
0.00226674
-0.00440376
-0.000581512
0.00683374
-0.00349601
0.00555649
-0.00597951
-0.00335226
0.00420499
-0.00552876
0.00862099
0.00145224
-0.00468201
0.000358238
-0.00614801
0.00414649
-0.00300851
0.00460049
0.00323899
-0.0103383
0.00499849
-0.000484762
-0.00228701
0.00685199
-0.00637626
0.00451099
-0.00600276
0.000623738
0.00518599
-0.00512951
0.00332549
-0.00104951
-0.00138876
0.00362849
-0.00367976
0.00316049
-0.00336976
0.000631988