0.00543003
-0.00365122
0.00132753
0.00259828
-0.00455522
0.00507203
-0.00367272
0.00212028
0.00222103
-0.00428822
0.00655628
-0.00470847
0.00132028
0.00237528
-0.00486997
0.00534103
-0.00304897
0.00188228
0.00205878
-0.00385122
0.00572078
-0.00495972
0.00129578
0.00172703
-0.00515872
0.00612728
-0.00361647
-0.000511719
0.00230778
-0.00462972
0.00554628
-0.00464572
0.00259778
0.00171428
-0.00468422
0.00554778
-0.00222547
8.45312e-05
0.00457878
-0.00559597
0.00549928
-0.00382397
0.00289553
0.00386503
-0.00422247
0.00433828
-0.00412272
0.00156503
0.00175303
-0.00399272
0.00399903
-0.00437872
0.000830531
0.00344328
-0.00643272
0.00513378
-0.00495997
0.00300453
0.000261781
-0.00467097
0.00482953
-0.00462997
0.00145553
0.00222753
-0.00456847
0.00574903
-0.00375597
0.000897281
0.00308153
-0.00578672
0.00510878
-0.00350322
0.00206903
0.00175903
-0.00533972
0.00522028
-0.00410122
0.000771531
0.00311103
-0.00529522
0.00455803
-0.00457147
0.00147153
0.00261878
-0.00526872
0.00498528
-0.00389097
0.000917031
0.00339753
-0.00452847
0.00566278
-0.00577347
0.00141878
0.00181853
-0.00289572
0.00528953
-0.00363447
-6.27188e-05
0.00115828
-0.00505647
0.00685778
-0.00228622
0.000551781
0.000122281
-0.00671347
0.00634203
-0.00167172
0.00143428
0.00194278
-0.00744722
0.00428603
-0.00478672
0.00331453
0.00400353
-0.00646347
0.00386878
-0.00388197
0.000544031
0.00305378
-0.00345647
0.00480303
-0.00629572
0.00133753
0.00408728
-0.00466422
0.00646753
-0.00486622
0.000401031
0.00183428
-0.00344722
0.00588853
-0.00464822
0.000244031
0.000636281
-0.00397847
0.00651503
-0.00509797
0.00102228
0.00164028
-0.00465097
0.00692928
-0.00587147
0.000842781
0.00259153
-0.00432797
0.00523353
-0.00433747
0.000728781
0.00290178
-0.00345022
0.00357703
-0.00479722
0.00112578
0.00372153
-0.00356447
0.00539703
-0.00488822
0.00180178
0.00312303
-0.00504272
0.00543178
-0.00462072
0.00185003
0.00263653
-0.00366497
0.00651103
-0.00562347
0.00102053
0.000810281
-0.00386397
0.00588228
-0.00345897
0.000760781
0.000802531
-0.00480397
0.00658378
-0.00397472
0.00200203
-0.000972719
-0.00482497
0.00464028
-0.00402322
0.00167103
0.00111528
-0.00452747
0.00605353
-0.00337597
2.47812e-05
0.00318453
-0.00670322
0.00632428
-0.00352947
0.00196978
0.00139328
-0.00512222
0.00539603
-0.00404322
0.00294253
0.00310753
-0.00560847
0.00492478
-0.00602522
0.00314953
0.00282753
-0.00461772
0.00361203
-0.00340622
0.00177328
0.00272253
-0.00380822
0.00393928
-0.00381147
0.00123028
0.00273728
-0.00566047
0.00478653
-0.00370572
0.000872281
0.00238703
-0.00416522
0.00518153
-0.00367647
0.00136678
0.00204603
-0.00557847
0.00619178
-0.00510072
0.00272278
0.00200628
-0.00542822
0.00452953
-0.00398997
0.00199153
0.00378203
-0.00508547
0.00381478
-0.00508222
0.00375828
0.00224078
-0.00342172
0.00396403
-0.00430647
0.00140678
0.00362978
-0.00387797
0.00508428
-0.00606747
0.00157278
0.00398403
-0.00577147
0.00520103
-0.00486272
0.00222978
0.00239003
-0.00261472
0.00598353
-0.00596472
0.00204453
0.00136528
-0.00255347
0.00311653
-0.00292597
0.000492281
0.00252878
-0.00280247
0.00582728
-0.00507522
5.72812e-05
0.00158903
-0.00282222
0.00622103
-0.00379372
-0.00140097
0.00103303
-0.00392922
0.00802628
-0.00440797
0.000738781
-4.44688e-05
-0.00531172
0.00911153
-0.00405172
0.00326478
-0.000695719
-0.00647047
0.00423603
-0.00189447
0.00422503
0.00308003
-0.00843097
0.00377528
-0.00419997
0.00345303
0.00452728
-0.00559972
0.00279728
-0.00615697
0.00182378
0.00512553
-0.00287397
0.00636378
-0.00702797
-0.00101872
0.00233203
-0.00199722
0.00800503
-0.00584972
-0.000593219
0.000379531
-0.00455747
0.00915953
-0.00311472
0.000299281
0.000553531
-0.00599322
0.00716803
-0.00334372
0.00235553
-0.000285219
-0.00563247
0.00443828
-0.00345247
0.00330228
0.00324028
-0.00591547
0.00500428
-0.00519297
-3.89688e-05
0.00343478
-0.00436022
0.00684578
-0.00437072
-0.000167719
0.00193728
-0.00428072
0.00877103
-0.00470672
0.000242281
0.00176853
-0.00630372
0.00722753
-0.00221747
-4.92188e-05
0.00218378
-0.00579347
0.00579528
-0.00342222
0.00300053
0.000835281
-0.00519422
0.00631228
-0.00413072
0.00197028
0.00181803
-0.00582047
0.00637378
-0.00332047
0.00357003
0.000130031
-0.00502872
0.00531053
-0.00337272
0.00163803
0.00175453
-0.00476272
0.00463553
-0.00456297
0.00272703
0.00234353
-0.00412522
0.00289028
-0.00495072
0.00108228
0.00267453
-0.00243972
0.00528928
-0.00558622
-0.000366219
0.00274128
-0.00304172
0.00476653
-0.00288947
0.00113878
0.00122878
-0.00498597
0.00702778
-0.00317697
0.000271031
0.00283128
-0.00532147
0.00531978
-0.00396322
0.00133278
0.00301203
-0.00390072
0.00543928
-0.00555697
0.00128828
0.00302328
-0.00474922
0.00701453
-0.00508922
0.00159728
0.00140128
-0.00371497
0.00516103
-0.00353697
0.000771781
0.000511281
-0.00318422
0.00640178
-0.00426272
0.00126653
0.00106153
-0.00446547
0.00530928
-0.00252997
0.000522281
0.00132928
-0.00599197
0.00657178
-0.00431147
0.00275203
-3.24688e-05
-0.00718072
0.00652428
-0.00291922
0.00293978
0.00344703
-0.00706097
0.00435528
-0.00444622
0.00213878
0.00287828
-0.00406572
0.00438803
-0.00600372
0.00126378
0.00330628
-0.00548622
0.00849453
-0.00562947
0.000372781
0.00199553
-0.00444097
0.00654853
-0.00280572
0.000449281
0.00128328
-0.00386747
0.00709103
-0.00498597
0.00186003
0.00152103
-0.00521597
0.00575228
-0.00291172
0.000852281
0.00247828
-0.00548122
0.00536378
-0.00560322
0.00235853
0.00254653
-0.00431922
0.00703278
-0.00617422
0.000888281
0.00103328
-0.00472197
0.00641728
-0.00459497
0.000550781
0.00274853
-0.00512797
0.00564228
-0.00298872
-0.000508219
0.000924531
-0.00356947
0.00583203
-0.00352072
0.000679031
0.000985531
-0.00538247
0.00568878
-0.00335997
0.00118628
0.00126453
-0.00749147
0.00537153
-0.00244847
0.00307128
0.00198003
-0.00611347
0.00443678
-0.00558172
0.00365603
0.00294553
-0.00395072
0.00532803
-0.00534847
0.000771031
0.00221628
-0.00257397
0.00664628
-0.00561947
0.000210281
0.00277428
-0.00497972
0.00780728
-0.00598447
-8.32188e-05
0.00102153
-0.00639772
0.00688278
-0.00398497
0.00215953
0.000327281
-0.00568472
0.00603478
-0.00290397
0.00305753
0.000267031
-0.00593997
0.00563003
-0.000610219
0.00348903
0.00276903
-0.00825322
0.00436403
-0.00229547
0.00362678
0.00365828
-0.00590922
0.00419653
-0.00642997
0.00357428
0.00395853
-0.00409147
0.00335653
-0.00547972
0.00133678
0.00495678
-0.00456147
0.00561878
-0.00541872
0.000507281
0.00280703
-0.00330322
0.00509928
-0.00508972
0.00122253
0.00377328
-0.00508122
0.00542478
-0.00484972
0.00240728
0.00131878
-0.00387097
0.00503553
-0.00556997
0.000703031
0.00246703
-0.00357622
0.00644203
-0.00522872
0.000506281
0.00157428
-0.00448022
0.00671703
-0.00518447
0.00271803
-0.000482219
-0.00351872
0.00678728
-0.00442297
0.00272503
0.000289531
-0.00572522
0.00544678
-0.00167022
0.00149803
0.00130653
-0.00558347
0.00437703
-0.00268772
0.00251903
0.00376778
-0.00667722
0.00514578
-0.00561947
0.00249103
0.00237078
-0.00580572
0.00607003
-0.00653647
0.00287853
0.00134953
-0.00353422
0.00348553
-0.00498897
0.00163303
0.00246503
-0.00440047
0.00544428
-0.00489322
0.000464281
0.00195428
-0.00215422
0.00655328
-0.00561147
0.000853531
0.00112853
-0.00258772
0.00652353
-0.00391622
0.000216281
0.00188803
-0.00477772
0.00712328
-0.00291947
0.00165153
0.00132403
-0.00686022
0.00538728
-0.00391072
0.00426653
0.00368153
-0.00707122
0.00363178
-0.00636997
0.00361603
0.00315628
-0.00311322
0.00419153
-0.00583147
0.000752531
0.00433378
-0.00422247
0.00622278
-0.00482447
0.000448031
0.00369353
-0.00674297
0.00646203
-0.00382422
0.00291178
0.00220628
-0.00625672
0.00718303
-0.00518547
0.00275828
0.00162203
-0.00391197
0.00357303
-0.00429297
0.00275053
0.00319803
-0.00573347
0.00488753
-0.00461597
0.00261978
0.00148503
-0.00208822
0.00375228
-0.00363397
0.000556281
0.00256153
-0.00286022
0.00589328
-0.00382922
0.000210281
0.00252103
-0.00333422
0.00712103
-0.00341022
-0.000798469
0.00276703
-0.00432222
0.00673528
-0.00521347
0.000781531
0.00103828
-0.00401347
0.00687128
-0.00310447
0.000669531
0.00100228
-0.00462197
0.00701303
-0.00467022
0.00294653
0.00225078
-0.00640522
0.00495678
-0.00618872
0.00316653
0.00455203
-0.00494897
0.00646653
-0.00654072
0.00162728
0.00256578
-0.00244797
0.00637928
-0.00662397
3.80312e-05
0.00400403
-0.00324847
0.00717303
-0.00404222
-0.00195197
0.00164478
-0.00145897
0.00524428
-0.00425072
0.000553281
0.000921781
-0.00426997
0.00594003
-0.00467397
0.00198478
-0.00115122
-0.00469597
0.00618703
-0.00349747
0.00149628
0.00267353
-0.00431697
0.00317778
-0.00456447
0.00227828
0.00260428
-0.00283822
0.00631503
-0.00323322
0.000239531
0.00306753
-0.00744172
0.00808928
-0.00288747
0.00152453
0.00285953
-0.00657772
0.00351928
-0.00234972
0.00485853
0.00172703
-0.00930322
0.00351628
-0.00119722
0.000735781
0.00120928
-0.00257772
0.00362153
-0.00382472
0.00337953
0.00130153
-0.00864372
0.00761453
0.000736031
0.000731781
-0.00157397
-0.00292097
0.00961728
-0.00487147
-0.000668469
-0.00215272
-0.00191997
0.00874828
-0.00594747
-0.000579969
0.00521003
-0.00380272
0.00377178
-0.00542972
-0.00227497
0.00378778
0.00468828
0.00519778
-0.0120265
-0.000735219
0.00680753
-0.00296272
0.00536853
-0.00689947
-0.00432447
0.0102205
-0.00244322
-0.000507719
-0.00197897
0.00220303
0.00314128
-0.00141472
0.00650503
-0.012405
0.000787031
0.00903453
-0.00754522
0.00759828
0.000691781
-0.000651219
-0.00551022
-0.0104822
0.00803278
-0.00414122
0.00538978
0.0155165
-0.00967747
-0.00546897
-0.000446969
-0.0107335
0.00362853
0.0135425
-0.00290947
0.00163928
0.010349
-0.0116897
-0.00892172
0.0183125
-0.000449469
-0.0107617
-0.00304822
0.00761028
0.0103355
-0.00499897
-0.00360847
-0.010628
-0.00125397
0.0302355
-0.00121922
-0.028327
-0.011843
0.0370588
0.0270495
-0.0208355
-0.0115302
-0.00417597
-4.59688e-05
0.0562208
0.0242875
-0.0385095
-0.0670727
-0.00342797
0.131154
0.0393465
-0.114913
-0.113122
0.0353983
0.149528
0.00824628
-0.0681127
-0.081154
-0.0190715
0.0721055
0.0466383
-0.024422
-0.0379447
0.00802128
-0.00668097
-0.0297675
0.031113
-0.020843
-0.00372472
0.0307553
-0.0192502
-0.0197262
0.023183
-0.00183597
-0.00816022
0.00514678
-0.00744822
-0.0164122
0.00728828
0.0160095
-0.00789547
0.00839028
0.0176148
-0.00595372
-0.0174372
-0.00903047
0.0213778
0.00547853
-0.0134197
0.0202425
0.00342928
-0.0177995
0.00294628
-0.0104995
-0.00521747
0.00258978
0.0268775
-0.00187622
-0.0287072
-0.019872
-0.00856147
0.04369
0.0221963
-0.0637637
-0.0432367
0.0263865
0.0542015
-0.023826
-0.0907227
-0.0243892
0.0274863
0.0959048
0.031647
-0.0847152
-0.0257965
0.0344048
0.039841
0.0241025
-0.0248437
-0.0139567
-0.00873122
0.0103748
0.0351438
-0.00407697
-0.0229395
0.016721
0.0300793
-0.0157682
-0.015579
0.00370328
0.00414153
0.0172148
0.000836531
-0.0158365
0.00258853
-0.0101355
-0.0134287
0.00376328
-0.00718922
-0.00356997
0.00739078
-0.00631147
0.000192781
0.0114065
0.00118028
-0.0173212
-0.00630997
-0.00500622
0.026572
0.031177
-0.033671
-0.00719147
0.0214155
-0.0208905
-0.00710247
0.00418903
-0.00310272
0.00726503
0.00583603
-0.0224765
-0.067448
-0.0418735
0.0317293
0.0569223
0.0249243
-0.0808975
-0.0170402
0.0694358
0.0494995
0.00182828
-0.0624435
-0.01704
0.0285758
0.0688178
0.0353638
-0.00220697
-0.00610897
-0.00581622
0.0479465
0.0322783
-0.0349967
-0.0468707
0.0463318
0.124459
0.010519
-0.0946847
-0.0852285
0.0744715
0.135106
0.0134655
-0.106746
-0.110255
0.0396705
0.095701
0.0281173
-0.055295
-0.0469327
0.038408
0.0528875
0.022135
-0.0363922
0.00491678
0.0396723
-0.00795122
-0.0334275
-0.0256687
0.0431183
0.032613
-0.0334322
-0.0773725
-0.104614
-0.0222897
0.019919
0.00376553
0.0189123
-0.00388122
-0.0214412
-0.0210045
-0.0105577
-0.017758
-0.041771
0.0158515
0.0569065
-0.00436947
0.0118535
0.019672
-0.000308969
0.0175398
0.0738175
0.023941
-0.0633597
0.033275
0.100557
-0.024531
-0.075459
-0.0801317
-0.0359967
0.00905428
0.0133598
0.00733953
0.00335003
0.0256795
-0.00407747
-0.0301152
-0.0287342
-0.0328847
0.0165675
-0.00179872
-0.0558927
-0.00399772
0.0380478
0.0244753
0.026185
-0.0217047
-0.0517442
-0.0289705
0.0276075
-0.0345192
-0.036831
0.0501488
0.0757005
0.10379
0.026024
-0.0554747
-0.079058
-0.0882332
0.00142003
0.0343185
-0.095701
-0.051869
0.0794693
0.0779333
-0.0296532
-0.0221457
0.03198
0.0522693
0.0232995
-0.104255
-0.067231
0.086541
0.0911478
0.074869
0.0379103
-0.0529295
-0.0709707
-0.0271267
-0.00642422
0.0321008
0.0378558
-0.00702097
-0.00301372
0.000171781
-0.040438
0.00529578
0.049363
-0.000307219
-0.0377477
-0.0314575
-0.081606
-0.074625
-0.0902115
-0.012637
0.0558988
0.0752868
0.025316
-0.0474472
0.010618
0.061646
0.0664523
-0.00818722
-0.110154
0.00421478
0.106042
0.04659
0.00123478
-0.078243
-0.086351
0.00361478
0.0392305
0.0674273
0.0225055
-0.00755172
-0.00162047
0.0144515
-0.0476225
-0.114316
-0.07203
-0.0755482
-0.172769
-0.12642
0.00758478
0.076811
0.0803858
-0.067891
0.00243978
0.170291
0.208104
0.12306
0.0863188
-0.129749
-0.242186
-0.0310492
0.175637
0.168541
0.083309
-0.0240355
-0.106095
-0.128595
-0.0527772
0.0579013
-0.0495072
-0.0321127
0.040981
0.113387
0.0702033
0.026587
0.0767335
-0.0163365
0.00287103
0.00458028
-0.059094
-0.0552767
0.0225128
0.031146
0.025833
0.0850405
-0.00781922
0.0141045
0.118995
0.0102483
-0.13828
-0.0782767
0.044639
-0.0180262
0.0573775
0.059127
-0.124382
-0.14405
0.0180553
0.132798
0.070117
0.0180175
-0.074391
-0.0769122
-0.0433435
0.165626
0.140512
0.0511808
0.0885263
0.119855
-0.025885
-0.15633
-0.0534895
0.0988683
0.0224888
-0.066021
-0.0878887
0.0621083
0.0989745
0.142311
0.164628
0.211972
-0.012296
-0.0850342
0.0109525
0.172095
0.125343
-0.00833897
-0.181637
-0.11674
-0.0433562
-0.0933975
0.0340433
0.0204993
-0.121631
-0.160065
-0.054391
-0.0657245
-0.131155
-0.138107
-0.00482197
0.0133958
0.036168
0.0498765
-0.211757
-0.127081
0.0509328
-0.125662
-0.327753
-0.16373
-0.0150947
-0.152803
0.0303955
0.065281
0.0194153
0.211653
0.161224
-0.031455
-0.00244497
0.0654678
0.122043
0.192216
0.214771
-0.0490507
0.12598
0.37302
0.310957
0.214487
0.106871
0.0587105
-0.108583
-0.169696
-0.0221375
0.0763203
-0.092981
-0.24522
-0.172568
-0.013838
0.181797
0.106036
-0.0186387
0.00868103
0.214176
-0.103871
-0.259513
-0.325524
-0.0875287
0.183468
0.0281453
-0.166311
-0.191783
0.0418603
0.112239
0.072527
-0.104521
-0.0696847
0.0309125
-0.146057
-0.203258
0.0895195
-0.0864035
-0.0408872
-0.167039
0.108915
0.209068
-0.0687152
-0.14578
0.0254365
0.273708
0.0459468
-0.468713
-0.365475
0.112646
0.116353
-0.1949
-0.126055
0.200086
0.134889
-0.103428
-0.0344695
-0.0119857
-0.207965
-0.491573
-0.577788
-0.436789
-0.300429
-0.00279322
0.056498
-0.201589
-0.384294
-0.324979
0.156927
0.25129
0.13849
-0.000259469
0.017847
0.181236
-0.0105657
-0.00878247
-0.034909
-0.0562622
0.0875253
0.157718
0.456137
0.696805
0.488963
-0.0472655
-0.190129
-0.295376
0.0519753
0.443483
0.430468
0.37559
0.0444805
0.154367
0.098246
0.163702
0.357395
0.622979
0.489665
0.0116073
-0.207208
-0.00911672
-0.0556877
-0.121472
-0.121786
0.0682913
0.113054
0.112075
0.152481
0.108833
0.216665
0.017593
-0.322418
-0.057364
-0.053528
-0.0165315
0.0723955
-0.26235
-0.243892
-0.139738
-0.0482385
0.0818943
-0.012108
0.0279165
-0.266827
-0.139443
0.282464
0.287874
0.0908398
-0.165429
-0.113128
-0.138325
-0.333565
-0.316726
0.108705
0.137152
-0.205102
-0.437138
-0.36171
-0.023042
0.291636
0.48413
0.310123
-0.0367835
-0.0934042
-0.0195135
0.236046
0.176625
-0.0191527
-0.344119
-0.397166
-0.412046
-0.109481
0.302009
0.253189
0.123993
-0.127007
-0.253941
-0.10167
0.226481
0.173516
0.0288918
-0.039887
-0.184317
-0.202011
-0.285697
0.164803
0.19181
0.288788
-0.0341747
-0.0976032
-0.0680052
0.061176
-0.0559122
-0.178882
-0.136939
0.120759
0.231727
0.320615
0.0658378
0.069834
0.215686
0.183988
-0.0516075
-0.0585542
0.11159
0.177999
0.103929
-0.068175
-0.113696
-0.0939335
0.113061
0.130194
0.0376368
0.0712853
0.0122008
0.0352973
-0.0288657
-0.0961407
-0.196472
-0.07033
0.0924628
0.215778
0.157126
-0.0406152
-0.295521
-0.141359
-0.099568
0.126095
-0.0423497
-0.0851015
-0.01205
-0.035353
-0.0708445
-0.193617
-0.0358897
-0.0148265
-0.0512352
-0.052946
0.0736423
0.325973
0.200064
-0.0982712
-0.157024
-0.165444
0.0360888
0.179373
-0.0590452
-0.117737
0.0581328
0.133368
-0.0724915
-0.258208
-0.046269
0.077536
0.0947103
-0.0191092
-0.0902642
-0.120299
-0.036171
-0.0305217
0.0599633
-0.000716969
0.00669403
-0.235621
-0.173478
0.0238538
-0.0864332
-0.472404
-0.5504
-0.0486885
0.101246
0.059455
-0.157934
-0.250949
0.0221898
0.148748
0.293673
0.0135168
-0.0404582
0.00159728
-0.0411332
0.0240308
0.311331
0.370889
0.208309
-0.0557357
-0.274661
-0.231266
-0.199549
0.190415
0.268032
0.252435
-0.019645
-0.0875102
0.115592
0.250356
0.151553
-0.203361
-0.139497
0.00101478
0.2311
0.370772
0.291295
-0.0232297
-0.263619
-0.257258
0.0990958
0.23774
0.04018
-0.300212
-0.2898
0.175878
0.31765
-0.0852887
-0.373216
-0.217018
0.174136
0.305696
-0.46157
-0.383281
0.110669
0.271954
-0.0623147
-0.289404
0.257405
0.349642
-0.116114
-0.484839
-0.00841247
0.436587
0.473616
0.172319
-0.0468252
0.0782645
0.0879695
-0.109139
-0.193004
-0.137057
0.12655
0.0137373
-0.0837232
-0.179788
0.060567
0.0856915
0.151306
-0.0623242
-0.116255
-0.0601815
0.100429
0.11418
-0.014875
-0.483531
-0.2343
0.02353
0.0510335
0.00622978
-0.300639
-0.259162
0.362476
0.258095
0.163347
-0.0653715
0.102105
0.275011
0.178468
-0.132161
-0.320993
-0.034594
0.252665
0.127667
-0.0621427
-0.157683
-0.117274
0.0764635
0.255817
0.125727
-0.0612392
-0.146574
0.377873
0.461398
0.024655
-0.323853
-0.288181
-0.0738542
0.272261
0.18493
-0.079937
-0.0102502
0.0458583
-0.0786955
-0.383591
-0.384722
0.0159695
0.147284
0.149977
-0.166279
-0.113651
0.0555538
0.18708
0.0523603
-0.104214
-0.138808
0.0839033
0.164551
0.0885655
0.0422248
0.0480123
0.159441
0.24125
-0.0466222
-0.340706
-0.114112
0.184519
0.18895
-0.101106
-0.186555
0.047311
0.385722
0.283817
-0.158983
-0.353434
-0.267819
-0.0675612
0.305052
0.135982
-0.0788257
-0.0565362
-0.096662
-0.0709392
0.0493638
0.186044
-0.0102725
-0.255011
-0.213144
0.09086
0.212723
0.167063
-0.127357
-0.332382
-0.117719
0.0928645
-0.0140435
-0.0891282
-0.0708322
0.0159893
0.00400853
-0.0697132
-0.0931975
-0.08168
-0.0715725
-0.036306
-0.0145317
-0.14061
-0.234978
0.0278785
0.361295
0.121361
-0.171078
-0.210014
-0.0202875
0.193279
-0.178837
-0.113585
-0.0272405
0.192489
0.220617
-0.0807477
0.067606
0.302729
0.222431
0.0862775
0.0509165
0.00585653
-0.188383
-0.209879
-0.018186
0.183188
0.253908
-0.00393447
-0.168102
-0.10566
-0.0725725
-0.157991
0.0890243
0.135205
-0.111162
-0.267496
0.0777218
0.226616
0.18342
0.00163303
-0.182211
-0.0469265
0.169017
0.148484
-0.025019
-0.169449
0.275038
0.431013
0.02919
-0.443818
-0.281586
0.00616628
0.223988
-0.0160662
-0.050931
-0.155748
-0.045401
0.0192338
-0.000992719
-0.17291
-0.229786
-0.00148872
0.143416
0.0227995
-0.0767137
0.162596
0.162539
0.061529
-0.247914
-0.196918
-0.0514915
0.0815085
0.0271905
0.169774
0.0572393
-0.0789817
-0.0288217
0.0564383
0.0689445
0.142613
0.220857
0.141059
-0.0433317
-0.162942
-0.0243442
0.24121
0.157863
-0.107815
-0.12591
0.025844
-0.0163467
-0.0507025
-0.077923
0.0847788
0.115568
-0.122811
-0.15242
-0.074082
0.0817895
0.144711
0.0451698
0.072056
-0.104388
-0.0312097
0.0351735
-0.10751
-0.030569
0.0729703
0.131491
0.05148
-0.016735
-0.00939647
0.0205835
-0.00644222
-0.0763047
-0.0693812
-0.12226
-0.0674692
-0.0996727
-0.0408132
-0.0465347
0.088864
0.308379
0.323101
0.152375
-0.125213
-0.1445
-0.0472472
-0.00998097
-0.0212192
-0.117647
-0.112853
-0.0959807
0.0295293
0.131793
0.0556395
0.0392458
-0.0932685
0.0177385
0.0656923
-0.00777572
-0.020128
-0.027932
-0.102213
-0.244371
-0.242431
-0.027295
0.073809
0.0945395
0.186513
0.12356
-0.122147
-0.141994
-0.0513757
0.0373883
-0.18689
-0.210305
0.0883925
0.217348
0.0892863
-0.05137
-0.0181885
0.0732643
0.122635
0.0534953
-0.0696752
-0.07987
-0.030976
0.0300863
0.0587505
0.0853505
0.111446
0.0520505
0.060186
-0.0312375
0.00512428
-0.0242157
-0.0384482
-0.0996747
-0.133765
0.0339313
0.0832805
0.0442115
-0.00810747
0.0556418
-0.024396
-0.101692
-0.050536
0.076777
0.0626003
-0.030319
0.0111455
-0.0169615
-0.0252535
0.0358318
-0.00777122
-0.1976
-0.305659
0.0288358
0.201333
0.260117
-0.174832
-0.269486
-0.00156447
0.176859
0.192523
0.0833975
0.103521
0.171781
0.20655
-0.138492
-0.140984
-0.071942
0.036753
0.0131678
0.0542315
0.00337653
-0.0111652
0.142704
0.117645
0.0101383
-0.0423545
-0.0633665
-0.0923597
0.00556753
0.0497613
0.120732
-0.042313
-0.153991
0.019797
0.0586228
-0.0769155
-0.109867
-0.010528
0.029464
-0.0239335
-0.094571
-0.147286
-0.0710445
0.100392
0.139412
0.045349
-0.077541
-0.164352
-0.0880512
-0.00629422
0.0555743
-0.00579047
0.0101238
0.041667
0.046527
0.0301595
0.0330565
0.0136748
-0.058722
-0.0123632
0.121722
0.0713015
-0.0511852
-0.0353502
0.00434428
0.0166938
0.0823695
0.11022
0.0485373
-0.135526
-0.100826
0.071641
0.0962728
-0.0388327
-0.116751
0.11255
0.237322
0.0450538
-0.254895
-0.337164
-0.0295207
0.064533
0.111643
0.189197
0.00385128
-0.155078
-0.295582
-0.137973
0.064424
0.211619
0.130374
-0.0518035
-0.106627
-0.0684055
0.0273575
0.103179
0.0388195
-0.0784155
-0.019572
0.0500445
0.031477
-0.0660415
-0.0276
0.0630513
0.140162
0.0630955
-0.0756767
-0.118092
-0.0204652
0.0519978
0.082595
0.0511003
-0.0452945
-0.0415427
-0.0232425
0.0331833
0.036652
0.00167103
-0.0404942
-0.084164
-0.027002
0.034708
0.0329743
-0.0339575
-0.0399332
0.00849303
0.032747
0.0374375
0.0196513
-0.00626447
-0.0771382
-0.0928567
0.0252783
0.142381
0.111909
-0.0212347
-0.102044
-0.084012
-0.010336
0.0791538
0.0539578
-0.00990997
-0.00755322
0.0297938
-0.043315
-0.0187925
0.040049
0.0498225
0.0251918
-0.00823722
0.00572528
0.00890128
0.0105498
-0.0171747
-0.0555112
-0.00951622
0.024769
0.00999803
-0.0144975
0.00784953
0.0172193
-0.0113097
-0.012387
7.72812e-05
-0.0248622
-0.00720572
0.092666
0.138364
0.0260583
-0.0618372
-0.0685285
-0.0419227
-0.00605497
0.0198138
0.00699503
0.0248938
0.0258798
-0.0249947
-0.0627247
-0.043863
0.014639
0.0658198
0.0419095
-0.0312495
-0.061022
-0.037897
-0.00499097
0.0253898
0.0309553
-0.00447897
-0.0168837
-0.0127087
-0.0148682
-0.0218767
-0.0136305
0.0300465
0.00309978
0.00786478
-0.000113219
-0.039568
-0.00653347
-0.00182922
0.021021
-0.00288022
-0.011671
0.0197415
-0.0169185
-0.0217597
0.032039
0.0206408
-0.023768
-0.0105085
0.0305608
0.019321
-0.0195882
0.0334815
-0.00124847
-0.010316
0.0288645
-0.0120537
-0.0287207
-0.0139672
0.0195245
-0.00771972
-0.0713552
-0.0188932
0.0350305
0.015297
-0.062431
-0.0504757
0.019375
0.038729
-8.22188e-05
-0.0469035
-0.024719
0.025717
-0.00294922
-0.0250297
0.00415378
-0.00507472
-0.0351922
-0.0380442
0.00439978
0.0637468
0.047225
0.0295865
0.00777078
-0.00324697
-0.01269
-0.0103465
0.0152423
0.00310928
0.00631278
0.0253095
-0.00145997
-0.00587197
0.0306628
0.0348055
0.00449728
-0.00972672
0.0135073
0.00919678
0.00135978
-0.011017
-0.00435747
0.0145543
0.0185223
-0.00923747
-0.0129587
-0.0223605
0.0251458
0.0227835
0.00237053
-0.0115105
-0.026005
-0.0181035
0.00405928
0.0346363
0.021346
-0.031746
-0.00900522
0.0140638
0.0177198
0.0146253
0.0273343
0.0701083
0.0207308
-0.0184825
0.00583178
-0.0146605
-0.00510672
0.0579265
0.060013
-0.0300047
-0.09466
-0.076203
0.00168428
0.091718
0.086581
0.011252
-0.0545207
-0.0947497
-0.031907
0.00489178
0.0100913
0.0226485
0.00484628
-0.0242047
0.00468503
0.00777628
-0.0269435
-0.0349962
-0.0100237
-0.0111965
-0.00472722
0.0238118
-0.00719622
0.00568753
0.0232388
0.00729628
-0.00275997
-0.0108055
-0.00331897
-0.00941122
-0.016616
0.00846853
0.0408525
0.0236128
-0.0270512
-0.051862
-0.0291452
-0.00364622
0.0454618
0.0409713
0.00757403
0.00271353
-0.01693
-0.0195842
-0.00771697
-0.00750147
-0.00807297
0.00199303
0.00252503
-0.00793772
-0.0122485
-0.00995897
-0.0109257
-0.00217547
-0.00466947
0.0123463
0.020347
-0.0202615
-0.0283102
0.00189703
0.00507253
0.0126278
-0.0114092
-0.0126982
-0.00245922
-0.00321247
0.00165403
-0.00713847
0.011694
0.0293353
0.00130153
-0.0136152
-0.0323547
-0.037393
0.0294955
0.039
0.0204088
-0.0142292
-0.0369682
-0.0220912
0.00749828
0.0351728
-0.0155285
-0.0856467
0.00155478
0.0656828
0.0472735
-0.0593715
-0.04534
0.0417513
0.0642643
0.0615123
-0.0135055
-0.065135
-0.045055
0.00785328
0.0314293
0.0292085
0.0345125
0.00327528
-0.0130212
-0.00329722
-0.0270222
-0.00634722
0.0248095
0.0146208
0.00991978
-0.00520497
0.00619753
5.42812e-05
-0.00909422
0.00879003
-0.00677372
0.00936178
-0.00803447
-0.0260022
0.00795378
0.00311803
0.000805531
0.0172895
0.00748528
0.00859028
-0.0239542
-0.0131522
0.00800828
-0.00284772
0.00262153
0.0194028
0.00885903
-0.00336722
-0.0356337
-0.0106505
0.00945778
0.0235963
0.015048
-0.012055
-0.000835969
-0.000277719
-0.00472622
0.00586003
0.00227828
0.00415178
-0.00232322
0.00379403
-0.00125772
-0.0106912
0.0143745
-0.00381747
-0.00437772
-0.00206922
-0.00344697
0.00394628
0.00880003
0.00143753
0.000335781
-0.00597222
-0.014961
0.0157115
0.0464923
0.00689928
-0.0253915
-0.0405415
-0.00233872
0.0800435
0.0477225
-0.0419875
-0.088548
-0.021597
0.0289768
0.0275613
0.015271
0.00832953
-0.0216032
-0.0270097
-0.0179947
-0.00198097
0.0288965
0.0143565
0.00196228
-0.00873722
-0.00820372
0.00313628
-0.0118172
-0.00510947
0.0136515
0.0126653
0.0179205
-0.0135947
-0.033812
-0.0224285
-0.00162547
0.0261875
0.0285683
0.0117988
-0.000536469
-0.0371187
-0.00924647
0.00819703
0.0192713
0.023862
-0.0124682
0.00309953
0.00986403
-0.00325247
-0.0133125
-0.0161742
0.0226845
0.0373508
0.013528
-0.0137855
-0.0319237
0.0172138
0.0105985
0.000298781
-0.000786219
0.000719031
-0.00185697
-0.0261182
-0.0274152
0.00180553
0.0180933
0.0195438
-0.0178367
-0.0233527
-0.012471
-0.0135185
-0.00125247
0.00302378
0.00885803
-0.00348147
-0.0147707
-0.000114469
-0.0114447
-0.00456547
0.014811
-0.00352047
0.00539503
0.00372278
0.00454203
0.00347978
0.00795428
0.0186205
-0.0129235
-0.0132955
0.00621303
0.00495903
0.00379378
0.00108478
0.00970503
-0.00644622
-0.011092
0.010393
-0.00774847
-0.00221497
0.00936453
-0.00649072
-0.00679472
0.00272703
0.00693603
-0.015034
-0.0334005
0.00863678
0.0187223
0.0100185
0.000113531
-0.0300022
-0.00787397
0.00496228
0.0108353
0.0125785
-0.00588597
-0.013562
-0.0104812
0.0150123
0.00751328
-0.0165257
-0.017146
0.00458578
0.026414
0.0103535
-0.0173365
-0.00501697
-0.00792797
-0.0202365
-0.0244465
-0.00759097
0.040582
0.0177155
-0.000819469
-0.0103155
-0.0243227
-0.00342422
-0.012863
0.00123953
0.0331803
0.0242078
0.00826328
-0.0173215
-0.00891347
0.00932303
0.00655303
0.00904203
0.00763378
0.00469253
-0.00112972
-0.00973822
0.00432278
-0.00368472
0.00337203
0.0150695
0.0102313
0.0210708
-0.00602697
0.00584753
0.0213058
-0.00423422
0.00230953
-0.00476897
0.018588
0.0320165
-0.00681347
-0.0190467
-0.023416
0.0162213
0.0260385
-0.0144517
-0.0169067
-0.020476
-0.00805447
0.00707128
0.00822278
0.00962978
-0.00389597
0.0140613
-0.0112082
-0.0350657
0.018255
0.024576
-0.0177765
-0.0202145
-0.016978
-0.00174222
0.00362628
0.0258325
0.010671
-0.0139027
0.00664828
0.00365553
-0.012234
-0.010623
-0.0123777
0.00695353
0.045559
0.0407695
-0.0136142
-0.0540495
-0.0326695
-0.00298272
0.0238993
0.021174
0.00455678
0.00584853
-0.0180035
-0.022732
-0.0131085
-0.00323947
0.0135738
0.00213328
0.010206
-5.57188e-05
-0.0197582
-0.00605522
-0.00286497
0.00341778
0.00732428
-0.00434372
-0.00362347
-0.00756922
-0.00527947
-0.00589497
-0.0119427
0.014797
0.00893853
-0.00832897
-0.00907597
-0.00459822
0.0192648
0.00989878
0.00193178
0.00301103
-0.0150177
-7.44688e-05
-0.011773
-0.0123842
0.0103095
0.0221673
0.021896
-0.0110405
-0.0214887
-0.00897072
0.00364353
0.0229838
0.0164688
0.00539128
-0.00911522
-0.0201697
-0.00591647
-0.00744747
0.00912378
0.0136158
0.00238028
0.00314803
-0.0133315
-0.00544547
0.000247531
-0.000914969
0.014486
-0.00516672
0.00425328
0.00973403
-0.00994272
0.0103755
0.000201781
-0.00674147
-0.00147272
-0.000360719
0.00642078
-0.00173572
0.00231978
-0.00741747
-0.0123542
0.00182828
-0.00196322
0.00657803
0.010742
-0.00495997
-0.000225219
-0.00948097
-0.00129597
0.0111088
0.000451531
-0.000786969
-0.00596847
0.00378328
-0.000263719
-0.00522497
0.0130403
-0.000713719
-0.00702047
0.00490403
0.00225103
0.00662253
-0.00498722
0.00107853
0.0114283
-0.000662719
-0.00211547
-0.00379297
0.00247303
0.000750531
0.00170828
0.0185928
0.00540378
-0.00622497
-0.00890847
-0.00655522
0.0283663
0.0135345
-0.00883947
-0.0120992
-0.00444472
0.0153295
0.00607928
-0.00372872
-0.00833272
-0.0122357
0.0158718
0.00667703
0.00322928
-0.00708597
-0.021941
0.000388281
0.000590031
0.00152453
0.00485278
0.00279478
-0.00605622
-0.0173032
-0.00304072
0.00895728
-0.00456897
0.0105758
-0.00180122
-0.00946922
0.000340031
-0.00193072
0.00247753
-0.00140172
0.011186
0.00355853
-0.0108287
0.013946
-0.00473922
-0.00645672
0.013078
0.00599503
0.000191281
-0.00409072
-0.00158172
-0.00359522
-0.0104057
0.0179235
0.00427103
0.00141278
-0.00146297
-0.00628522
0.00586703
-0.00261097
-0.00182772
0.00415103
-0.00230897
0.00207653
-0.0162892
-0.000659219
0.000382531
0.000230031
0.0189175
-0.00628922
-0.00194247
-0.000231469
-0.0169582
6.27812e-05
0.00887003
0.0111773
1.60312e-05
-0.00909772
-0.00198347
-0.014956
-0.00382047
0.0136423
-0.00321422
0.00478653
-0.00887322
-0.00931047
-0.000198219
-0.00277222
0.0128585
0.00543203
-0.0100157
-0.00568572
-0.00389472
0.00284603
-0.00204747
0.00347428
0.00351203
-0.00175947
0.00673253
-0.012524
-0.00615047
0.00310878
0.00214878
0.00183253
-0.000624719
-7.37188e-05
-0.00438947
-0.00701172
0.0103308
-0.00277597
0.00337978
0.00365328
-0.00977322
0.00963478
-0.00795022
-0.000902719
0.000599781
-0.00456547
0.0158755
0.00321878
-0.00501922
0.00780728
-0.0101542
-0.00177422
0.00131603
0.00913153
0.00584203
-0.00182397
0.00157428
-0.0100627
-0.00502372
0.017329
-0.00143472
-0.00406847
-0.00155222
0.00671828
0.000626031
-0.00241572
0.00864453
-0.00766922
-0.00481147
0.00267728
0.00517628
0.00982078
5.37812e-05
-0.00769672
-0.000964969
0.00507178
0.0100163
-0.0114227
0.00767978
0.00983103
-0.010073
-0.000941219
0.00332678
0.00826953
0.00536778
-0.00142072
-0.00199747
-0.00902647
0.010418
-0.00600322
-0.0120937
0.013718
-0.00618197
-0.00198172
0.0117305
-0.00980847
0.00249603
-0.00233347
-0.00538372
0.00777328
-0.00353997
0.00918028
-0.00515222
-0.00855772
0.00980653
-0.00405047
-0.011714
0.00645728
0.00602353
0.00551003
0.00516453
-0.0125755
-0.0139192
0.00819328
0.00423253
0.000656531
0.00494078
-0.01101
-0.00126872
0.00443603
-0.00554447
0.000854281
-0.00693322
0.00429703
0.00565903
-0.00524247
0.0168623
-0.00692997
-0.012598
0.00150228
0.00292528
0.0157085
-0.00646322
-0.00964872
-0.00257097
-0.00124797
0.00691503
0.00342303
-0.00508722
-0.00391622
-0.00506622
0.00722028
0.00242978
0.00284428
-0.00382597
-0.00460197
0.0152905
-0.00322322
0.00161203
0.00557728
-0.0102375
0.00624703
0.00509753
0.000853531
0.00598878
-0.00774047
0.00683303
-0.00307122
-0.00161072
0.00850303
-0.00450072
0.00653278
0.00478253
-0.00658947
-0.00573472
-0.00546297
-0.00418572
-0.00522972
0.0118325
-0.00196747
-0.0136092
0.00646428
-0.00232472
-0.00418547
1.15312e-05
0.00165878
0.00298653
-0.00838147
0.00678528
-0.000543469
-0.0121692
0.0116415
-0.000625219
-0.00545547
-0.000935719
-0.00777872
-0.000838219
-0.00548122
0.00219803
0.000341031
-0.000797219
0.0100765
-0.011031
-0.014605
0.00713303
0.014769
0.00884353
-0.0165447
-0.00330972
0.000159031
-0.00746097
0.0118345
0.00273878
0.00293028
0.00177578
-0.00543497
-0.00135872
-0.00550622
0.00802528
0.00714028
-0.00486622
0.00901978
0.00381878
0.00376753
-0.000135469
-0.0126882
0.00930428
0.00619003
0.00364528
0.00534703
-0.00769922
9.67812e-05
-0.00624522
0.00351828
0.00900153
-0.00183497
0.00123403
-0.00767747
0.00204103
0.000927531
0.000902781
0.0110683
-0.00475372
-0.00103072
0.00377728
-0.01214
0.00685178
0.00235903
0.00546803
0.00283928
-0.00746997
-0.00332422
-0.00467297
0.00445503
0.00906603
-0.00587547
0.00106603
-0.00817197
-0.00291422
0.00421653
0.00137678
0.0125025
0.000344031
-0.00405597
-0.00162397
-0.0113965
0.00241353
0.00251928
0.00100853
0.00380428
-0.00759872
0.00943853
-0.00773697
-0.00424372
0.00534428
-0.00238347
0.00448303
-0.00422322
0.00198653
0.000960781
-0.00339522
0.00481453
-0.00414822
1.97812e-05
4.75312e-05
-0.00544772
0.00700653
-0.00145547
-0.00304322
-0.00228072
-0.00167772
0.00373853
-0.00458147
0.00146653
0.00375953
-0.00472697
0.00463103
-0.00764897
-0.00255997
-0.00171297
-0.00211072
0.0122198
-0.00547722
-0.00456972
0.00306403
-0.00569422
0.00618778
-0.00449972
0.000787031
0.00289678
-0.00547272
0.00348903
-0.00642572
0.00270978
0.00428828
-0.00441847
0.00672878
-0.00272947
0.00266453
0.00290728
-0.00579922
0.00604803
-0.00158022
0.00502078
0.00268628
-0.00453397
0.00755153
-0.00321897
6.52812e-05
0.00231678
-0.00738672
0.00683203
-0.00201822
0.00395253
0.00283503
-0.00771122
0.00284928
-0.00729722
0.000239781
0.00825278
-0.00602322
0.00259753
-0.00333947
-0.00128422
0.00280553
-0.00112947
0.00696328
-0.00937947
0.00197078
0.00312453
-0.00474522
0.00806603
-0.000644719
0.000429031
0.00366378
-0.00468147
0.00625503
-0.00552022
0.00483178
0.00499928
-0.00544222
0.00375153
-0.00313422
0.00342753
0.00413953
-0.00502772
0.00600503
-0.00368547
0.000623281
0.00349078
-0.00547497
0.00463753
-0.00386547
0.00104003
0.00171953
-0.00311847
0.00635203
-0.00790897
-0.00153772
0.00301153
-0.00336672
0.00689228
-0.00381597
0.00144303
0.00107053
-0.00528072
0.00477603
-0.00309397
0.00335603
0.00298753
-0.00667072
0.00251178
-0.00119922
0.00263878
0.00441753
-0.00440097
0.00282578
-0.00267647
0.00129403
0.00203178
-0.00474697
0.00685653
-0.00474922
-0.000521969
0.00449053
-0.00816497
0.00580003
-0.00389372
0.000429031
0.00178028
-0.00589197
0.00684853
-0.00581872
0.00325678
0.00133853
-0.00698972
0.00707153
-0.00430397
0.00165678
0.00287153
-0.00440897
0.00485503
-0.00375347
0.000781281
0.00195253
-0.00428247
0.00626928
-0.00337847
0.000666531
0.00272953
-0.00379722
0.00302753
-0.00343147
-0.000220469
0.00402478
-0.00320572
0.00649503
-0.00514547
7.42812e-05
0.00176553
-0.00570622
0.00665953
-0.00322647
0.00160728
0.000418531
-0.00562372
0.00671378
-0.00399722
0.00305778
0.00302353
-0.00666197
0.00537978
-0.00388197
0.00138478
0.00514903
-0.00443297
0.00427428
-0.00548597
0.00117803
0.00204278
-0.00208147
0.00723678
-0.00484022
-0.000870469
0.00240128
-0.00526472
0.00774178
-0.00122272
0.000857031
-0.000905219
-0.00530997
0.00714428
-0.00416847
0.00375428
0.00225178
-0.00739497
0.00321778
-0.00123522
7.10312e-05
0.00263503
-0.00391022
0.00548103
-0.00788897
0.000965531
0.00290553
-0.00418522
0.00772753
-0.00373122
-0.000242969
0.00204878
-0.00507672
0.00615928
-0.00342597
0.00386628
0.00138328
-0.00361022
0.00470303
-0.00427697
0.00176428
0.00169153
-0.00473472
0.00530303
-0.00125522
3.32812e-05
0.00233453
-0.00391597
0.00469578
-0.00423997
0.00230328
0.00329528
-0.00562047
0.00743628
-0.00525472
0.00129578
0.00380628
-0.00252772
0.00519428
-0.00511972
0.00236478
0.00223928
-0.00527297
0.00652053
-0.00572122
0.00142678
0.00319753
-0.00497372
0.00635603
-0.00562847
0.00333253
0.00176578
-0.00455097
0.00411753
-0.00435172
0.000181031
0.00290403
-0.00339972
0.00869353
-0.00433397
0.000854531
0.000692531
-0.00421047
0.00464653
-0.00397822
0.00333278
0.00132753
-0.00353072
0.00476978
-0.00276422
0.00116678
0.00316578
-0.00368922
0.00438728
-0.00512147
0.00314428
0.00265428
-0.00394372
0.00512028
-0.00604947
3.53116e-06
0.00146003
-0.00435847
0.00695403
-0.00289572
0.00169378
0.00108228
-0.00592122
0.00430103
-0.00588497
0.00268403
0.00210128
-0.00317022
0.00521553
-0.00328797
-0.000139719
0.000743031
-0.00293322
0.00585678
-0.00315722
0.00206678
0.00521078
-0.00689322
0.00711228
-0.00658497
0.00164353
0.00310328
-0.00331597
0.00604478
-0.00420997
0.000741031
0.00115678
-0.00668997
0.00876603
-0.00545522
0.00333428
0.00287353
-0.00535272
0.00531653
-0.00712422
0.00174653
0.00104928
-0.00224672
0.00580978
-0.00302397
0.000345031
0.00137853
-0.00422522
0.00476253
-0.00399947
0.00232978
0.00159603
-0.00308897
0.00402878
-0.00329672
-0.000408969
0.00245553
-0.00239272
0.00623303
-0.00572247
6.80312e-05
0.000942531
-0.00494722
0.00850828
-0.00587772
0.00124128
0.000550781
-0.00537222
0.00510728
-0.00560022
0.00451203
0.00180653
-0.00512997
0.00496878
-0.00446772
0.00217403
0.00313803
-0.00375347
0.00425528
-0.00539022
0.00178453
0.00170253
-0.00338647
0.00649578
-0.00459122
0.00223428
-0.000252969
-0.00501772
0.00563378
-0.00479897
0.00295203
0.00237803
-0.00702697
0.00589928
-0.00529797
0.00348303
0.00237153
-0.00483922
0.00502203
-0.00695522
0.00338828
0.00271903
-0.00362347
0.00699703
-0.00438047
0.00143978
0.00133228
-0.00412897
0.00482803
-0.00444472
0.00297378
0.000503781
-0.00351547
0.00627728
-0.00459172
0.00311178
-0.000432219
-0.00419872
0.00423003
-0.00351772
0.00234178
0.00275728
-0.00378972
0.00483553
-0.00594047
0.00179853
0.000422531
-0.00644622
0.00550578
-0.00463322
0.00265303
0.00212128
-0.00522447
0.00455103
-0.00565672
0.00215953
0.000960281
-0.00537122
0.00510103
-0.00519672
0.00324703
0.00264303
-0.00267997
0.00565678
-0.00694897
0.00216328
0.000723781
-0.00241697
0.00550078
-0.00114747
-0.00129947
0.000981781
-0.00535997
0.00578628
-0.00488872
0.00396503
0.000527281
-0.00532547
0.00588078
-0.00518272
0.00259153
0.00217928
-0.00414922
0.00526778
-0.00607397
-0.000112719
0.00226353
-0.00244022
0.00612328
-0.00536672
0.00144728
-0.000615469
-0.00516272
0.00897153
-0.00286472
0.00150103
0.00159528
-0.00548022
0.00456703
-0.00485322
0.00553478
-0.000785219
-0.00375547
0.00526178
-0.00576072
0.00240853
0.00177478
-0.00252922
0.00463353
-0.00444397
0.00363653
0.00102878
-0.00206122
0.00606878
-0.00542272
9.77812e-05
0.00127228
-0.00295197
0.00734928
-0.00523947
0.000959031
-0.000315719
-0.00353572
0.00751078
-0.00513647
0.00367053
-0.00170147
-0.00348997
0.00569753
-0.00490122
0.00467603
0.000790281
-0.00416447
0.00391853
-0.00528322
0.00413053
-0.000100469
-0.00310297
0.00453828
-0.00429297
0.000611031
0.000185281
-0.00415247
0.00509453
-0.00163547
0.00187003
0.000407531
-0.00594097
0.00383653
-0.00370647
0.00342953
0.00233628
-0.00518447
0.00555828
-0.00564297
0.00252003
0.00163103
-0.00329597
0.00488628
-0.00542022
0.00157553
0.000297781
-0.00460872
0.00773678
-0.00581897
0.00248303
0.000267031
-0.00622147
0.00523778
-0.00409347
0.00376778
-0.000679969
-0.00358047
0.00540328
-0.00635622
0.00300753
0.00128603
-0.00490697
0.00491928
-0.00508222
0.00254903
0.00156803
-0.00461497
0.00619053
-0.00507272
0.00244428
0.000678781
-0.00414422
0.00544603
-0.00538222
0.00333028
0.000596281
-0.00503672
0.00649353
-0.00633497
0.00446603
0.000825531
-0.00350347
0.00506453
-0.00593647
0.00254478
-5.42188e-05
-0.00217897
0.00581178
-0.00448247
0.00255428
-0.000101719
-0.00515172
0.00488503
-0.00409497
0.00506003
0.000405531
-0.00427372
0.00426603
-0.00552397
0.00354803
5.25312e-05
-0.00272497
0.00585253
-0.00503472
0.00215003
-0.00130197
-0.00461472
0.00574378
-0.00459672
0.00351128
-0.000836219
-0.00311247
0.00572778
-0.00537972
0.00360203
0.00135753
-0.00225597
0.00409903
-0.00585322
0.00220503
0.00111753
-0.00314097
0.00720703
-0.00556647
0.00324803
-0.000402469
-0.00309972
0.00488253
-0.00372997
0.00263228
0.00212003
-0.00492647
0.00647478
-0.00730422
0.00372203
0.00111778
-0.00331722
0.00592903
-0.00732222
0.00247028
-0.000681219
-0.00165397
0.00503253
-0.00594747
0.00252353
-0.00140197
-0.00179222
0.00545503
-0.00556497
0.00255628
-0.000506719
-0.00356647
0.00584228
-0.00332397
0.00227028
-0.000504969
-0.00433172
0.00510403
-0.00538947
0.00226528
0.00112478
-0.00369022
0.00588628
-0.00555497
0.00294603
0.00115453
-0.00474472
0.00490628
-0.00563797
0.00404253
0.000295281
-0.00208047
0.00468053
-0.00606622
0.00337578
-0.00138297
-0.00268797
0.00588228
-0.00453172
0.00407978
-0.00172697
-0.00417947
0.00528428
-0.00394222
0.00373603
-4.67188e-05
-0.00357797
0.00445903
-0.00284647
0.00229603
-0.000335719
-0.00341247
0.00491653
-0.00348772
0.00104903
7.72812e-05
-0.00392647
0.00602328
-0.00242947
0.00258278
0.000927531
-0.00685372
0.00724928
-0.00646222
0.00425903
-0.000606969
-0.00382222
0.00550078
-0.00591822
0.00408103
0.000345281
-0.00417572
0.00479928
-0.00799697
0.00478753
-0.000198719
-0.00232872
0.00418728
-0.00682247
0.00327978
-0.000288969
-0.00136622
0.00613178
-0.00707572
0.00352728
-0.00106347
-0.00120397
0.00557303
-0.00394647
0.00210603
-0.00258147
-0.00165897
0.00462953
-0.00153797
0.00179278
8.90312e-05
-0.00637347
0.00606653
-0.00494347
0.00671403
0.000492281
-0.00474622
0.00469503
-0.00494222
0.00478978
0.00102678
-0.00213872
0.00303203
-0.00617672
0.00436028
0.000357781
-0.00102272
0.00258003
-0.00482897
0.00201978
0.00181803
-0.00367297
0.00648028
-0.00689647
0.00275778
-0.000813719
-0.000361719
0.00698728
-0.00452922
0.00331353
-0.00110097
-0.00238147
0.00528203
-0.00560347
0.00466078
0.000587281
-0.00290147
0.00479528
-0.00775397
0.00362103
-0.00154647
-0.00100547
0.00528178
-0.00475022
0.00155703
-0.000224219
-0.00437797
0.00665603
-0.00452422
0.00453903
-0.00121997
-0.00393422
0.00479753
-0.00435447
0.00585503
-0.00232097
-0.00196797
0.00631428
-0.00542197
0.00470528
-0.000852469
-0.00482597
0.00500178
-0.00503472
0.00620978
-0.000104469
-0.00242897
0.00438053
-0.00720722
0.00408203
0.000641781
-0.00167372
0.00502803
-0.00499922
0.00336128
-0.00154122
-0.00156172
0.00592253
-0.00531922
0.00280078
-0.000744969
-0.00365897
0.00683378
-0.00314172
0.00412403
-0.00168197
-0.00511347
0.00537228
-0.00665647
0.00554078
1.27812e-05
-0.00464172
0.00373628
-0.00705797
0.00597878
-0.000105719
-0.00191672
0.00206928
-0.00687347
0.00345428
0.000198031
-0.000962219
0.00625203
-0.00561822
0.00324478
-0.00298047
-0.00398147
0.00450128
-0.00283597
0.00545878
-0.00208422
-0.00154797
0.00219803
-0.00636972
0.00575728
-0.00104447
-0.00141847
0.00343803
-0.00591647
0.00379603
0.000481031
-0.000718969
0.00402053
-0.00586872
0.000966031
-0.000197219
-5.21884e-06
0.00569178
-0.00429422
0.00146653
-0.00166047
-0.00303897
0.00879553
-0.00527972
0.00224278
-0.00305672
-0.00249747
0.00556978
-0.00503422
0.00500903
-0.00197472
-0.00145997
0.00555653
-0.00524622
0.00312553
-0.000337469
-0.00239422
0.00446628
-0.00420747
0.00533453
-0.000901219
-0.00357547
0.00335703
-0.00581022
0.00479253
-7.21884e-06
-0.000384219
0.00423028
-0.00672797
0.00170678
-0.000782219
0.00150753
0.00565828
-0.00567747
0.00190353
-0.00388922
-0.00208397
0.00645328
-0.00317897
0.00367003
-0.00332222
-0.00357197
0.00596028
-0.00612947
0.00697803
-0.00102172
-0.00335397
0.00469253
-0.00544372
0.00526078
-0.000587969
0.000365531
0.00196703
-0.00473997
0.00407003
-0.000290469
-0.00220247
0.00588953
-0.00805172
0.00330178
-0.000362469
0.000649031
0.00692428
-0.00615147
0.00275103
-0.00473547
-0.00174972
0.00827078
-0.00388647
0.00571478
-0.00421522
-0.00433422
0.00394528
-0.00233997
0.00656228
-0.00201897
-0.00438947
0.00366178
-0.00598172
0.00478728
0.00180153
-0.000588719
0.00300378
-0.00687597
0.00294928
0.00101678
0.000878531
0.00596303
-0.00826422
0.000825531
-0.00204172
0.000717281
0.00432728
-0.00218797
0.00254103
-0.00310797
-0.00521297
0.00700878
-0.00662347
0.00744228
-0.00372197
-0.00127122
0.00130178
-0.00461847
0.00839378
-0.00130372
-0.00120622
0.000264031
-0.00764522
0.00460428
7.55312e-05
0.00160053
0.00520003
-0.0100327
0.00225128
-0.00286447
0.00292778
0.00515703
-0.00530172
0.00263928
-0.00514897
-0.000427969
0.00653028
-0.00342047
0.00538303
-0.00377972
-0.00227397
0.00306703
-0.00136922
0.00514053
-0.000384469
-0.00194897
0.00320228
-0.00684597
0.00600128
-0.000408719
-0.000980969
0.00387503
-0.00751072
0.00455853
-0.00151472
0.00217828
0.00489178
-0.00771197
0.00110628
-0.00165022
0.000938781
0.00713653
-0.00594247
0.00357803
-0.00614347
3.60312e-05
0.00660553
-0.00268872
0.00499153
-0.00398322
-0.00344922
0.00251653
-0.00488222
0.00861128
-0.00122947
-0.00147972
0.000615281
-0.00799097
0.00452878
0.00114953
0.00294103
0.00375253
-0.00849972
0.00273853
-0.00261197
0.00275503
0.00645203
-0.00616147
0.00293003
-0.00467247
-0.000921219
0.00593003
-0.00368097
0.00475328
-0.00485997
-0.00273822
0.00538303
-0.00439297
0.00758553
-0.00149672
-0.00403922
0.00245803
-0.00386197
0.00625378
-0.000714719
-0.00155597
0.00322453
-0.00887347
0.00643928
-0.000689219
0.00148678
0.00229328
-0.00749547
0.00229928
-0.00102497
0.000484531
0.00597928
-0.00645347
0.00296778
-0.00429247
-0.000567719
0.00588228
-0.00303272
0.00463928
-0.00411972
-0.00237597
0.00471628
-0.00550897
0.00514278
-0.00331747
-0.00153797
0.00401478
-0.00362747
0.00589578
-0.00494172
-0.00235747
0.00297078
-0.00575222
0.00537403
-0.000304219
-0.00156847
0.00272303
-0.00804422
0.00498528
-0.00127897
0.000544531
0.00379828
-0.00660922
0.00458703
-0.00309447
-0.00145847
0.00318378
-0.00572422
0.00479428
-0.00200172
-0.000472969
0.00446953
-0.00428672
0.00286903
-0.00382622
-0.00151072
0.00261353
-0.00389322
0.00579053
-0.00141497
-0.00228022
0.00338153
-0.00728297
0.00666453
-0.00260172
-0.000323969
0.00276628
-0.00462122
0.00472453
-0.00321097
0.00222653
0.00151253
-0.00641122
0.00424103
-0.00326897
-0.00180247
0.00581903
-0.00426322
0.00422878
-0.00332522
-0.00118547
0.00183603
-0.00455747
0.00715428
-0.00255272
-0.000392219
0.00259703
-0.00504047
0.00517128
-0.00117972
0.00103503
0.00160678
-0.00547247
0.00423803
-0.00262397
-0.00111147
0.00481728
-0.00533097
0.00550753
-0.00125797
-0.00153597
0.00430978
-0.00648197
0.00499153
-0.00151172
0.000665531
0.00375178
-0.00629122
0.00603453
-0.00418472
0.00106953
0.00198103
-0.00572322
0.00525003
-0.00298572
0.000395031
0.00405103
-0.00627047
0.00356278
-0.00256872
0.000126281
0.00404753
-0.00573022
0.00542653
-0.00570622
0.000152781
0.00476328
-0.00473322
0.00478803
-0.00398397
-0.00153597
0.00285603
-0.00313722
0.00517903
-0.00491097
0.000674531
0.00195103
-0.00479722
0.00609878
-0.00256922
-0.000204969
0.00215753
-0.00487447
0.00537103
-0.00323947
0.00140978
0.00371453
-0.00695097
0.00629303
-0.00403597
-0.000832219
0.00572278
-0.00640022
0.00410553
-0.00414672
0.000383281
0.00277128
-0.00478522
0.00628128
-0.00409997
0.000752531
0.00327953
-0.00551097
0.00431553
-0.000670219
0.000388531
0.00354753
-0.00608547
0.00478778
-0.00342647
0.00200378
0.00347803
-0.00648097
0.00448603
-0.00388897
-0.000723969
0.00462453
-0.00546847
0.00594328
-0.00381097
-0.00106622
0.00351653
-0.00498972
0.00524153
-0.00300622
-0.000531469
0.00367128
-0.00573097
0.00548628
-0.00185347
-0.00217172
0.00306328
-0.00715947
0.00679853
-0.00255947
8.17812e-05
0.00417078
-0.00931572
0.00482478
-0.00270072
0.00142203
0.00402128
-0.00508022
0.00554203
-0.00577997
-0.000162219
0.00492028
-0.00528872
0.00661878
-0.00429222
-0.000373469
0.00218878
-0.00589172
0.00597853
-0.00503072
0.000779781
0.00289928
-0.00376622
0.00554553
-0.00178847
-0.000830219
0.00253828
-0.00740597
0.00727753
-0.00203472
0.00129553
0.00282153
-0.00704997
0.00250853
-0.00360147
0.00244928
0.00360553
-0.00422747
0.00510003
-0.00614972
0.000308281
0.00352028
-0.00345922
0.00667928
-0.00462247
-0.000729219
0.000556281
-0.00362822
0.00683653
-0.00211572
-8.37188e-05
0.00122678
-0.00738572
0.00722753
-0.00243522
0.00114453
0.00269528
-0.00469997
0.00397578
-0.00279347
0.000146031
0.00271753
-0.00550922
0.00624578
-0.00324172
0.000151281
0.00357328
-0.00355622
0.00365753
-0.00329172
0.000199281
0.00284378
-0.00584147
0.00489403
-0.00480847
0.00117953
0.00300203
-0.00374297
0.00524378
-0.00539972
-0.000982469
0.00304778
-0.00362797
0.00763478
-0.00322497
-0.00216222
0.000120031
-0.00507497
0.00818678
-0.00253297
0.00158278
0.000291781
-0.00743447
0.00600203
-0.00265572
0.00198103
0.00175103
-0.00424747
0.00375453
-0.00511097
0.00232078
0.00150478
-0.00351922
0.00537353
-0.00344797
9.72812e-05
0.00171103
-0.00541697
0.00457753
-0.00190147
0.00106453
0.00179378
-0.00503597
0.00384928
-0.00394872
0.00115153
0.00330753
-0.00589097
0.00509178
-0.00387972
0.000224281
0.00346453
-0.00601597
0.00574253
-0.00529397
0.000792781
0.00287153
-0.00380072
0.00515778
-0.00525347
-2.64688e-05
0.00362778
-0.00531122
0.00544728
-0.00420447
0.00102103
0.00225153
-0.00422847
0.00556803
-0.00694722
0.00236303
0.00134378
-0.00345997
0.00505528
-0.00310297
0.000426531
0.000977031
-0.00536697
0.00478653
-0.00352347
0.000724031
0.00349353
-0.00687072
0.00538928
-0.00594622
0.00303078
0.00217778
-0.00493147
0.00594303
-0.00564072
0.00231903
0.00131178
-0.00512872
0.00568678
-0.00419322
0.00104478
0.00234253
-0.00425922
0.00477528
-0.00408747
0.00273128
0.000276781
-0.00323522
0.00529353
-0.00476722
0.00196253
0.00325078
-0.00432272
0.00392803
-0.00573722
0.00143453
0.00305253
-0.00302822
0.00743378
-0.00567797
-9.42188e-05
0.00148028
-0.00491447
0.00756053
-0.00224497
-5.22188e-05
0.000268031
-0.00573247
0.00509003
-0.00326997
0.00207403
0.00165753
-0.00610772
0.00527003
-0.00437847
0.00116453
0.00269153
-0.00439747
0.00429353
-0.00433747
0.00183903
0.00333903
-0.00555572
0.00618828
-0.00529672
0.00231803
0.00207803
-0.00414722
0.00505803
-0.00609847
0.00254178
0.00106728
-0.00408397
0.00530903
-0.00367397
0.000986781
0.00209053
-0.00367397
0.00405678
-0.00478272
0.00154378
0.000732281
-0.00154347
0.00579803
-0.00477297
0.000808781
0.000138781
-0.00564072
0.00637178
-0.00381672
0.00286478
0.00114603
-0.00610597
0.00543903
-0.00542922
0.00306353
0.000297781
-0.00365372
0.00612228
-0.00425622
0.000559281
0.00148128
-0.00486897
0.00724628
-0.00573422
0.00340328
0.000158781
-0.00348497
0.00341353
-0.00419897
0.00265328
0.00208178
-0.00350097
0.00425078
-0.00657447
0.00109428
0.00262578
-0.00305547
0.00509653
-0.00494397
0.00142028
-0.00115047
-0.00387522
0.00720853
-0.00445397
0.00244978
0.000504531
-0.00631172
0.00472778
-0.00441972
0.00357653
-0.000155719
-0.00328147
0.00601203
-0.00526172
0.00349228
0.00155178
-0.00509247
0.00541303
-0.00522372
0.00237803
0.000543031
-0.00304147
0.00554553
-0.00568522
0.00214428
-0.00161722
-0.00569822
0.00645703
-0.00279772
0.00376028
-0.00106597
-0.00533472
0.00328428
-0.00393947
0.00320453
0.00185853
-0.00551222
0.00435553
-0.00501572
0.00441578
0.000471781
-0.00269172
0.00488253
-0.00675422
0.00114653
0.00151728
-0.00388622
0.00640453
-0.00443072
0.000887031
-3.79688e-05
-0.00522422
0.00693253
-0.00473547
0.00345878
-1.52188e-05
-0.00631447
0.00423828
-0.00354797
0.00281028
0.00177178
-0.00415397
0.00477628
-0.00812297
0.00544478
0.000213781
-0.00253797
0.00536353
-0.00571522
-0.000375219
0.00184278
-0.00354422
0.00590603
-0.00552647
0.00163403
0.000144531
-0.00393622
0.00562578
-0.00540347
0.00208978
0.00131628
-0.00391997
0.00501978
-0.00647497
0.00249578
0.000547281
-0.00179972
0.00615578
-0.00496222
0.000781781
-0.000239219
-0.00357547
0.00652103
-0.00257622
0.000911031
-0.000344219
-0.00453197
0.00662503
-0.00541547
0.00509128
-0.000487219
-0.00604572
0.00472628
-0.00448597
0.00337078
0.00130328
-0.00435547
0.00322878
-0.00532497
0.00418003
0.00160478
-0.00342047
0.00426878
-0.00712822
0.000463531
0.00372828
-0.00291572
0.00668703
-0.00599547
0.00253953
-0.00214722
-0.00163647
0.00636803
-0.00371747
0.00193878
0.000710031
-0.00602447
0.00435153
-0.00346622
0.00470228
0.00165953
-0.00518897
0.00533003
-0.00656697
0.00289578
0.000466281
-0.00209972
0.00599253
-0.00530347
0.00307953
-0.00162197
-0.00517572
0.00699753
-0.00431472
0.00373328
0.000302281
-0.00413472
0.00308928
-0.00387947
0.00364428
0.000679531
-0.00491297
0.00663628
-0.00594547
0.00239303
0.00195153
-0.00281997
0.00487953
-0.00628422
0.00201303
-3.27188e-05
-0.00264397
0.00742653
-0.00524797
0.00311353
-0.00140547
-0.00410022
0.00661628
-0.00402297
0.00398353
-0.00136347
-0.00510972
0.00570428
-0.00489022
0.00387928
-8.92188e-05
-0.00464472
0.00410803
-0.00546522
0.00506953
0.000533531
-0.00396147
0.00372278
-0.00619522
0.00381128
0.00142328
-0.00275597
0.00394503
-0.00724947
0.00271728
0.00224528
-0.00146497
0.00540453
-0.00716897
0.00206853
-0.00198997
-0.000726969
0.00671203
-0.00513322
0.00211703
-0.00191897
-0.00297172
0.00576853
-0.00391447
0.00228853
-0.000530719
-0.00444547
0.00665378
-0.00354997
0.00396703
-0.000252469
-0.00437222
0.00475328
-0.00551472
0.00379078
-0.000192469
-0.00337772
0.00508453
-0.00495247
0.00193453
-0.000109969
-0.00437047
0.00508053
-0.00412697
0.00510778
-0.000470969
-0.00394272
0.00490103
-0.00510997
0.00567303
0.000381281
-0.00497997
0.00488228
-0.00524047
0.00459428
0.000884031
-0.00242897
0.00420328
-0.00798997
0.00258228
2.87812e-05
-0.00177872
0.00702203
-0.00597247
0.00229003
-0.00232447
-0.00353222
0.00745828
-0.00422822
0.00321703
-0.00243272
-0.00428897
0.00567328
-0.00285047
0.00607778
-0.00139847
-0.00466272
0.00379128
-0.00578572
0.00620478
0.00143528
-0.00171447
0.00300228
-0.00588347
0.00261028
0.000424281
-0.00123547
0.00445178
-0.00645047
0.00143628
0.00111128
-0.00238872
0.00680303
-0.00751147
0.00242078
-0.00133647
-0.00248072
0.00571503
-0.00398347
0.00201703
-0.00162097
-0.00117472
0.00737753
-0.00529397
0.00173303
-0.00254122
-0.00356922
0.00775553
-0.00278122
0.00275078
-0.00273322
-0.00486547
0.00582053
-0.00433072
0.00584453
-9.37188e-05
-0.00480972
0.00375978
-0.00467522
0.00457853
0.00178603
-0.00226297
0.00226328
-0.00717972
0.00409903
0.000569781
-0.00222322
0.00398503
-0.00679447
0.00367503
0.000365531
-0.00271722
0.00377978
-0.00613222
0.00301728
-0.000296469
-0.00179322
0.00511878
-0.00628472
0.00518903
-0.000403969
-0.00329472
0.00590978
-0.00646472
0.00390578
0.000200781
-0.00275647
0.00534253
-0.00564647
0.00424728
-0.000444969
-0.00266897
0.00454278
-0.00630647
0.00460778
-0.000154719
-0.00122972
0.00505503
-0.00584972
0.00157353
-0.00181572
-0.00161922
0.00599853
-0.00356297
0.00211203
-0.00179047
-0.00492947
0.00665853
-0.00515722
0.00486928
-0.00142247
-0.00404247
0.00401103
-0.00406722
0.00467278
-0.00135972
-0.00152772
0.00371703
-0.00642097
0.00482078
0.000453531
