0, 15.172
1, 14.1864
2, 4.11461
3, 10.1433
4, 9.14331
5, 7.12896
6, 14.172
7, 8.12896
8, 10.1433
9, 8.14331
10, 14.1864
11, 9.15766
12, 12.1577
13, 9.14331
14, 18.2151
15, 10.1577
16, 16.1864
17, 15.1864
18, 20.2151
19, 18.2007
20, 22.2151
21, 14.1864
22, 24.2294
23, 13.1864
24, 26.2725
25, 25.2438
26, 25.2581
27, 32.3012
28, 27.2725
29, 27.2725
30, 29.2581
31, 24.2581
32, 29.2868
33, 34.3299
34, 33.3012
35, 34.3155
36, 35.3299
37, 37.3586
38, 29.3012
39, 31.3299
40, 37.3442
41, 39.3586
42, 41.3873
43, 42.3729
44, 46.4016
45, 46.4016
46, 45.416
47, 44.416
48, 49.416
49, 50.4447
50, 49.4303
51, 42.3873
52, 50.4303
53, 55.4877
54, 50.4447
55, 55.4734
56, 53.459
57, 57.4877
58, 58.5164
59, 58.5021
60, 59.5021
61, 63.5308
62, 56.4877
63, 57.5021
64, 64.5595
65, 63.5308
66, 62.5164
67, 65.5451
68, 62.5308
69, 61.5308
70, 68.5738
71, 65.5595
72, 69.5882
73, 76.6169
74, 68.5738
75, 73.6025
76, 78.6169
77, 71.5882
78, 76.6456
79, 76.6312
80, 75.6312
81, 80.6456
82, 72.6169
83, 81.6599
84, 83.6886
85, 86.6886
86, 83.6599
87, 81.6599
88, 81.6743
89, 84.6886
90, 90.7317
91, 95.746
92, 86.6886
93, 92.7604
94, 81.6886
95, 85.7173
96, 93.746
97, 88.7173
98, 94.7604
99, 99.7891
100, 92.7604
101, 93.7604
102, 95.746
103, 110.875
104, 103.832
105, 102.803
106, 99.7891
107, 103.818
108, 105.847
109, 108.861
110, 104.847
111, 113.875
112, 108.847
113, 111.875
114, 107.861
115, 112.89
116, 114.89
117, 107.861
118, 114.918
119, 122.961
120, 122.961
121, 121.961
122, 119.947
123, 117.933
124, 122.976
125, 117.933
126, 120.961
127, 122.99
128, 126.976
129, 121.961
130, 124.976
131, 132.019
132, 130.019
133, 135.019
134, 129.019
135, 132.019
136, 133.033
137, 130.004
138, 139.09
139, 141.09
140, 139.09
141, 135.033
142, 138.062
143, 142.105
144, 137.076
145, 145.119
146, 142.105
147, 139.119
148, 149.134
149, 144.119
150, 146.134
151, 146.105
152, 146.105
153, 146.134
154, 153.162
155, 155.162
156, 154.177
157, 155.191
158, 150.148
159, 158.22
160, 157.205
161, 160.248
162, 158.205
163, 164.248
164, 165.248
165, 159.234
166, 163.263
167, 166.263
168, 162.248
169, 164.263
170, 170.277
171, 168.291
172, 172.306
173, 170.291
174, 169.277
175, 169.291
176, 173.334
177, 167.277
178, 169.277
179, 175.334
180, 171.291
181, 178.363
182, 173.32
183, 180.363
184, 175.334
185, 177.349
186, 181.392
187, 184.406
188, 179.363
189, 180.377
190, 187.406
191, 181.392
192, 191.464
193, 185.435
194, 187.406
195, 190.421
196, 188.435
197, 191.449
198, 194.478
199, 195.478
200, 190.435
201, 199.492
202, 196.492
203, 198.492
204, 198.492
205, 200.521
206, 201.521
207, 199.521
208, 200.507
209, 202.535
210, 208.564
211, 209.564
212, 211.593
213, 205.564
214, 209.578
215, 205.564
216, 212.607
217, 213.621
218, 211.607
219, 213.593
220, 210.578
221, 213.621
222, 213.607
223, 216.636
224, 216.636
225, 217.65
226, 212.593
227, 222.679
228, 221.665
229, 226.693
230, 225.708
231, 221.679
232, 225.693
233, 227.722
234, 224.679
235, 228.708
236, 222.665
237, 230.751
238, 231.751
239, 231.751
240, 229.722
241, 231.736
242, 244.822
243, 237.765
244, 235.765
245, 237.794
246, 237.779
247, 240.822
248, 246.851
249, 240.808
250, 247.822
251, 236.779
252, 244.851
253, 244.837
254, 247.851
255, 254.894
256, 244.851
257, 250.88
258, 249.865
259, 253.894
260, 251.894
261, 256.923
262, 258.937
263, 257.923
264, 261.937
265, 253.894
266, 263.98
267, 258.952
268, 261.952
269, 257.937
270, 261.966
271, 264.98
272, 262.966
273, 264.98
274, 261.98
275, 268.995
276, 274.038
277, 271.023
278, 258.952
279, 273.023
280, 271.023
281, 280.095
282, 275.052
283, 276.052
284, 278.081
285, 279.081
286, 280.081
287, 279.081
288, 283.109
289, 282.095
290, 286.124
291, 283.109
292, 279.066
293, 286.109
294, 287.152
295, 287.138
296, 281.081
297, 290.138
298, 292.152
299, 292.167
300, 295.181
301, 298.195
302, 303.253
303, 293.167
304, 300.239
305, 301.239
306, 298.21
307, 298.21
308, 295.181
309, 305.267
310, 299.224
311, 302.253
312, 303.282
313, 303.239
314, 308.267
315, 307.267
316, 309.282
317, 312.296
318, 311.296
319, 306.282
320, 316.339
321, 307.282
322, 313.339
323, 316.339
324, 317.353
325, 318.339
326, 320.325
327, 318.353
328, 307.353
329, 321.382
330, 324.396
331, 319.353
332, 326.411
333, 323.396
334, 327.425
335, 330.439
336, 327.411
337, 329.425
338, 330.425
339, 333.468
340, 324.396
341, 337.468
342, 334.468
343, 328.439
344, 339.497
345, 336.468
346, 338.497
347, 339.526
348, 339.526
349, 337.483
350, 346.554
351, 346.554
352, 340.526
353, 342.54
354, 338.511
355, 354.597
356, 354.612
357, 346.569
358, 351.597
359, 349.583
360, 346.554
361, 352.597
362, 351.583
363, 355.64
364, 353.597
365, 359.64
366, 362.669
367, 357.64
368, 360.655
369, 366.683
370, 356.64
371, 362.698
372, 362.698
373, 364.655
374, 363.683
375, 363.683
376, 359.669
377, 368.712
378, 366.712
379, 374.741
380, 372.741
381, 374.77
382, 371.741
383, 374.755
384, 380.784
385, 377.784
386, 376.77
387, 380.784
388, 372.741
389, 385.827
390, 383.813
391, 381.827
392, 387.841
393, 385.827
394, 389.87
395, 383.827
396, 387.856
397, 388.856
398, 390.87
399, 386.856
400, 389.884
401, 389.856
402, 395.899
403, 390.856
404, 397.942
405, 401.956
406, 391.884
407, 405.956
408, 398.927
409, 400.956
410, 402.97
411, 400.956
412, 403.956
413, 402.97
414, 407.999
415, 399.942
416, 404.985
417, 406.97
418, 405.985
419, 414.042
420, 411.013
421, 414.028
422, 413.042
423, 411.013
424, 412.028
425, 415.042
426, 413.028
427, 418.071
428, 417.071
429, 418.071
430, 421.071
431, 420.085
432, 420.057
433, 427.128
434, 424.114
435, 423.114
436, 433.171
437, 424.143
438, 430.171
439, 427.143
440, 430.143
441, 429.143
442, 433.186
443, 431.171
444, 432.143
445, 433.171
446, 432.171
447, 438.214
448, 437.2
449, 436.186
450, 440.243
451, 439.214
452, 440.229
453, 440.214
454, 444.257
455, 440.257
456, 447.257
457, 442.257
458, 445.243
459, 449.272
460, 449.301
461, 447.272
462, 447.286
463, 444.286
464, 455.329
465, 456.344
466, 449.301
467, 462.358
468, 454.329
469, 454.329
470, 467.415
471, 470.43
472, 463.372
473, 458.358
474, 465.401
475, 465.415
476, 468.415
477, 465.387
478, 467.415
479, 467.43
480, 467.43
481, 475.444
482, 473.458
483, 474.458
484, 472.473
485, 475.487
486, 472.473
487, 479.501
488, 481.516
489, 482.53
490, 475.487
491, 476.473
492, 483.559
493, 482.544
494, 481.516
495, 485.544
496, 485.544
497, 488.588
498, 492.588
499, 486.559
500, 494.602
501, 498.631
502, 492.602
503, 495.631
504, 502.659
505, 493.602
506, 500.631
507, 499.645
508, 502.659
509, 500.659
510, 501.659
511, 492.631
512, 501.674
513, 509.717
514, 511.731
515, 509.702
516, 511.731
517, 510.717
518, 514.774
519, 510.745
520, 511.731
521, 507.731
522, 515.774
523, 514.76
524, 512.745
525, 508.731
526, 515.774
527, 522.803
528, 516.774
529, 516.788
530, 518.788
531, 520.803
532, 522.817
533, 522.817
534, 526.846
535, 522.817
536, 525.817
537, 521.817
538, 527.86
539, 527.86
540, 538.932
541, 530.86
542, 532.889
543, 530.875
544, 532.889
545, 529.889
546, 537.903
547, 536.918
548, 541.946
549, 548.989
550, 539.918
551, 539.932
552, 541.946
553, 538.932
554, 540.946
555, 545.989
556, 547.989
557, 543.961
558, 549.975
559, 550.004
560, 545.989
561, 546.989
562, 553.018
563, 547.989
564, 553.032
565, 553.032
566, 557.047
567, 559.061
568, 557.047
569, 562.104
570, 556.061
571, 563.09
572, 560.075
573, 565.119
574, 564.104
575, 568.133
576, 564.119
577, 569.133
578, 569.133
579, 566.104
580, 573.162
581, 566.133
582, 573.162
583, 579.205
584, 578.19
585, 575.176
586, 579.219
587, 578.205
588, 569.147
589, 577.19
590, 582.233
591, 583.233
592, 582.233
593, 579.219
594, 587.262
595, 579.219
596, 582.248
597, 592.319
598, 591.291
599, 588.262
600, 588.262
601, 593.305
602, 593.305
603, 597.348
604, 595.319
605, 591.291
606, 596.334
607, 601.362
608, 598.348
609, 596.334
610, 596.348
611, 600.362
612, 600.377
613, 602.362
614, 603.377
615, 600.362
616, 600.377
617, 604.391
618, 609.434
619, 614.463
620, 614.463
621, 613.463
622, 612.449
623, 618.477
624, 610.449
625, 612.449
626, 616.463
627, 620.492
628, 616.492
629, 621.506
630, 616.492
631, 611.449
632, 616.492
633, 624.549
634, 618.506
635, 619.492
636, 624.52
637, 624.52
638, 631.592
639, 623.549
640, 635.606
641, 630.563
642, 636.621
643, 630.592
644, 638.635
645, 633.606
646, 642.649
647, 632.592
648, 640.664
649, 637.635
650, 645.664
651, 637.621
652, 635.621
653, 641.664
654, 648.707
655, 644.678
656, 642.678
657, 652.721
658, 648.707
659, 649.721
660, 651.736
661, 653.721
662, 653.707
663, 651.736
664, 656.764
665, 659.793
666, 656.764
667, 653.75
668, 656.75
669, 663.822
670, 662.793
671, 656.736
672, 656.764
673, 661.779
674, 667.836
675, 666.836
676, 662.822
677, 665.822
678, 666.822
679, 671.865
680, 666.822
681, 666.836
682, 668.836
683, 668.836
684, 670.85
685, 677.908
686, 679.922
687, 670.879
688, 668.865
689, 673.879
690, 676.922
691, 678.937
692, 675.908
693, 678.908
694, 684.965
695, 688.994
696, 683.951
697, 684.965
698, 694.008
699, 680.922
700, 683.965
701, 690.008
702, 684.98
703, 691.008
704, 689.008
705, 690.008
706, 698.051
707, 692.008
708, 701.066
709, 698.051
710, 700.066
711, 700.08
712, 700.066
713, 700.08
714, 701.066
715, 701.094
716, 702.109
717, 702.109
718, 706.109
719, 705.109
720, 707.123
721, 714.18
722, 711.152
723, 712.152
724, 712.152
725, 711.152
726, 711.166
727, 721.238
728, 713.166
729, 715.18
730, 712.166
731, 723.252
732, 719.224
733, 717.209
734, 723.238
735, 717.209
736, 720.238
737, 718.195
738, 725.224
739, 726.252
740, 725.281
741, 727.267
742, 729.281
743, 732.295
744, 727.295
745, 739.353
746, 735.324
747, 736.324
748, 736.338
749, 743.396
750, 733.31
751, 734.324
752, 740.338
753, 737.338
754, 740.381
755, 739.367
756, 743.381
757, 733.338
758, 747.424
759, 747.424
760, 746.41
761, 749.41
762, 752.424
763, 752.424
764, 753.453
765, 751.424
766, 750.439
767, 751.453
768, 760.496
769, 756.482
770, 760.511
771, 763.525
772, 750.439
773, 758.511
774, 764.539
775, 754.467
776, 760.511
777, 764.511
778, 766.539
779, 769.568
780, 772.597
781, 769.554
782, 768.554
783, 768.554
784, 774.597
785, 764.539
786, 773.597
787, 779.625
788, 775.597
789, 776.625
790, 771.597
791, 773.611
792, 774.597
793, 779.64
794, 783.668
795, 781.668
796, 783.654
797, 790.711
798, 780.654
799, 783.668
800, 783.683
801, 785.697
802, 788.711
803, 786.683
804, 790.711
805, 792.74
806, 785.711
807, 790.726
808, 788.711
809, 791.726
810, 798.769
811, 792.769
812, 798.783
813, 800.783
814, 795.783
815, 804.812
816, 802.841
817, 802.798
818, 805.826
819, 803.826
820, 806.841
821, 804.841
822, 801.812
823, 807.841
824, 808.855
825, 812.898
826, 813.884
827, 806.841
828, 813.869
829, 807.855
830, 816.898
831, 811.884
832, 814.912
833, 817.912
834, 813.898
835, 819.941
836, 820.941
837, 820.927
838, 824.955
839, 820.941
840, 828.998
841, 829.998
842, 825.984
843, 825.984
844, 822.984
845, 829.998
846, 831.027
847, 840.085
848, 830.998
849, 829.998
850, 830.027
851, 836.042
852, 841.07
853, 836.056
854, 843.099
855, 840.056
856, 837.07
857, 839.07
858, 844.113
859, 843.099
860, 841.07
861, 843.099
862, 844.099
863, 847.128
864, 845.113
865, 843.113
866, 851.156
867, 856.199
868, 847.128
869, 854.171
870, 855.171
871, 854.171
872, 853.171
873, 856.199
874, 853.156
875, 858.199
876, 859.214
877, 864.242
878, 866.271
879, 871.285
880, 866.257
881, 866.257
882, 867.271
883, 868.271
884, 869.285
885, 864.242
886, 870.285
887, 869.285
888, 875.329
889, 872.285
890, 872.3
891, 870.285
892, 881.357
893, 874.329
894, 880.357
895, 875.314
896, 876.329
897, 885.386
898, 878.357
899, 878.343
900, 886.415
901, 883.372
902, 889.415
903, 889.429
904, 888.415
905, 889.415
906, 891.429
907, 897.486
908, 893.443
909, 891.443
910, 897.472
911, 891.443
912, 902.515
913, 896.486
914, 895.486
915, 897.486
916, 900.472
917, 903.529
918, 902.529
919, 900.515
920, 905.558
921, 906.544
922, 904.544
923, 903.558
924, 907.558
925, 912.587
926, 910.587
927, 914.601
928, 916.601
929, 908.558
930, 925.673
931, 918.63
932, 911.601
933, 915.616
934, 918.63
935, 920.63
936, 923.659
937, 924.702
938, 922.659
939, 921.659
940, 923.644
941, 926.687
942, 918.644
943, 922.659
944, 922.659
945, 926.687
946, 931.73
947, 920.659
948, 932.73
949, 930.702
950, 927.702
951, 929.73
952, 932.745
953, 934.759
954, 932.745
955, 935.745
956, 940.788
957, 935.773
958, 939.802
959, 942.802
960, 933.73
961, 939.773
962, 938.759
963, 941.802
964, 948.845
965, 942.816
966, 943.816
967, 952.888
968, 955.888
969, 951.874
970, 954.888
971, 953.888
972, 956.917
973, 951.903
974, 954.874
975, 960.917
976, 962.931
977, 965.974
978, 955.931
979, 967.989
980, 955.917
981, 971.003
982, 962.946
983, 967.989
984, 965.974
985, 964.974
986, 961.946
987, 972.017
988, 964.974
989, 960.931
990, 974.032
991, 974.017
992, 972.003
993, 973.032
994, 973.017
995, 979.06
996, 974.06
997, 981.075
998, 981.075
999, 984.089
1000, 985.118
1001, 979.075
1002, 985.103
1003, 985.103
1004, 978.075
1005, 987.132
1006, 988.103
1007, 988.118
1008, 991.147
1009, 994.175
1010, 995.175
1011, 991.161
1012, 989.147
1013, 990.132
1014, 992.147
1015, 995.19
1016, 996.175
1017, 998.204
1018, 1004.23
1019, 1005.25
1020, 1004.25
1021, 1007.25
1022, 1009.28
1023, 1003.25
1024, 1007.26
1025, 1007.26
1026, 1005.25
1027, 1009.28
1028, 1020.36
1029, 1011.29
1030, 1011.29
1031, 1018.33
1032, 1018.33
1033, 1012.32
1034, 1015.33
1035, 1017.33
1036, 1015.33
1037, 1015.33
1038, 1017.35
1039, 1024.36
1040, 1015.32
1041, 1023.38
1042, 1019.36
1043, 1024.39
1044, 1026.4
1045, 1028.42
1046, 1031.43
1047, 1028.42
1048, 1031.45
1049, 1028.42
1050, 1031.43
1051, 1037.48
1052, 1036.46
1053, 1029.42
1054, 1041.51
1055, 1038.48
1056, 1041.51
1057, 1037.49
1058, 1041.51
1059, 1049.56
1060, 1041.51
1061, 1038.49
1062, 1048.56
1063, 1046.55
1064, 1048.55
1065, 1045.53
1066, 1047.56
1067, 1055.61
1068, 1039.49
1069, 1051.59
1070, 1057.61
1071, 1048.58
1072, 1053.59
1073, 1057.62
1074, 1052.59
1075, 1055.61
1076, 1053.61
1077, 1059.63
1078, 1059.65
1079, 1060.63
1080, 1059.62
1081, 1049.58
1082, 1059.63
1083, 1064.68
1084, 1066.68
1085, 1066.68
1086, 1064.65
1087, 1064.69
1088, 1069.71
1089, 1071.72
1090, 1065.69
1091, 1075.73
1092, 1070.72
1093, 1075.73
1094, 1076.76
1095, 1078.76
1096, 1077.76
1097, 1073.75
1098, 1082.79
1099, 1082.81
1100, 1084.81
1101, 1076.76
1102, 1082.81
1103, 1087.85
1104, 1088.86
1105, 1089.85
1106, 1084.82
1107, 1085.81
1108, 1090.88
1109, 1085.85
1110, 1092.86
1111, 1088.84
1112, 1086.82
1113, 1092.89
1114, 1091.89
1115, 1092.88
1116, 1097.91
1117, 1093.88
1118, 1095.91
1119, 1095.94
1120, 1106.98
1121, 1106.96
1122, 1102.94
1123, 1103.95
1124, 1102.96
1125, 1101.95
1126, 1104.96
1127, 1102.94
1128, 1111.99
1129, 1114.02
1130, 1114.01
1131, 1106.98
1132, 1115.04
1133, 1115.02
1134, 1122.08
1135, 1121.07
1136, 1113.01
1137, 1118.05
1138, 1119.05
1139, 1121.09
1140, 1114.02
1141, 1121.07
1142, 1124.08
1143, 1127.11
1144, 1122.08
1145, 1131.15
1146, 1127.12
1147, 1122.07
1148, 1135.17
1149, 1135.18
1150, 1132.15
1151, 1132.17
1152, 1129.14
1153, 1135.18
1154, 1135.17
1155, 1136.18
1156, 1124.11
1157, 1132.17
1158, 1141.24
1159, 1142.24
1160, 1132.15
1161, 1143.22
1162, 1146.22
1163, 1150.29
1164, 1148.27
1165, 1152.28
1166, 1148.27
1167, 1145.25
1168, 1153.29
1169, 1154.29
1170, 1148.28
1171, 1152.29
1172, 1151.28
1173, 1154.31
1174, 1160.35
1175, 1153.31
1176, 1152.29
1177, 1152.31
1178, 1155.31
1179, 1158.37
1180, 1160.35
1181, 1157.35
1182, 1162.37
1183, 1164.38
1184, 1168.4
1185, 1164.41
1186, 1164.38
1187, 1172.44
1188, 1173.42
1189, 1172.44
1190, 1166.41
1191, 1171.44
1192, 1167.44
1193, 1167.41
1194, 1176.47
1195, 1181.5
1196, 1178.47
1197, 1175.45
1198, 1172.44
1199, 1181.5
1200, 1183.52
1201, 1176.47
1202, 1181.51
1203, 1188.55
1204, 1188.57
1205, 1179.51
1206, 1187.54
1207, 1186.52
1208, 1188.55
1209, 1191.57
1210, 1195.61
1211, 1190.57
1212, 1186.54
1213, 1195.61
1214, 1193.6
1215, 1200.64
1216, 1195.61
1217, 1199.62
1218, 1200.64
1219, 1198.62
1220, 1198.64
1221, 1198.64
1222, 1196.62
1223, 1198.62
1224, 1205.68
1225, 1196.62
1226, 1205.7
1227, 1209.71
1228, 1207.68
1229, 1212.71
1230, 1218.77
1231, 1215.73
1232, 1211.7
1233, 1211.71
1234, 1216.75
1235, 1211.74
1236, 1214.74
1237, 1218.75
1238, 1215.75
1239, 1217.75
1240, 1221.8
1241, 1219.78
1242, 1224.81
1243, 1223.81
1244, 1227.83
1245, 1230.85
1246, 1228.87
1247, 1224.83
1248, 1226.83
1249, 1226.84
1250, 1227.84
1251, 1228.85
1252, 1237.9
1253, 1233.88
1254, 1232.87
1255, 1235.93
1256, 1233.87
1257, 1237.9
1258, 1248.97
1259, 1238.91
1260, 1244.95
1261, 1240.95
1262, 1231.88
1263, 1243.94
1264, 1245.95
1265, 1246.97
1266, 1249
1267, 1242.95
1268, 1245.95
1269, 1246.97
1270, 1244.97
1271, 1253.01
1272, 1251
1273, 1248.98
1274, 1253
1275, 1261.07
1276, 1261.07
1277, 1257.04
1278, 1251
1279, 1264.1
1280, 1259.07
1281, 1268.14
1282, 1263.08
1283, 1260.07
1284, 1269.13
1285, 1265.08
1286, 1266.11
1287, 1264.1
1288, 1264.1
1289, 1265.1
1290, 1268.11
1291, 1273.16
1292, 1273.17
1293, 1274.16
1294, 1271.16
1295, 1277.17
1296, 1275.17
1297, 1271.17
1298, 1283.23
1299, 1278.18
1300, 1278.18
1301, 1281.2
1302, 1278.2
1303, 1287.24
1304, 1279.23
1305, 1283.24
1306, 1279.21
1307, 1284.24
1308, 1284.26
1309, 1283.23
1310, 1290.27
1311, 1292.3
1312, 1288.27
1313, 1282.23
1314, 1292.3
1315, 1293.31
1316, 1296.31
1317, 1292.3
1318, 1296.33
1319, 1298.34
1320, 1295.33
1321, 1307.37
1322, 1297.33
1323, 1299.36
1324, 1306.39
1325, 1305.39
1326, 1306.39
1327, 1301.36
1328, 1303.39
1329, 1311.44
1330, 1311.43
1331, 1302.39
1332, 1309.43
1333, 1311.43
1334, 1313.44
1335, 1308.43
1336, 1317.46
1337, 1317.44
1338, 1323.5
1339, 1311.43
1340, 1317.47
1341, 1320.5
1342, 1326.51
1343, 1325.53
1344, 1320.5
1345, 1319.5
1346, 1323.53
1347, 1320.5
1348, 1321.54
1349, 1326.53
1350, 1332.57
1351, 1333.59
1352, 1325.53
1353, 1325.53
1354, 1329.56
1355, 1334.61
1356, 1333.6
1357, 1329.57
1358, 1327.57
1359, 1333.6
1360, 1343.66
1361, 1341.66
1362, 1338.61
1363, 1345.66
1364, 1341.64
1365, 1345.67
1366, 1349.72
1367, 1346.67
1368, 1340.63
1369, 1344.67
1370, 1343.66
1371, 1350.72
1372, 1347.69
1373, 1348.7
1374, 1349.7
1375, 1349.73
1376, 1355.77
1377, 1353.72
1378, 1354.73
1379, 1355.73
1380, 1356.74
1381, 1354.76
1382, 1362.8
1383, 1366.82
1384, 1363.79
1385, 1359.77
1386, 1363.82
1387, 1362.8
1388, 1355.74
1389, 1363.82
1390, 1370.87
1391, 1367.83
1392, 1366.82
1393, 1374.87
1394, 1372.84
1395, 1369.84
1396, 1370.86
1397, 1375.87
1398, 1366.83
1399, 1374.89
1400, 1374.89
1401, 1379.92
1402, 1376.87
1403, 1377.9
1404, 1380.93
1405, 1378.92
1406, 1386.97
1407, 1379.93
1408, 1381.93
1409, 1388.97
1410, 1384.96
1411, 1381.96
1412, 1383.94
1413, 1386.96
1414, 1388.99
1415, 1397.02
1416, 1391
1417, 1395.02
1418, 1396.05
1419, 1389.97
1420, 1398.05
1421, 1399.06
1422, 1394.02
1423, 1395.02
1424, 1395.05
1425, 1395.05
1426, 1398.05
1427, 1405.09
1428, 1404.09
1429, 1400.06
1430, 1408.1
1431, 1408.13
1432, 1405.1
1433, 1401.07
1434, 1405.1
1435, 1412.15
1436, 1413.16
1437, 1408.13
1438, 1410.12
1439, 1409.13
1440, 1414.17
1441, 1413.19
1442, 1416.17
1443, 1422.22
1444, 1420.2
1445, 1423.23
1446, 1418.22
1447, 1428.26
1448, 1415.19
1449, 1429.26
1450, 1422.22
1451, 1427.26
1452, 1431.29
1453, 1432.29
1454, 1432.29
1455, 1428.26
1456, 1436.33
1457, 1438.35
1458, 1435.3
1459, 1434.29
1460, 1439.33
1461, 1432.29
1462, 1433.32
1463, 1433.3
1464, 1435.32
1465, 1437.32
1466, 1442.36
1467, 1440.33
1468, 1446.38
1469, 1446.39
1470, 1448.39
1471, 1448.4
1472, 1449.42
1473, 1439.35
1474, 1444.38
1475, 1448.39
1476, 1453.45
1477, 1454.45
1478, 1451.42
1479, 1447.39
1480, 1449.4
1481, 1453.43
1482, 1454.45
1483, 1446.42
1484, 1459.49
1485, 1455.46
1486, 1459.48
1487, 1459.49
1488, 1471.56
1489, 1461.52
1490, 1466.53
1491, 1461.5
1492, 1466.53
1493, 1464.55
1494, 1471.56
1495, 1467.53
1496, 1467.56
1497, 1467.56
1498, 1469.58
1499, 1473.59
1500, 1478.62
1501, 1478.62
1502, 1476.61
1503, 1482.65
1504, 1475.61
1505, 1477.61
1506, 1479.61
1507, 1489.71
1508, 1482.66
1509, 1479.63
1510, 1489.69
1511, 1488.66
1512, 1486.69
1513, 1482.66
1514, 1484.68
1515, 1482.65
1516, 1487.69
1517, 1489.72
1518, 1492.73
1519, 1492.72
1520, 1494.72
1521, 1492.72
1522, 1497.75
1523, 1500.78
1524, 1502.81
1525, 1493.72
1526, 1504.81
1527, 1497.76
1528, 1502.81
1529, 1501.79
1530, 1505.82
1531, 1507.82
1532, 1508.85
1533, 1504.83
1534, 1503.81
1535, 1506.81
1536, 1509.82
1537, 1512.86
1538, 1515.89
1539, 1509.85
1540, 1513.88
1541, 1513.88
1542, 1518.91
1543, 1517.91
1544, 1521.91
1545, 1523.94
1546, 1518.91
1547, 1523.95
1548, 1515.89
1549, 1522.94
1550, 1519.91
1551, 1521.92
1552, 1525.99
1553, 1524.95
1554, 1525.96
1555, 1526.96
1556, 1530.96
1557, 1528.99
1558, 1535.02
1559, 1534.02
1560, 1535.04
1561, 1543.06
1562, 1541.05
1563, 1537.05
1564, 1539.06
1565, 1538.05
1566, 1536.05
1567, 1541.06
1568, 1544.08
1569, 1544.08
1570, 1543.08
1571, 1546.11
1572, 1548.11
1573, 1543.06
1574, 1552.15
1575, 1548.12
1576, 1560.22
1577, 1547.12
1578, 1546.11
1579, 1554.16
1580, 1554.16
1581, 1551.16
1582, 1558.19
1583, 1554.16
1584, 1559.19
1585, 1559.21
1586, 1560.22
1587, 1556.18
1588, 1559.21
1589, 1565.22
1590, 1567.27
1591, 1565.24
1592, 1564.24
1593, 1571.28
1594, 1568.27
1595, 1564.24
1596, 1572.31
1597, 1568.27
1598, 1575.31
1599, 1574.31
1600, 1574.32
1601, 1579.34
1602, 1580.35
1603, 1565.24
1604, 1576.29
1605, 1578.34
1606, 1587.39
1607, 1575.31
1608, 1579.37
1609, 1582.37
1610, 1588.39
1611, 1585.38
1612, 1585.38
1613, 1591.41
1614, 1593.42
1615, 1591.44
1616, 1586.42
1617, 1587.39
1618, 1593.45
1619, 1600.47
1620, 1592.44
1621, 1588.41
1622, 1594.45
1623, 1603.51
1624, 1596.45
1625, 1598.49
1626, 1603.51
1627, 1593.44
1628, 1600.49
1629, 1598.48
1630, 1604.55
1631, 1607.55
1632, 1607.54
1633, 1612.57
1634, 1598.52
1635, 1608.54
1636, 1607.55
1637, 1612.58
1638, 1611.57
1639, 1610.55
1640, 1613.57
1641, 1614.61
1642, 1611.57
1643, 1614.6
1644, 1615.6
1645, 1620.64
1646, 1621.65
1647, 1623.65
1648, 1622.65
1649, 1621.64
1650, 1628.68
1651, 1624.67
1652, 1621.64
1653, 1623.65
1654, 1630.7
1655, 1625.67
1656, 1630.71
1657, 1631.72
1658, 1630.7
1659, 1622.65
1660, 1639.77
1661, 1633.71
1662, 1635.72
1663, 1632.72
1664, 1642.77
1665, 1635.72
1666, 1641.77
1667, 1641.8
1668, 1636.75
1669, 1644.81
1670, 1645.81
1671, 1645.81
1672, 1638.78
1673, 1646.82
1674, 1652.85
1675, 1645.84
1676, 1648.84
1677, 1650.87
1678, 1647.84
1679, 1651.85
1680, 1650.85
1681, 1650.85
1682, 1658.93
1683, 1655.88
1684, 1657.88
1685, 1655.88
1686, 1654.9
1687, 1654.9
1688, 1659.91
1689, 1660.91
1690, 1661.91
1691, 1668.97
1692, 1664.95
1693, 1662.94
1694, 1671
1695, 1669.98
1696, 1668.97
1697, 1668.98
1698, 1674.03
1699, 1666.95
1700, 1670.98
1701, 1674.01
1702, 1678.04
1703, 1679.05
1704, 1672
1705, 1670.98
1706, 1674.03
1707, 1680.05
1708, 1678.05
1709, 1679.05
1710, 1674.04
1711, 1682.04
1712, 1687.08
1713, 1679.05
1714, 1685.13
1715, 1685.1
1716, 1678.05
1717, 1684.1
1718, 1682.08
1719, 1686.11
1720, 1689.13
1721, 1691.14
1722, 1684.1
1723, 1694.16
1724, 1693.13
1725, 1691.13
1726, 1700.18
1727, 1695.17
1728, 1706.26
1729, 1696.17
1730, 1698.17
1731, 1702.21
1732, 1706.26
1733, 1700.23
1734, 1712.28
1735, 1708.24
1736, 1714.3
1737, 1713.28
1738, 1710.28
1739, 1709.26
1740, 1712.28
1741, 1712.28
1742, 1713.28
1743, 1716.31
1744, 1712.3
1745, 1719.31
1746, 1713.31
1747, 1720.34
1748, 1713.28
1749, 1720.36
1750, 1723.38
1751, 1720.34
1752, 1724.36
1753, 1716.33
1754, 1726.36
1755, 1721.33
1756, 1730.4
1757, 1727.4
1758, 1730.43
1759, 1727.38
1760, 1730.4
1761, 1727.41
1762, 1734.46
1763, 1735.46
1764, 1737.44
1765, 1735.44
1766, 1737.46
1767, 1737.46
1768, 1738.47
1769, 1736.46
1770, 1736.47
1771, 1742.5
1772, 1741.49
1773, 1734.46
1774, 1748.54
1775, 1743.5
1776, 1746.51
1777, 1744.53
1778, 1742.51
1779, 1752.56
1780, 1749.54
1781, 1754.59
1782, 1760.63
1783, 1756.6
1784, 1755.59
1785, 1755.59
1786, 1755.6
1787, 1757.6
1788, 1761.64
1789, 1761.64
1790, 1755.59
1791, 1754.61
1792, 1759.63
1793, 1758.61
1794, 1766.67
1795, 1762.63
1796, 1761.64
1797, 1769.69
1798, 1763.66
1799, 1765.67
1800, 1777.76
1801, 1775.73
1802, 1772.7
1803, 1774.71
1804, 1771.71
1805, 1774.73
1806, 1782.77
1807, 1769.7
1808, 1777.74
1809, 1784.8
1810, 1779.77
1811, 1787.83
1812, 1782.79
1813, 1780.77
1814, 1783.79
1815, 1783.79
1816, 1784.8
1817, 1785.82
1818, 1780.77
1819, 1787.8
1820, 1793.86
1821, 1793.89
1822, 1793.87
1823, 1790.83
1824, 1794.87
1825, 1795.87
1826, 1797.9
1827, 1793.86
1828, 1798.89
1829, 1795.89
1830, 1796.9
1831, 1803.93
1832, 1796.9
1833, 1797.9
1834, 1807.96
1835, 1797.92
1836, 1804.94
1837, 1805.96
1838, 1814
1839, 1801.92
1840, 1809.97
1841, 1811
1842, 1809.99
1843, 1814.02
1844, 1806.94
1845, 1813
1846, 1819.06
1847, 1816.03
1848, 1814.03
1849, 1821.03
1850, 1816.02
1851, 1820.06
1852, 1822.04
1853, 1817.03
1854, 1822.06
1855, 1819.04
1856, 1826.09
1857, 1827.12
1858, 1822.07
1859, 1824.07
1860, 1831.13
1861, 1831.15
1862, 1828.13
1863, 1832.15
1864, 1835.16
1865, 1830.13
1866, 1835.16
1867, 1839.19
1868, 1835.19
1869, 1836.16
1870, 1836.16
1871, 1836.19
1872, 1833.16
1873, 1838.19
1874, 1836.17
1875, 1837.19
1876, 1844.22
1877, 1845.26
1878, 1842.22
1879, 1849.25
1880, 1843.25
1881, 1845.25
1882, 1846.25
1883, 1853.29
1884, 1844.23
1885, 1852.29
1886, 1857.3
1887, 1856.32
1888, 1858.35
1889, 1860.33
1890, 1852.29
1891, 1859.35
1892, 1856.35
1893, 1862.37
1894, 1859.33
1895, 1860.36
1896, 1862.36
1897, 1865.4
1898, 1866.39
1899, 1863.35
1900, 1863.36
1901, 1867.39
1902, 1867.4
1903, 1878.46
1904, 1872.43
1905, 1876.45
1906, 1873.42
1907, 1878.45
1908, 1878.48
1909, 1870.42
1910, 1880.48
1911, 1875.45
1912, 1881.49
1913, 1887.53
1914, 1877.46
1915, 1874.45
1916, 1886.5
1917, 1882.5
1918, 1880.5
1919, 1888.53
1920, 1882.52
1921, 1892.55
1922, 1886.52
1923, 1890.56
1924, 1887.55
1925, 1886.53
1926, 1899.6
1927, 1892.58
1928, 1897.6
1929, 1896.6
1930, 1899.62
1931, 1895.58
1932, 1900.62
1933, 1897.6
1934, 1900.62
1935, 1894.59
1936, 1901.63
1937, 1900.63
1938, 1902.65
1939, 1904.66
1940, 1902.65
1941, 1899.62
1942, 1914.7
1943, 1913.72
1944, 1912.7
1945, 1907.68
1946, 1914.72
1947, 1914.73
1948, 1913.73
1949, 1909.7
1950, 1915.73
1951, 1920.78
1952, 1918.75
1953, 1913.76
1954, 1920.78
1955, 1918.78
1956, 1919.75
1957, 1918.76
1958, 1929.83
1959, 1922.81
1960, 1918.76
1961, 1922.79
1962, 1928.82
1963, 1927.83
1964, 1927.85
1965, 1930.83
1966, 1930.85
1967, 1926.82
1968, 1932.86
1969, 1937.88
1970, 1931.85
1971, 1938.89
1972, 1930.85
1973, 1939.91
1974, 1942.91
1975, 1943.92
1976, 1936.92
1977, 1947.93
1978, 1943.93
1979, 1944.98
1980, 1948.96
1981, 1943.92
1982, 1947.98
1983, 1947.99
1984, 1949.99
1985, 1944.95
1986, 1947.95
1987, 1958.03
1988, 1953.99
1989, 1951.99
1990, 1954.02
1991, 1952.99
1992, 1955.01
1993, 1959.03
1994, 1955.03
1995, 1966.09
1996, 1961.05
1997, 1959.05
1998, 1965.08
1999, 1967.11
2000, 1960.06
2001, 1968.11
2002, 1965.08
2003, 1965.09
2004, 1960.08
2005, 1966.11
2006, 1969.14
2007, 1970.14
2008, 1970.15
2009, 1970.14
2010, 1980.19
2011, 1970.12
2012, 1978.18
2013, 1977.18
2014, 1978.18
2015, 1973.15
2016, 1985.22
2017, 1981.22
2018, 1977.18
2019, 1978.19
2020, 1987.24
2021, 1982.21
2022, 1986.25
2023, 1991.28
2024, 1995.31
2025, 1992.28
2026, 1986.22
2027, 1982.21
2028, 1995.31
2029, 1996.34
2030, 1993.29
2031, 2002.34
2032, 1992.29
2033, 1998.34
2034, 1997.32
2035, 2002.34
2036, 2000.34
2037, 2001.35
2038, 1999.35
2039, 2002.35
2040, 2008.39
2041, 2006.37
2042, 2012.41
2043, 2009.39
2044, 2007.39
2045, 2008.38
2046, 2011.41
2047, 2008.41
2048, 2010.44
2049, 2020.47
2050, 2012.42
2051, 2011.42
2052, 2016.45
2053, 2015.45
2054, 2015.45
2055, 2023.48
2056, 2021.49
2057, 2018.48
2058, 2023.52
2059, 2023.48
2060, 2022.49
2061, 2027.52
2062, 2033.55
2063, 2027.54
2064, 2023.51
2065, 2035.58
2066, 2030.55
2067, 2032.57
2068, 2030.57
2069, 2036.59
2070, 2033.59
2071, 2027.54
2072, 2042.62
2073, 2034.58
2074, 2040.62
2075, 2042.64
2076, 2038.61
2077, 2048.67
2078, 2041.64
2079, 2043.67
2080, 2037.61
2081, 2043.65
2082, 2044.65
2083, 2050.7
2084, 2041.64
2085, 2047.67
2086, 2052.71
2087, 2048.68
2088, 2048.68
2089, 2052.72
2090, 2054.72
2091, 2049.7
2092, 2053.71
2093, 2054.74
2094, 2056.75
2095, 2058.75
2096, 2059.78
2097, 2061.78
2098, 2064.8
2099, 2066.81
2100, 2059.77
2101, 2069.82
2102, 2062.8
2103, 2068.82
2104, 2076.87
2105, 2064.81
2106, 2071.84
2107, 2071.84
2108, 2070.84
2109, 2073.87
2110, 2069.84
2111, 2073.85
2112, 2077.87
2113, 2073.85
2114, 2079.9
2115, 2073.87
2116, 2077.91
2117, 2090.98
2118, 2078.92
2119, 2084.92
2120, 2083.95
2121, 2082.91
2122, 2081.91
2123, 2084.92
2124, 2083.94
2125, 2089.98
2126, 2092
2127, 2089.97
2128, 2095.01
2129, 2083.94
2130, 2092.01
2131, 2091.01
2132, 2095.01
2133, 2101.04
2134, 2100.05
2135, 2102.07
2136, 2099.04
2137, 2103.07
2138, 2093.01
2139, 2097.04
2140, 2107.1
2141, 2108.13
2142, 2108.1
2143, 2106.08
2144, 2107.1
2145, 2113.15
2146, 2112.13
2147, 2106.08
2148, 2107.1
2149, 2115.17
2150, 2119.18
2151, 2116.18
2152, 2117.17
2153, 2113.13
2154, 2121.2
2155, 2115.15
2156, 2119.18
2157, 2121.21
2158, 2115.15
2159, 2124.21
2160, 2119.21
2161, 2128.25
2162, 2120.2
2163, 2123.23
2164, 2128.24
2165, 2128.25
2166, 2131.28
2167, 2129.25
2168, 2131.25
2169, 2132.28
2170, 2136.31
2171, 2133.3
2172, 2134.3
2173, 2130.28
2174, 2140.33
2175, 2138.33
2176, 2140.33
2177, 2141.33
2178, 2143.36
2179, 2142.33
2180, 2142.36
2181, 2137.31
2182, 2145.36
2183, 2143.36
2184, 2144.38
2185, 2153.44
2186, 2148.4
2187, 2154.43
2188, 2146.38
2189, 2149.4
2190, 2158.47
2191, 2152.43
2192, 2154.43
2193, 2161.47
2194, 2157.46
2195, 2157.48
2196, 2156.44
2197, 2162.5
2198, 2161.48
2199, 2162.5
2200, 2158.47
2201, 2164.51
2202, 2160.48
2203, 2164.5
2204, 2168.51
2205, 2169.56
2206, 2166.54
2207, 2168.54
2208, 2163.53
2209, 2174.58
2210, 2172.57
2211, 2166.53
2212, 2177.58
2213, 2172.57
2214, 2168.56
2215, 2179.61
2216, 2178.61
2217, 2180.63
2218, 2189.67
2219, 2179.61
2220, 2187.66
2221, 2184.67
2222, 2185.64
2223, 2174.57
2224, 2182.61
2225, 2189.69
2226, 2186.69
2227, 2186.66
2228, 2188.69
2229, 2191.71
2230, 2198.74
2231, 2203.77
2232, 2194.71
2233, 2191.69
2234, 2191.7
2235, 2201.77
2236, 2197.74
2237, 2193.73
2238, 2201.76
2239, 2197.74
2240, 2204.79
2241, 2201.8
2242, 2202.77
2243, 2195.73
2244, 2209.81
2245, 2209.84
2246, 2202.77
2247, 2208.83
2248, 2212.83
2249, 2208.81
2250, 2207.81
2251, 2215.87
2252, 2215.87
2253, 2216.89
2254, 2211.84
2255, 2219.9
2256, 2208.83
2257, 2212.86
2258, 2219.9
2259, 2217.89
2260, 2217.9
2261, 2223.93
2262, 2223.93
2263, 2224.93
2264, 2225.94
2265, 2222.93
2266, 2235.02
2267, 2224.94
2268, 2227.94
2269, 2233.99
2270, 2232.99
2271, 2231.99
2272, 2234.02
2273, 2227.99
2274, 2234.99
2275, 2234
2276, 2232.99
2277, 2234
2278, 2233
2279, 2242.04
2280, 2243.06
2281, 2243.06
2282, 2242.06
2283, 2246.07
2284, 2249.1
2285, 2240.09
2286, 2250.12
2287, 2244.09
2288, 2243.09
2289, 2240.04
2290, 2250.12
2291, 2255.16
2292, 2250.13
2293, 2249.12
2294, 2246.1
2295, 2259.19
2296, 2250.13
2297, 2260.19
2298, 2260.17
2299, 2264.22
2300, 2259.19
2301, 2260.2
2302, 2259.16
2303, 2265.2
2304, 2264.22
2305, 2262.22
2306, 2266.25
2307, 2267.23
2308, 2273.26
2309, 2268.25
2310, 2276.32
2311, 2264.23
2312, 2264.23
2313, 2269.26
2314, 2279.32
2315, 2269.26
2316, 2270.26
2317, 2273.29
2318, 2274.29
2319, 2283.36
2320, 2276.32
2321, 2273.29
2322, 2278.32
2323, 2282.35
2324, 2287.39
2325, 2279.33
2326, 2277.35
2327, 2284.36
2328, 2290.39
2329, 2291.4
2330, 2291.4
2331, 2287.39
2332, 2287.37
2333, 2291.42
2334, 2299.43
2335, 2293.42
2336, 2289.39
2337, 2297.43
2338, 2297.45
2339, 2295.45
2340, 2304.5
2341, 2292.43
2342, 2303.49
2343, 2312.55
2344, 2299.49
2345, 2304.5
2346, 2305.5
2347, 2307.53
2348, 2303.52
2349, 2311.56
2350, 2309.53
2351, 2313.56
2352, 2318.6
2353, 2315.6
2354, 2319.6
2355, 2313.56
2356, 2318.6
2357, 2319.59
2358, 2314.58
2359, 2320.6
2360, 2318.6
2361, 2323.63
2362, 2323.65
2363, 2318.59
2364, 2321.62
2365, 2324.65
2366, 2330.68
2367, 2323.63
2368, 2327.68
2369, 2328.68
2370, 2331.69
2371, 2327.69
2372, 2327.68
2373, 2332.7
2374, 2331.69
2375, 2337.73
2376, 2335.72
2377, 2338.75
2378, 2326.69
2379, 2334.72
2380, 2338.73
2381, 2335.72
2382, 2337.75
2383, 2349.82
2384, 2347.79
2385, 2338.75
2386, 2350.83
2387, 2347.8
2388, 2345.79
2389, 2349.8
2390, 2347.82
2391, 2345.79
2392, 2346.82
2393, 2349.82
2394, 2353.85
2395, 2350.83
2396, 2353.85
2397, 2358.86
2398, 2356.88
2399, 2355.88
2400, 2358.91
2401, 2360.89
2402, 2350.82
2403, 2352.86
2404, 2359.92
2405, 2358.92
2406, 2360.92
2407, 2362.92
2408, 2364.93
2409, 2366.96
2410, 2370.98
2411, 2364.93
2412, 2366.95
2413, 2365.95
2414, 2375.02
2415, 2377.02
2416, 2376.01
2417, 2384.05
2418, 2369.98
2419, 2379.03
2420, 2372.01
2421, 2378.03
2422, 2382.06
2423, 2387.09
2424, 2376.03
2425, 2385.08
2426, 2381.05
2427, 2381.06
2428, 2387.08
2429, 2387.06
2430, 2386.12
2431, 2386.09
2432, 2386.11
2433, 2385.08
2434, 2392.11
2435, 2386.09
2436, 2392.13
2437, 2400.16
2438, 2393.13
2439, 2394.13
2440, 2397.18
2441, 2399.19
2442, 2397.15
2443, 2396.15
2444, 2403.19
2445, 2399.21
2446, 2405.21
2447, 2401.19
2448, 2405.19
2449, 2405.22
2450, 2409.26
2451, 2404.24
2452, 2411.26
2453, 2411.26
2454, 2410.25
2455, 2407.24
2456, 2409.26
2457, 2412.28
2458, 2418.32
2459, 2416.29
2460, 2418.34
2461, 2415.29
2462, 2415.31
2463, 2419.32
2464, 2419.31
2465, 2425.35
2466, 2431.41
2467, 2424.35
2468, 2425.36
2469, 2426.38
2470, 2431.41
2471, 2431.41
2472, 2428.39
2473, 2432.41
2474, 2428.39
2475, 2432.41
2476, 2436.45
2477, 2431.42
2478, 2426.38
2479, 2439.46
2480, 2435.44
2481, 2436.44
2482, 2433.42
2483, 2437.45
2484, 2436.45
2485, 2439.46
2486, 2446.52
2487, 2446.51
2488, 2445.51
2489, 2444.52
2490, 2444.52
2491, 2437.49
2492, 2442.49
2493, 2453.55
2494, 2445.52
2495, 2448.54
2496, 2455.58
2497, 2449.55
2498, 2453.57
2499, 2453.55
2500, 2455.59
2501, 2461.62
2502, 2458.59
2503, 2465.64
2504, 2458.58
2505, 2458.61
2506, 2464.65
2507, 2461.62
2508, 2471.68
2509, 2466.64
2510, 2466.67
2511, 2468.68
2512, 2473.71
2513, 2469.69
2514, 2468.68
2515, 2472.71
2516, 2466.67
2517, 2469.68
2518, 2469.67
2519, 2481.77
2520, 2480.77
2521, 2475.72
2522, 2478.74
2523, 2476.74
2524, 2481.75
2525, 2480.77
2526, 2477.77
2527, 2479.74
2528, 2482.77
2529, 2490.81
2530, 2486.81
2531, 2487.81
2532, 2486.79
2533, 2484.78
2534, 2489.82
2535, 2492.85
2536, 2494.87
2537, 2486.81
2538, 2495.87
2539, 2486.79
2540, 2495.87
2541, 2496.87
2542, 2500.9
2543, 2495.87
2544, 2494.87
2545, 2495.88
2546, 2506.94
2547, 2503.92
2548, 2502.92
2549, 2498.9
2550, 2503.92
2551, 2508.97
2552, 2504.94
2553, 2505.95
2554, 2510.97
2555, 2507.95
2556, 2512.98
2557, 2511
2558, 2514
2559, 2510.97
2560, 2517
2561, 2514.01
2562, 2516.04
2563, 2519.01
2564, 2519.02
2565, 2522.05
2566, 2517.05
2567, 2524.08
2568, 2526.07
2569, 2527.08
2570, 2534.12
2571, 2525.1
2572, 2517.05
2573, 2525.05
2574, 2532.12
2575, 2531.11
2576, 2535.14
2577, 2527.11
2578, 2534.14
2579, 2528.11
2580, 2526.08
2581, 2537.15
2582, 2537.17
2583, 2537.17
2584, 2537.14
2585, 2533.14
2586, 2540.18
2587, 2541.2
2588, 2543.21
2589, 2536.14
2590, 2542.18
2591, 2543.2
2592, 2547.23
2593, 2545.23
2594, 2545.21
2595, 2556.3
2596, 2549.24
2597, 2550.27
2598, 2554.31
2599, 2548.24
2600, 2556.27
2601, 2552.25
2602, 2553.3
2603, 2558.33
2604, 2560.31
2605, 2548.27
2606, 2557.31
2607, 2555.31
2608, 2564.35
2609, 2559.33
2610, 2565.35
2611, 2568.37
2612, 2567.38
2613, 2573.41
2614, 2557.33
2615, 2563.34
2616, 2569.38
2617, 2570.41
2618, 2574.44
2619, 2570.4
2620, 2573.41
2621, 2573.41
2622, 2574.44
2623, 2577.44
2624, 2574.44
2625, 2568.41
2626, 2577.46
2627, 2577.48
2628, 2583.5
2629, 2578.46
2630, 2573.43
2631, 2588.53
2632, 2584.51
2633, 2586.5
2634, 2586.53
2635, 2590.53
2636, 2591.56
2637, 2589.54
2638, 2593.57
2639, 2588.51
2640, 2587.51
2641, 2602.61
2642, 2594.57
2643, 2589.54
2644, 2591.53
2645, 2592.56
2646, 2592.57
2647, 2599.61
2648, 2596.58
2649, 2602.63
2650, 2598.6
2651, 2604.66
2652, 2602.64
2653, 2605.63
2654, 2607.66
2655, 2605.64
2656, 2611.68
2657, 2609.68
2658, 2604.64
2659, 2608.67
2660, 2606.68
2661, 2608.68
2662, 2618.76
2663, 2612.7
2664, 2618.73
2665, 2607.68
2666, 2616.73
2667, 2619.77
2668, 2618.76
2669, 2615.73
2670, 2626.8
2671, 2619.77
2672, 2623.79
2673, 2623.77
2674, 2616.74
2675, 2623.79
2676, 2630.84
2677, 2624.8
2678, 2635.84
2679, 2634.86
2680, 2631.84
2681, 2632.84
2682, 2630.84
2683, 2630.83
2684, 2629.83
2685, 2632.84
2686, 2639.89
2687, 2638.89
2688, 2638.89
2689, 2638.87
2690, 2650.94
2691, 2640.9
2692, 2643.93
2693, 2644.93
2694, 2646.93
2695, 2651.97
2696, 2646.96
2697, 2649.96
2698, 2644.94
2699, 2650.96
2700, 2643.93
2701, 2652.99
2702, 2652.99
2703, 2653
2704, 2650.97
2705, 2659.01
2706, 2654
2707, 2656.03
2708, 2654.04
2709, 2664.07
2710, 2662.06
2711, 2664.09
2712, 2669.1
2713, 2656.01
2714, 2661.04
2715, 2664.07
2716, 2658.03
2717, 2671.13
2718, 2668.1
2719, 2680.16
2720, 2672.13
2721, 2671.1
2722, 2672.13
2723, 2683.2
2724, 2673.12
2725, 2670.13
2726, 2672.13
2727, 2679.17
2728, 2680.19
2729, 2686.22
2730, 2680.19
2731, 2682.22
2732, 2683.2
2733, 2679.19
2734, 2683.2
2735, 2683.2
2736, 2688.23
2737, 2690.26
2738, 2687.23
2739, 2686.22
2740, 2691.24
2741, 2698.3
2742, 2693.29
2743, 2693.27
2744, 2686.23
2745, 2700.3
2746, 2692.29
2747, 2699.32
2748, 2704.36
2749, 2698.3
2750, 2701.33
2751, 2703.33
2752, 2705.36
2753, 2707.39
2754, 2701.32
2755, 2705.36
2756, 2708.37
2757, 2708.39
2758, 2710.4
2759, 2706.37
2760, 2705.36
2761, 2715.42
2762, 2710.42
2763, 2709.4
2764, 2711.4
2765, 2711.42
2766, 2719.43
2767, 2720.47
2768, 2716.46
2769, 2720.47
2770, 2717.45
2771, 2719.46
2772, 2718.45
2773, 2723.49
2774, 2724.5
2775, 2722.47
2776, 2723.49
2777, 2727.52
2778, 2724.5
2779, 2725.5
2780, 2735.56
2781, 2729.53
2782, 2732.55
2783, 2732.56
2784, 2737.59
2785, 2737.6
2786, 2730.53
2787, 2735.59
2788, 2733.56
2789, 2734.56
2790, 2738.6
2791, 2738.62
2792, 2742.62
2793, 2740.62
2794, 2742.63
2795, 2746.66
2796, 2748.67
2797, 2747.65
2798, 2754.7
2799, 2752.7
2800, 2750.67
2801, 2751.69
2802, 2751.67
2803, 2756.73
2804, 2755.72
2805, 2746.67
2806, 2753.67
2807, 2757.72
2808, 2762.78
2809, 2758.73
2810, 2758.73
2811, 2766.76
2812, 2765.78
2813, 2764.78
2814, 2765.79
2815, 2769.79
2816, 2768.8
2817, 2770.85
2818, 2768.82
2819, 2765.8
2820, 2767.8
2821, 2774.85
2822, 2772.83
2823, 2776.86
2824, 2770.86
2825, 2773.85
2826, 2778.86
2827, 2778.89
2828, 2780.9
2829, 2778.88
2830, 2776.88
2831, 2779.9
2832, 2780.9
2833, 2781.9
2834, 2787.95
2835, 2786.93
2836, 2777.86
2837, 2789.95
2838, 2785.95
2839, 2790.98
2840, 2784.93
2841, 2792.98
2842, 2796.99
2843, 2790.96
2844, 2786.96
2845, 2792.98
2846, 2796
2847, 2797
2848, 2799.03
2849, 2795.99
2850, 2801.03
2851, 2793.99
2852, 2809.09
2853, 2802.05
2854, 2804.08
2855, 2804.06
2856, 2801.05
2857, 2805.08
2858, 2808.09
2859, 2810.11
2860, 2809.11
2861, 2806.08
2862, 2813.13
2863, 2815.15
2864, 2813.13
2865, 2816.13
2866, 2815.13
2867, 2814.15
2868, 2820.18
2869, 2819.18
2870, 2825.21
2871, 2806.11
2872, 2819.16
2873, 2824.21
2874, 2819.18
2875, 2830.23
2876, 2822.19
2877, 2814.15
2878, 2833.26
2879, 2826.21
2880, 2826.21
2881, 2831.25
2882, 2832.26
2883, 2832.26
2884, 2833.26
2885, 2828.25
2886, 2831.26
2887, 2831.26
2888, 2832.26
2889, 2838.29
2890, 2839.31
2891, 2841.32
2892, 2845.35
2893, 2842.34
2894, 2843.34
2895, 2842.34
2896, 2841.34
2897, 2841.34
2898, 2843.34
2899, 2846.36
2900, 2846.38
2901, 2850.41
2902, 2848.36
2903, 2854.41
2904, 2846.38
2905, 2853.42
2906, 2855.44
2907, 2854.42
2908, 2857.44
2909, 2860.46
2910, 2852.41
2911, 2857.46
2912, 2857.44
2913, 2860.45
2914, 2857.45
2915, 2865.51
2916, 2861.46
2917, 2862.46
2918, 2861.46
2919, 2865.51
2920, 2863.51
2921, 2867.52
2922, 2865.49
2923, 2869.52
2924, 2872.56
2925, 2869.54
2926, 2869.54
2927, 2865.52
2928, 2880.61
2929, 2872.56
2930, 2873.56
2931, 2876.58
2932, 2881.61
2933, 2877.59
2934, 2883.65
2935, 2882.62
2936, 2881.61
2937, 2879.59
2938, 2881.62
2939, 2879.59
2940, 2885.65
2941, 2886.65
2942, 2885.65
2943, 2889.67
2944, 2899.74
2945, 2896.71
2946, 2889.71
2947, 2896.71
2948, 2890.68
2949, 2892.68
2950, 2891.69
2951, 2896.72
2952, 2898.74
2953, 2901.75
2954, 2899.75
2955, 2902.75
2956, 2903.77
2957, 2899.77
2958, 2909.81
2959, 2899.75
2960, 2905.78
2961, 2906.79
2962, 2902.81
2963, 2914.87
2964, 2908.79
2965, 2907.79
2966, 2909.84
2967, 2908.82
2968, 2919.89
2969, 2909.82
2970, 2913.84
2971, 2914.84
2972, 2916.87
2973, 2915.87
2974, 2918.88
2975, 2922.89
2976, 2919.88
2977, 2926.94
2978, 2925.94
2979, 2921.91
2980, 2921.89
2981, 2921.91
2982, 2928.94
2983, 2925.94
2984, 2926.95
2985, 2926.95
2986, 2928.95
2987, 2941.04
2988, 2932
2989, 2940.02
2990, 2935
2991, 2938.01
2992, 2940.04
2993, 2942.04
2994, 2943.04
2995, 2940.04
2996, 2937.01
2997, 2942.07
2998, 2945.07
2999, 2943.05
3000, 2942.05
3001, 2946.08
3002, 2947.08
3003, 2948.08
3004, 2946.07
3005, 2951.11
3006, 2952.12
3007, 2955.12
3008, 2950.11
3009, 2952.12
3010, 2951.11
3011, 2957.15
3012, 2957.15
3013, 2964.21
3014, 2962.18
3015, 2953.12
3016, 2969.2
3017, 2962.2
3018, 2968.27
3019, 2964.21
3020, 2966.21
3021, 2968.21
3022, 2964.2
3023, 2969.25
3024, 2970.24
3025, 2969.24
3026, 2974.27
3027, 2971.25
3028, 2975.28
3029, 2970.24
3030, 2972.25
3031, 2974.28
3032, 2979.31
3033, 2973.27
3034, 2975.31
3035, 2978.3
3036, 2980.31
3037, 2977.3
3038, 2981.31
3039, 2978.31
3040, 2982.33
3041, 2982.33
3042, 2989.38
3043, 2990.4
3044, 2988.38
3045, 2988.35
3046, 2989.38
3047, 2990.37
3048, 2995.41
3049, 2998.44
3050, 2991.4
3051, 3003.47
3052, 2996.44
3053, 3001.47
3054, 2991.41
3055, 2999.44
3056, 2999.44
3057, 3005.48
3058, 3001.47
3059, 2997.44
3060, 3002.47
3061, 2998.48
3062, 3005.5
3063, 3007.51
3064, 3001.51
3065, 3007.51
3066, 3013.57
3067, 3015.54
3068, 3013.57
3069, 3010.53
3070, 3014.55
3071, 3014.55
3072, 3015.58
3073, 3016.58
3074, 3015.58
3075, 3014.55
3076, 3016.58
3077, 3022.61
3078, 3021.61
3079, 3021.61
3080, 3023.63
3081, 3024.63
3082, 3026.64
3083, 3029.66
3084, 3021.63
3085, 3033.68
3086, 3025.64
3087, 3028.66
3088, 3033.68
3089, 3037.74
3090, 3036.71
3091, 3040.71
3092, 3026.66
3093, 3032.7
3094, 3038.74
3095, 3032.68
3096, 3044.77
3097, 3040.74
3098, 3046.8
3099, 3038.74
3100, 3044.77
3101, 3037.73
3102, 3042.77
3103, 3047.8
3104, 3048.83
3105, 3049.8
3106, 3045.78
3107, 3051.81
3108, 3050.83
3109, 3055.86
3110, 3049.81
3111, 3050.83
3112, 3050.83
3113, 3055.87
3114, 3057.91
3115, 3058.86
3116, 3058.87
3117, 3060.9
3118, 3060.9
3119, 3057.88
3120, 3063.9
3121, 3061.91
3122, 3066.94
3123, 3057.9
3124, 3064.94
3125, 3066.93
3126, 3062.91
3127, 3076
3128, 3070.97
3129, 3069.97
3130, 3069.96
3131, 3078.01
3132, 3080.03
3133, 3083.01
3134, 3076
3135, 3076.01
3136, 3076.03
3137, 3078.03
3138, 3081.04
3139, 3079.01
3140, 3083.03
3141, 3082.03
3142, 3086.07
3143, 3090.1
3144, 3082.06
3145, 3082.04
3146, 3085.03
3147, 3092.11
3148, 3092.13
3149, 3096.13
3150, 3088.09
3151, 3098.13
3152, 3093.11
3153, 3099.16
3154, 3098.16
3155, 3095.13
3156, 3095.14
3157, 3098.16
3158, 3102.17
3159, 3094.13
3160, 3103.2
3161, 3101.19
3162, 3103.19
3163, 3096.19
3164, 3102.21
3165, 3106.21
3166, 3105.21
3167, 3113.26
3168, 3117.26
3169, 3108.23
3170, 3112.24
3171, 3105.21
3172, 3115.29
3173, 3110.24
3174, 3114.27
3175, 3120.3
3176, 3118.32
3177, 3116.29
3178, 3118.3
3179, 3116.29
3180, 3118.32
3181, 3121.32
3182, 3125.34
3183, 3123.34
3184, 3124.34
3185, 3119.32
3186, 3132.4
3187, 3129.37
3188, 3122.33
3189, 3128.39
3190, 3134.43
3191, 3131.4
3192, 3138.43
3193, 3130.4
3194, 3134.43
3195, 3135.43
3196, 3131.4
3197, 3131.42
3198, 3135.44
3199, 3134.43
3200, 3139.44
3201, 3140.46
3202, 3138.47
3203, 3142.47
3204, 3144.49
3205, 3142.47
3206, 3145.49
3207, 3144.49
3208, 3146.52
3209, 3147.52
3210, 3150.52
3211, 3150.53
3212, 3149.53
3213, 3153.57
3214, 3145.5
3215, 3154.56
3216, 3153.55
3217, 3157.59
3218, 3162.62
3219, 3161.59
3220, 3147.52
3221, 3163.6
3222, 3165.63
3223, 3161.6
3224, 3162.62
3225, 3160.62
3226, 3160.6
3227, 3172.67
3228, 3168.69
3229, 3170.67
3230, 3167.65
3231, 3177.72
3232, 3178.72
3233, 3170.7
3234, 3173.7
3235, 3172.66
3236, 3175.7
3237, 3175.72
3238, 3175.73
3239, 3179.75
3240, 3173.69
3241, 3177.75
3242, 3182.76
3243, 3185.77
3244, 3182.76
3245, 3180.75
3246, 3185.77
3247, 3183.77
3248, 3192.85
3249, 3191.83
3250, 3188.79
3251, 3191.82
3252, 3195.83
3253, 3192.85
3254, 3193.83
3255, 3193.85
3256, 3192.82
3257, 3195.86
3258, 3192.88
3259, 3198.86
3260, 3201.89
3261, 3201.9
3262, 3203.9
3263, 3201.92
3264, 3204.92
3265, 3196.86
3266, 3200.88
3267, 3204.92
3268, 3206.95
3269, 3202.92
3270, 3208.95
3271, 3209.96
3272, 3213.98
3273, 3212.99
3274, 3209.95
3275, 3211.98
3276, 3210.96
3277, 3214.98
3278, 3222.05
3279, 3217.02
3280, 3216
3281, 3213.98
3282, 3212.99
3283, 3226.08
3284, 3219.02
3285, 3217
3286, 3228.08
3287, 3225.05
3288, 3230.09
3289, 3233.12
3290, 3231.1
3291, 3228.06
3292, 3232.12
3293, 3236.12
3294, 3234.12
3295, 3229.08
3296, 3230.09
3297, 3238.16
3298, 3241.18
3299, 3237.15
3300, 3238.13
3301, 3236.15
3302, 3240.16
3303, 3234.15
3304, 3245.21
3305, 3241.19
3306, 3238.16
3307, 3243.19
3308, 3248.22
3309, 3244.22
3310, 3241.18
3311, 3249.21
3312, 3251.25
3313, 3247.23
3314, 3253.26
3315, 3255.28
3316, 3256.28
3317, 3252.26
3318, 3260.32
3319, 3256.28
3320, 3260.31
3321, 3258.29
3322, 3257.31
3323, 3262.33
3324, 3256.29
3325, 3258.29
3326, 3265.33
3327, 3263.33
3328, 3266.36
3329, 3265.35
3330, 3268.38
3331, 3266.35
3332, 3268.39
3333, 3268.38
3334, 3270.38
3335, 3269.38
3336, 3272.39
3337, 3267.38
3338, 3271.39
3339, 3272.41
3340, 3280.45
3341, 3280.46
3342, 3267.39
3343, 3280.45
3344, 3282.48
3345, 3281.45
3346, 3287.49
3347, 3286.49
3348, 3285.49
3349, 3291.52
3350, 3292.52
3351, 3288.51
3352, 3283.49
3353, 3284.49
3354, 3292.54
3355, 3291.54
3356, 3290.52
3357, 3298.59
3358, 3297.56
3359, 3289.51
3360, 3292.52
3361, 3303.62
3362, 3298.59
3363, 3294.56
3364, 3297.58
3365, 3296.56
3366, 3303.61
3367, 3302.62
3368, 3296.58
3369, 3308.65
3370, 3309.65
3371, 3307.64
3372, 3305.65
3373, 3312.69
3374, 3309.65
3375, 3313.69
3376, 3318.72
3377, 3316.72
3378, 3318.71
3379, 3310.66
3380, 3313.68
3381, 3314.71
3382, 3317.72
3383, 3313.71
3384, 3319.72
3385, 3317.71
3386, 3323.75
3387, 3328.81
3388, 3320.75
3389, 3322.75
3390, 3321.75
3391, 3328.81
3392, 3334.85
3393, 3324.78
3394, 3325.79
3395, 3328.79
3396, 3332.81
3397, 3333.87
3398, 3336.87
3399, 3334.84
3400, 3333.82
3401, 3334.85
3402, 3337.85
3403, 3334.84
3404, 3337.85
3405, 3332.82
3406, 3340.88
3407, 3345.92
3408, 3341.89
3409, 3348.95
3410, 3338.88
3411, 3347.94
3412, 3350.95
3413, 3352.97
3414, 3347.94
3415, 3350.95
3416, 3352.98
3417, 3361.04
3418, 3350.97
3419, 3348.95
3420, 3354.98
3421, 3348.95
3422, 3358.02
3423, 3356.01
3424, 3353.98
3425, 3361.02
3426, 3354.01
3427, 3364.07
3428, 3367.07
3429, 3360.04
3430, 3371.09
3431, 3371.09
3432, 3359.05
3433, 3368.08
3434, 3378.12
3435, 3363.07
3436, 3369.09
3437, 3365.07
3438, 3370.08
3439, 3371.12
3440, 3373.14
3441, 3379.14
3442, 3376.14
3443, 3379.15
3444, 3376.14
3445, 3376.15
3446, 3386.2
3447, 3375.14
3448, 3383.21
3449, 3381.17
3450, 3387.21
3451, 3382.21
3452, 3384.2
3453, 3393.25
3454, 3389.24
3455, 3381.2
3456, 3385.2
3457, 3393.25
3458, 3393.25
3459, 3399.31
3460, 3394.27
3461, 3390.24
3462, 3397.3
3463, 3401.31
3464, 3404.32
3465, 3394.28
3466, 3396.3
3467, 3401.31
3468, 3401.32
3469, 3405.35
3470, 3398.3
3471, 3399.31
3472, 3402.32
3473, 3407.37
3474, 3406.35
3475, 3408.35
3476, 3402.32
3477, 3412.41
3478, 3406.37
3479, 3413.41
3480, 3415.41
3481, 3405.34
3482, 3415.43
3483, 3416.43
3484, 3418.47
3485, 3421.47
3486, 3415.41
3487, 3413.43
3488, 3420.45
3489, 3425.5
3490, 3418.44
3491, 3426.5
3492, 3428.5
3493, 3427.53
3494, 3419.48
3495, 3425.5
3496, 3423.48
3497, 3430.54
3498, 3428.51
3499, 3436.55
3500, 3430.53
3501, 3431.53
3502, 3434.55
3503, 3439.58
3504, 3439.6
3505, 3432.54
3506, 3429.54
3507, 3437.57
3508, 3441.61
3509, 3442.61
3510, 3447.64
3511, 3441.61
3512, 3444.61
3513, 3445.67
3514, 3446.64
3515, 3448.65
3516, 3444.63
3517, 3442.63
3518, 3444.64
3519, 3453.7
3520, 3449.67
3521, 3457.7
3522, 3457.73
3523, 3456.73
3524, 3461.76
3525, 3461.71
3526, 3456.71
3527, 3459.73
3528, 3466.78
3529, 3466.78
3530, 3458.73
3531, 3462.77
3532, 3462.76
3533, 3465.78
3534, 3462.76
3535, 3469.78
3536, 3467.81
3537, 3472.83
3538, 3469.81
3539, 3474.83
3540, 3468.8
3541, 3470.8
3542, 3474.84
3543, 3476.87
3544, 3471.81
3545, 3473.83
3546, 3482.88
3547, 3480.88
3548, 3481.9
3549, 3478.88
3550, 3483.9
3551, 3483.91
3552, 3481.9
3553, 3481.88
3554, 3489.94
3555, 3482.9
3556, 3485.93
3557, 3481.91
3558, 3491.97
3559, 3492.96
3560, 3479.88
3561, 3496.98
3562, 3495.01
3563, 3500.01
3564, 3493.98
3565, 3501.03
3566, 3498
3567, 3501.04
3568, 3500.04
3569, 3503.04
3570, 3495
3571, 3501.03
3572, 3508.07
3573, 3512.1
3574, 3506.06
3575, 3507.07
3576, 3512.1
3577, 3513.13
3578, 3517.14
3579, 3507.09
3580, 3507.07
3581, 3512.13
3582, 3513.11
3583, 3513.13
3584, 3522.17
3585, 3518.14
3586, 3517.14
3587, 3518.16
3588, 3515.14
3589, 3519.16
3590, 3516.14
3591, 3519.14
3592, 3520.17
3593, 3530.23
3594, 3523.2
3595, 3523.19
3596, 3533.26
3597, 3528.23
3598, 3532.24
3599, 3534.26
3600, 3529.23
3601, 3530.24
3602, 3540.3
3603, 3536.27
3604, 3529.24
3605, 3541.3
3606, 3537.29
3607, 3545.33
3608, 3538.31
3609, 3540.3
3610, 3541.31
3611, 3549.37
3612, 3547.37
3613, 3542.33
3614, 3546.36
3615, 3546.36
3616, 3545.36
3617, 3546.36
3618, 3550.39
3619, 3552.4
3620, 3551.39
3621, 3549.37
3622, 3553.39
3623, 3555.4
3624, 3555.42
3625, 3556.42
3626, 3557.43
3627, 3556.43
3628, 3556.43
3629, 3557.43
3630, 3560.47
3631, 3558.43
3632, 3568.5
3633, 3561.47
3634, 3565.47
3635, 3565.49
3636, 3570.52
3637, 3575.57
3638, 3570.52
3639, 3574.54
3640, 3571.53
3641, 3575.57
3642, 3572.56
3643, 3580.59
3644, 3577.57
3645, 3577.57
3646, 3578.59
3647, 3581.62
3648, 3577.56
3649, 3583.62
3650, 3581.62
3651, 3585.63
3652, 3588.64
3653, 3588.64
3654, 3588.64
3655, 3585.63
3656, 3582.62
3657, 3585.64
3658, 3588.64
3659, 3594.66
3660, 3588.66
3661, 3584.64
3662, 3594.69
3663, 3594.69
3664, 3593.69
3665, 3588.66
3666, 3592.7
3667, 3594.67
3668, 3598.73
3669, 3594.7
3670, 3604.76
3671, 3597.73
3672, 3604.76
3673, 3601.75
3674, 3601.79
3675, 3606.79
3676, 3603.76
3677, 3612.82
3678, 3611.83
3679, 3614.82
3680, 3609.8
3681, 3611.82
3682, 3609.8
3683, 3617.86
3684, 3616.86
3685, 3615.85
3686, 3617.86
3687, 3616.85
3688, 3619.86
3689, 3620.86
3690, 3619.87
3691, 3616.85
3692, 3629.93
3693, 3620.87
3694, 3623.9
3695, 3626.89
3696, 3624.9
3697, 3628.95
3698, 3625.95
3699, 3626.92
3700, 3634.97
3701, 3633.96
3702, 3638
3703, 3629.96
3704, 3638
3705, 3635.99
3706, 3638.99
3707, 3644.05
3708, 3637
3709, 3637
3710, 3636.99
3711, 3637.99
3712, 3643.05
3713, 3647.08
3714, 3645.05
3715, 3645.05
3716, 3649.08
3717, 3650.09
3718, 3647.08
3719, 3654.1
3720, 3648.09
3721, 3655.1
3722, 3652.1
3723, 3657.15
3724, 3651.09
3725, 3644.08
3726, 3656.13
3727, 3660.16
3728, 3664.18
3729, 3659.15
3730, 3654.12
3731, 3661.16
3732, 3659.16
3733, 3661.16
3734, 3669.2
3735, 3667.2
3736, 3660.18
3737, 3666.2
3738, 3663.19
3739, 3670.22
3740, 3673.23
3741, 3671.26
3742, 3675.28
3743, 3671.26
3744, 3670.22
3745, 3674.26
3746, 3671.23
3747, 3680.3
3748, 3678.29
3749, 3677.28
3750, 3677.26
3751, 3683.32
3752, 3683.32
3753, 3689.35
3754, 3684.33
3755, 3680.29
3756, 3684.33
3757, 3689.38
3758, 3685.33
3759, 3690.39
3760, 3686.36
3761, 3687.36
3762, 3701.45
3763, 3692.39
3764, 3690.36
3765, 3693.42
3766, 3694.41
3767, 3702.48
3768, 3695.41
3769, 3685.36
3770, 3705.48
3771, 3696.45
3772, 3701.48
3773, 3698.43
3774, 3707.49
3775, 3711.52
3776, 3707.49
3777, 3710.51
3778, 3702.46
3779, 3709.51
3780, 3704.48
3781, 3707.51
3782, 3708.51
3783, 3705.48
3784, 3711.55
3785, 3715.55
3786, 3713.55
3787, 3716.59
3788, 3720.59
3789, 3710.52
3790, 3720.58
3791, 3724.62
3792, 3718.59
3793, 3726.62
3794, 3717.56
3795, 3725.64
3796, 3725.62
3797, 3720.62
3798, 3732.65
3799, 3723.61
3800, 3730.66
3801, 3725.65
3802, 3729.66
3803, 3729.66
3804, 3730.68
3805, 3735.69
3806, 3734.69
3807, 3732.71
3808, 3738.72
3809, 3741.74
3810, 3742.74
3811, 3743.75
3812, 3736.72
3813, 3738.72
3814, 3740.72
3815, 3742.74
3816, 3745.78
3817, 3744.75
3818, 3745.76
3819, 3746.78
3820, 3748.81
3821, 3754.82
3822, 3755.84
3823, 3752.82
3824, 3750.79
3825, 3747.79
3826, 3761.88
3827, 3753.84
3828, 3756.85
3829, 3755.85
3830, 3755.85
3831, 3755.86
3832, 3756.86
3833, 3762.89
3834, 3761.89
3835, 3756.85
3836, 3766.92
3837, 3760.89
3838, 3766.91
3839, 3764.92
3840, 3771.97
3841, 3772.94
3842, 3767.94
3843, 3771.95
3844, 3774.97
3845, 3771.95
3846, 3777.98
3847, 3774.97
3848, 3770.95
3849, 3776.99
3850, 3778.01
3851, 3770.98
3852, 3779.01
3853, 3784.04
3854, 3786.05
3855, 3785.05
3856, 3788.07
3857, 3780.02
3858, 3785.05
3859, 3783.04
3860, 3789.08
3861, 3788.08
3862, 3788.07
3863, 3787.07
3864, 3788.08
3865, 3792.09
3866, 3787.08
3867, 3793.11
3868, 3798.14
3869, 3788.08
3870, 3793.11
3871, 3797.15
3872, 3792.11
3873, 3794.12
3874, 3803.17
3875, 3805.19
3876, 3812.24
3877, 3803.18
3878, 3797.14
3879, 3802.18
3880, 3808.21
3881, 3809.22
3882, 3810.21
3883, 3801.17
3884, 3809.21
3885, 3812.24
3886, 3812.25
3887, 3814.24
3888, 3810.21
3889, 3810.22
3890, 3816.28
3891, 3818.3
3892, 3818.28
3893, 3817.25
3894, 3820.3
3895, 3820.3
3896, 3817.3
3897, 3824.32
3898, 3830.35
3899, 3819.3
3900, 3829.35
3901, 3823.31
3902, 3827.32
3903, 3821.31
3904, 3831.38
3905, 3830.37
3906, 3831.38
3907, 3835.4
3908, 3836.41
3909, 3840.45
3910, 3838.41
3911, 3836.41
3912, 3836.41
3913, 3837.42
3914, 3840.42
3915, 3843.45
3916, 3841.44
3917, 3837.42
3918, 3851.51
3919, 3847.47
3920, 3838.42
3921, 3842.44
3922, 3848.5
3923, 3844.47
3924, 3850.52
3925, 3844.47
3926, 3856.55
3927, 3854.54
3928, 3855.55
3929, 3861.58
3930, 3855.54
3931, 3851.51
3932, 3859.58
3933, 3864.61
3934, 3861.58
3935, 3861.6
3936, 3864.61
3937, 3860.57
3938, 3857.58
3939, 3862.61
3940, 3863.61
3941, 3867.65
3942, 3860.6
3943, 3868.64
3944, 3868.64
3945, 3863.6
3946, 3869.64
3947, 3871.67
3948, 3873.68
3949, 3873.67
3950, 3873.68
3951, 3873.67
3952, 3878.67
3953, 3872.67
3954, 3876.68
3955, 3878.73
3956, 3877.7
3957, 3883.77
3958, 3879.73
3959, 3883.74
3960, 3885.75
3961, 3881.74
3962, 3893.81
3963, 3886.78
3964, 3884.75
3965, 3890.8
3966, 3888.78
3967, 3898.84
3968, 3888.77
3969, 3897.83
3970, 3892.81
3971, 3894.84
3972, 3891.81
3973, 3894.81
3974, 3892.81
3975, 3899.85
3976, 3892.84
3977, 3901.87
3978, 3908.91
3979, 3899.85
3980, 3906.93
3981, 3906.9
3982, 3904.9
3983, 3908.91
3984, 3905.9
3985, 3898.88
3986, 3905.9
3987, 3904.9
3988, 3908.93
3989, 3907.93
3990, 3913.97
3991, 3919
3992, 3917
3993, 3916.98
3994, 3917.98
3995, 3914.97
3996, 3914.97
3997, 3918
3998, 3915.98
3999, 3920.01
4000, 3923.03
4001, 3915.98
4002, 3927.03
4003, 3928.08
4004, 3918.01
4005, 3928.06
4006, 3926.04
4007, 3928.07
4008, 3935.11
4009, 3928.04
4010, 3936.11
4011, 3930.08
4012, 3935.11
4013, 3934.1
4014, 3938.13
4015, 3934.1
4016, 3932.1
4017, 3935.11
4018, 3939.14
4019, 3935.1
4020, 3937.14
4021, 3946.2
4022, 3933.13
4023, 3942.17
4024, 3941.17
4025, 3943.18
4026, 3939.14
4027, 3945.2
4028, 3946.18
4029, 3951.21
4030, 3951.24
4031, 3946.2
4032, 3945.18
4033, 3955.24
4034, 3953.23
4035, 3952.24
4036, 3953.24
4037, 3954.26
4038, 3960.27
4039, 3954.24
4040, 3959.29
4041, 3964.31
4042, 3961.29
4043, 3966.3
4044, 3962.33
4045, 3961.31
4046, 3970.34
4047, 3960.29
4048, 3965.33
4049, 3963.31
4050, 3966.33
4051, 3967.33
4052, 3964.3
4053, 3970.37
4054, 3976.39
4055, 3971.37
4056, 3970.39
4057, 3973.4
4058, 3973.39
4059, 3980.41
4060, 3976.4
4061, 3972.39
4062, 3972.39
4063, 3976.4
4064, 3974.39
4065, 3968.34
4066, 3980.41
4067, 3975.39
4068, 3971.4
4069, 3975.4
4070, 3977.4
4071, 3977.4
4072, 3975.4
4073, 3974.39
4074, 3980.41
4075, 3967.36
4076, 3977.41
4077, 3976.4
4078, 3977.41
4079, 3977.4
4080, 3973.39
4081, 3979.41
4082, 3973.37
4083, 3977.41
4084, 3977.41
4085, 3974.4
4086, 3979.41
4087, 3976.4
4088, 3976.4
4089, 3974.39
4090, 3978.4
4091, 3974.39
4092, 3979.4
4093, 3980.41
4094, 3973.4
4095, 3981.41
