0, 3.61871
1, -0.401418
2, 2.63884
3, -2.40142
4, 1.61871
5, -1.40142
6, 5.63884
7, 5.65897
8, 3.61871
9, 1.63884
10, 2.61871
11, 2.65897
12, 4.65897
13, 13.7194
14, 7.67911
15, 10.6992
16, 11.6992
17, 12.7395
18, 13.7395
19, 14.7596
20, 21.82
21, 15.7798
22, 13.7798
23, 17.7798
24, 17.7999
25, 29.9005
26, 19.82
27, 22.8603
28, 24.8603
29, 29.8804
30, 20.8402
31, 25.9005
32, 29.9207
33, 32.9207
34, 29.9005
35, 32.9207
36, 34.9609
37, 32.9207
38, 31.9207
39, 33.9408
40, 41.0213
41, 38.0012
42, 45.0213
43, 35.9811
44, 41.0012
45, 39.0012
46, 41.0213
47, 43.0415
48, 44.0415
49, 48.0817
50, 47.1019
51, 46.0616
52, 47.1019
53, 52.1019
54, 45.0817
55, 49.1019
56, 56.1421
57, 55.1622
58, 57.1622
59, 54.1622
60, 61.2025
61, 61.2226
62, 60.1824
63, 61.2025
64, 59.2025
65, 59.2226
66, 66.283
67, 70.3032
68, 63.2629
69, 64.2629
70, 62.2428
71, 67.3032
72, 68.283
73, 72.3233
74, 66.2629
75, 74.3434
76, 74.3434
77, 75.3636
78, 73.3434
79, 72.3233
80, 79.3837
81, 76.3636
82, 79.4038
83, 78.4038
84, 80.4239
85, 80.4038
86, 81.4239
87, 78.3837
88, 82.4239
89, 88.4843
90, 87.4642
91, 78.4038
92, 89.4843
93, 84.4642
94, 90.5045
95, 89.5045
96, 94.5447
97, 88.4843
98, 93.5246
99, 90.5246
100, 97.5649
101, 96.5649
102, 98.585
103, 94.5447
104, 99.6051
105, 100.605
106, 97.6051
107, 101.625
108, 100.605
109, 103.625
110, 100.625
111, 105.645
112, 102.645
113, 104.645
114, 106.666
115, 108.686
116, 110.686
117, 107.686
118, 114.746
119, 110.706
120, 116.766
121, 113.746
122, 113.746
123, 113.746
124, 116.766
125, 115.746
126, 121.806
127, 114.766
128, 120.806
129, 123.827
130, 116.786
131, 120.827
132, 125.867
133, 124.847
134, 127.867
135, 128.907
136, 130.907
137, 126.887
138, 129.907
139, 127.887
140, 135.947
141, 133.927
142, 133.947
143, 131.947
144, 133.947
145, 140.988
146, 135.967
147, 134.967
148, 145.048
149, 143.028
150, 143.028
151, 142.028
152, 145.028
153, 147.088
154, 138.028
155, 149.088
156, 146.088
157, 154.149
158, 150.108
159, 152.129
160, 154.129
161, 153.149
162, 147.088
163, 158.169
164, 160.189
165, 156.169
166, 160.229
167, 161.209
168, 158.209
169, 159.209
170, 164.229
171, 162.229
172, 165.249
173, 167.269
174, 159.209
175, 167.269
176, 173.33
177, 171.37
178, 169.31
179, 175.35
180, 174.33
181, 173.33
182, 175.35
183, 173.35
184, 178.39
185, 177.37
186, 179.39
187, 176.37
188, 181.41
189, 182.41
190, 185.471
191, 187.471
192, 189.491
193, 181.41
194, 185.471
195, 188.491
196, 185.451
197, 191.511
198, 191.511
199, 192.551
200, 189.511
201, 189.511
202, 197.571
203, 192.531
204, 200.612
205, 194.551
206, 195.571
207, 200.592
208, 203.632
209, 199.612
210, 206.652
211, 202.632
212, 204.672
213, 204.652
214, 207.672
215, 209.692
216, 204.652
217, 210.712
218, 212.712
219, 212.712
220, 208.692
221, 212.732
222, 214.732
223, 213.732
224, 214.732
225, 214.732
226, 216.753
227, 215.773
228, 220.813
229, 219.813
230, 220.793
231, 219.793
232, 226.853
233, 221.833
234, 220.833
235, 220.793
236, 226.853
237, 223.853
238, 230.893
239, 230.893
240, 228.893
241, 235.954
242, 230.893
243, 229.914
244, 235.954
245, 229.914
246, 234.954
247, 238.994
248, 234.954
249, 233.934
250, 236.974
251, 235.974
252, 242.034
253, 237.994
254, 243.034
255, 238.994
256, 248.075
257, 241.014
258, 243.034
259, 249.075
260, 249.075
261, 244.055
262, 248.095
263, 252.115
264, 250.115
265, 252.115
266, 255.155
267, 256.195
268, 257.175
269, 258.175
270, 256.175
271, 265.236
272, 259.216
273, 263.236
274, 257.195
275, 267.276
276, 262.236
277, 268.276
278, 263.276
279, 267.296
280, 269.296
281, 269.296
282, 271.316
283, 269.296
284, 269.296
285, 268.296
286, 271.336
287, 279.397
288, 271.336
289, 273.336
290, 278.377
291, 277.377
292, 280.397
293, 287.477
294, 283.417
295, 281.417
296, 289.497
297, 280.417
298, 281.437
299, 284.477
300, 292.497
301, 293.538
302, 290.518
303, 293.538
304, 294.518
305, 294.558
306, 291.538
307, 292.538
308, 297.578
309, 297.578
310, 302.618
311, 301.598
312, 296.558
313, 300.598
314, 301.618
315, 303.638
316, 305.658
317, 303.638
318, 309.699
319, 305.658
320, 307.699
321, 307.679
322, 314.739
323, 316.759
324, 312.739
325, 313.739
326, 321.799
327, 317.779
328, 319.799
329, 318.799
330, 318.779
331, 318.799
332, 317.779
333, 322.82
334, 321.799
335, 321.82
336, 321.82
337, 324.84
338, 327.86
339, 316.779
340, 325.86
341, 331.92
342, 320.82
343, 324.86
344, 329.9
345, 332.94
346, 334.96
347, 336.96
348, 337.96
349, 339.021
350, 336.981
351, 334.96
352, 340.981
353, 338.981
354, 339.981
355, 341.001
356, 344.021
357, 343.021
358, 343.061
359, 348.061
360, 350.081
361, 350.081
362, 350.081
363, 354.121
364, 352.121
365, 355.121
366, 352.121
367, 356.162
368, 358.182
369, 343.041
370, 355.162
371, 356.162
372, 362.202
373, 360.202
374, 361.202
375, 360.202
376, 361.222
377, 356.182
378, 361.202
379, 363.222
380, 360.222
381, 362.222
382, 373.323
383, 370.303
384, 375.343
385, 369.283
386, 368.283
387, 371.303
388, 370.303
389, 373.323
390, 368.303
391, 376.363
392, 379.403
393, 377.363
394, 375.363
395, 384.423
396, 379.403
397, 375.383
398, 389.484
399, 384.423
400, 385.444
401, 382.403
402, 381.444
403, 391.464
404, 389.464
405, 389.464
406, 394.544
407, 388.484
408, 387.504
409, 392.524
410, 392.524
411, 393.524
412, 399.584
413, 400.605
414, 404.625
415, 400.605
416, 397.564
417, 403.625
418, 407.665
419, 402.625
420, 405.665
421, 411.725
422, 409.685
423, 405.665
424, 410.705
425, 417.766
426, 413.725
427, 414.725
428, 409.705
429, 420.806
430, 415.746
431, 416.766
432, 418.806
433, 423.826
434, 421.806
435, 421.826
436, 424.826
437, 424.826
438, 423.826
439, 422.826
440, 418.806
441, 423.846
442, 423.826
443, 428.886
444, 425.866
445, 437.967
446, 437.967
447, 436.987
448, 437.947
449, 433.947
450, 436.947
451, 436.987
452, 443.007
453, 435.947
454, 437.967
455, 442.027
456, 446.048
457, 438.987
458, 444.027
459, 435.967
460, 453.108
461, 452.108
462, 448.068
463, 448.088
464, 448.068
465, 451.108
466, 449.108
467, 444.088
468, 453.128
469, 450.128
470, 460.168
471, 456.168
472, 457.148
473, 461.188
474, 453.128
475, 456.148
476, 457.168
477, 461.209
478, 460.188
479, 465.249
480, 466.249
481, 463.229
482, 466.289
483, 462.209
484, 470.309
485, 464.249
486, 471.289
487, 469.289
488, 469.289
489, 475.329
490, 478.37
491, 474.329
492, 471.309
493, 473.349
494, 474.349
495, 479.39
496, 477.37
497, 486.45
498, 480.39
499, 483.43
500, 481.39
501, 481.41
502, 482.41
503, 488.47
504, 479.41
505, 491.49
506, 480.41
507, 494.511
508, 491.49
509, 489.49
510, 488.49
511, 494.551
512, 491.511
513, 484.47
514, 491.511
515, 494.551
516, 497.571
517, 499.591
518, 497.571
519, 501.631
520, 504.631
521, 501.611
522, 502.611
523, 507.651
524, 503.651
525, 511.692
526, 508.692
527, 503.672
528, 508.672
529, 510.692
530, 513.732
531, 514.752
532, 512.712
533, 508.692
534, 515.752
535, 521.792
536, 520.772
537, 514.752
538, 517.772
539, 519.792
540, 520.812
541, 522.812
542, 524.833
543, 524.833
544, 527.873
545, 523.812
546, 527.893
547, 523.853
548, 532.893
549, 530.913
550, 530.913
551, 539.994
552, 535.974
553, 531.913
554, 538.994
555, 537.994
556, 538.974
557, 533.974
558, 544.014
559, 544.034
560, 547.054
561, 546.054
562, 542.034
563, 549.074
564, 545.054
565, 548.054
566, 547.074
567, 556.155
568, 548.074
569, 549.074
570, 555.135
571, 561.175
572, 556.135
573, 562.215
574, 558.155
575, 563.215
576, 564.215
577, 562.195
578, 571.316
579, 563.235
580, 566.255
581, 566.275
582, 566.275
583, 567.255
584, 565.255
585, 569.275
586, 575.316
587, 574.336
588, 569.336
589, 573.336
590, 576.336
591, 579.376
592, 576.356
593, 583.416
594, 583.416
595, 575.356
596, 584.437
597, 579.396
598, 578.356
599, 586.457
600, 582.396
601, 581.396
602, 586.457
603, 586.477
604, 589.497
605, 589.477
606, 586.457
607, 591.497
608, 587.477
609, 592.497
610, 591.497
611, 595.537
612, 589.497
613, 593.517
614, 597.557
615, 592.537
616, 596.557
617, 599.598
618, 597.557
619, 597.577
620, 601.577
621, 599.598
622, 603.638
623, 601.598
624, 605.678
625, 599.598
626, 607.658
627, 602.638
628, 604.638
629, 609.718
630, 610.698
631, 601.638
632, 614.718
633, 610.678
634, 617.738
635, 609.698
636, 610.718
637, 611.698
638, 615.759
639, 616.759
640, 621.799
641, 617.759
642, 622.819
643, 623.819
644, 623.819
645, 622.819
646, 626.839
647, 624.839
648, 624.839
649, 624.839
650, 626.859
651, 623.839
652, 633.92
653, 633.92
654, 636.98
655, 635.94
656, 636.94
657, 635.94
658, 641
659, 640.98
660, 638.98
661, 633.94
662, 639.02
663, 643.02
664, 642
665, 646.04
666, 647.061
667, 646.061
668, 647.04
669, 649.061
670, 647.061
671, 652.121
672, 652.101
673, 654.141
674, 656.141
675, 651.101
676, 662.202
677, 656.161
678, 661.202
679, 655.141
680, 659.181
681, 658.181
682, 665.202
683, 656.181
684, 659.222
685, 662.222
686, 664.242
687, 665.262
688, 669.262
689, 667.262
690, 668.282
691, 667.282
692, 678.363
693, 674.322
694, 670.302
695, 674.342
696, 679.383
697, 677.383
698, 680.383
699, 684.423
700, 681.403
701, 677.363
702, 683.423
703, 686.443
704, 681.443
705, 687.463
706, 685.443
707, 688.463
708, 690.483
709, 684.443
710, 690.483
711, 687.463
712, 689.483
713, 696.564
714, 697.544
715, 699.564
716, 697.564
717, 701.584
718, 694.564
719, 696.564
720, 696.564
721, 698.584
722, 700.584
723, 698.584
724, 700.584
725, 702.624
726, 710.705
727, 704.644
728, 707.665
729, 710.685
730, 712.685
731, 705.644
732, 712.725
733, 711.685
734, 711.705
735, 711.685
736, 714.705
737, 718.765
738, 713.725
739, 711.725
740, 722.826
741, 718.765
742, 719.785
743, 721.785
744, 719.785
745, 723.826
746, 721.826
747, 724.826
748, 724.846
749, 725.846
750, 729.886
751, 728.866
752, 725.886
753, 729.866
754, 735.926
755, 733.926
756, 734.926
757, 726.886
758, 734.906
759, 732.926
760, 732.926
761, 735.946
762, 739.966
763, 738.987
764, 739.987
765, 741.987
766, 739.966
767, 746.047
768, 747.027
769, 744.027
770, 745.067
771, 745.027
772, 747.047
773, 751.087
774, 750.087
775, 750.067
776, 752.107
777, 750.087
778, 748.067
779, 754.148
780, 753.107
781, 757.148
782, 756.148
783, 762.168
784, 766.228
785, 763.228
786, 762.208
787, 764.208
788, 764.228
789, 772.289
790, 768.248
791, 767.248
792, 770.289
793, 771.268
794, 770.268
795, 777.349
796, 774.329
797, 772.309
798, 781.389
799, 780.349
800, 776.369
801, 775.329
802, 775.349
803, 777.369
804, 778.389
805, 782.409
806, 783.429
807, 783.409
808, 785.45
809, 791.47
810, 790.49
811, 786.45
812, 791.49
813, 789.49
814, 790.49
815, 791.49
816, 794.53
817, 790.49
818, 795.51
819, 794.55
820, 799.591
821, 802.591
822, 800.591
823, 799.591
824, 800.611
825, 805.631
826, 806.651
827, 805.651
828, 806.651
829, 809.691
830, 815.731
831, 806.671
832, 811.671
833, 807.671
834, 810.691
835, 811.691
836, 810.691
837, 815.731
838, 816.731
839, 816.752
840, 817.752
841, 814.752
842, 814.752
843, 817.772
844, 817.752
845, 821.792
846, 820.792
847, 820.792
848, 819.812
849, 815.752
850, 823.812
851, 828.892
852, 824.832
853, 826.872
854, 819.812
855, 833.913
856, 835.913
857, 835.953
858, 835.933
859, 839.953
860, 834.933
861, 829.913
862, 841.993
863, 836.953
864, 835.953
865, 837.953
866, 844.013
867, 843.013
868, 847.054
869, 841.993
870, 840.993
871, 845.054
872, 848.054
873, 845.054
874, 847.054
875, 848.054
876, 850.074
877, 849.074
878, 859.174
879, 852.114
880, 853.114
881, 849.074
882, 860.154
883, 853.134
884, 857.134
885, 860.194
886, 862.194
887, 858.194
888, 863.194
889, 865.215
890, 860.194
891, 863.215
892, 865.215
893, 870.275
894, 866.215
895, 868.255
896, 869.295
897, 870.295
898, 872.315
899, 867.275
900, 874.315
901, 873.315
902, 876.376
903, 873.335
904, 878.356
905, 881.376
906, 881.396
907, 883.416
908, 881.396
909, 879.376
910, 884.416
911, 885.436
912, 879.396
913, 883.416
914, 887.456
915, 881.416
916, 893.517
917, 887.476
918, 893.517
919, 892.517
920, 890.476
921, 898.557
922, 896.557
923, 897.557
924, 894.517
925, 897.537
926, 900.597
927, 903.597
928, 900.597
929, 902.617
930, 902.597
931, 901.577
932, 906.637
933, 902.617
934, 910.678
935, 903.617
936, 911.698
937, 916.738
938, 913.698
939, 909.678
940, 912.718
941, 912.718
942, 917.758
943, 921.798
944, 913.758
945, 920.798
946, 923.778
947, 926.819
948, 922.798
949, 927.839
950, 928.879
951, 925.839
952, 927.859
953, 927.859
954, 924.839
955, 931.879
956, 930.879
957, 931.899
958, 932.899
959, 935.959
960, 938.939
961, 934.919
962, 938.959
963, 934.919
964, 936.959
965, 939.959
966, 942
967, 945.02
968, 944.02
969, 942
970, 945.02
971, 943
972, 945.04
973, 946.04
974, 943.02
975, 947.04
976, 950.1
977, 954.1
978, 949.08
979, 954.1
980, 956.141
981, 957.141
982, 958.141
983, 955.141
984, 956.141
985, 958.161
986, 958.161
987, 965.221
988, 961.181
989, 957.181
990, 958.161
991, 965.241
992, 963.221
993, 966.241
994, 968.261
995, 965.241
996, 968.261
997, 967.261
998, 967.241
999, 973.302
1000, 972.302
1001, 974.322
1002, 971.282
1003, 978.362
1004, 977.342
1005, 978.342
1006, 976.322
1007, 977.382
1008, 975.342
1009, 977.342
1010, 981.402
1011, 980.382
1012, 977.362
1013, 982.402
1014, 982.402
1015, 988.463
1016, 992.483
1017, 986.483
1018, 991.483
1019, 989.483
1020, 992.483
1021, 994.503
1022, 994.523
1023, 994.523
1024, 993.483
1025, 997.543
1026, 993.503
1027, 990.523
1028, 998.543
1029, 998.563
1030, 1003.6
1031, 1002.6
1032, 1000.58
1033, 998.583
1034, 1007.64
1035, 1004.64
1036, 1001.62
1037, 1002.6
1038, 1009.66
1039, 1007.66
1040, 1009.68
1041, 1013.7
1042, 1010.7
1043, 1013.68
1044, 1017.74
1045, 1010.68
1046, 1021.8
1047, 1022.78
1048, 1013.72
1049, 1022.83
1050, 1021.78
1051, 1024.83
1052, 1024.8
1053, 1030.87
1054, 1026.85
1055, 1025.83
1056, 1030.89
1057, 1033.91
1058, 1027.87
1059, 1031.89
1060, 1035.93
1061, 1030.89
1062, 1036.93
1063, 1035.93
1064, 1032.93
1065, 1033.93
1066, 1029.91
1067, 1039.97
1068, 1036.95
1069, 1039.97
1070, 1039.99
1071, 1040.99
1072, 1044.05
1073, 1044.01
1074, 1045.05
1075, 1049.05
1076, 1049.07
1077, 1052.09
1078, 1054.11
1079, 1049.07
1080, 1052.09
1081, 1052.07
1082, 1057.13
1083, 1053.11
1084, 1050.09
1085, 1059.15
1086, 1061.17
1087, 1061.19
1088, 1064.21
1089, 1063.23
1090, 1063.19
1091, 1062.21
1092, 1065.23
1093, 1063.21
1094, 1066.23
1095, 1068.23
1096, 1067.27
1097, 1063.23
1098, 1073.29
1099, 1072.29
1100, 1079.33
1101, 1074.33
1102, 1073.31
1103, 1074.31
1104, 1075.31
1105, 1070.29
1106, 1076.35
1107, 1076.33
1108, 1080.37
1109, 1080.37
1110, 1075.35
1111, 1079.41
1112, 1083.41
1113, 1079.37
1114, 1085.45
1115, 1084.41
1116, 1087.43
1117, 1083.43
1118, 1088.47
1119, 1092.49
1120, 1089.47
1121, 1094.49
1122, 1095.53
1123, 1089.51
1124, 1095.53
1125, 1092.51
1126, 1093.51
1127, 1096.51
1128, 1098.55
1129, 1101.57
1130, 1098.55
1131, 1103.59
1132, 1094.55
1133, 1101.57
1134, 1099.57
1135, 1101.59
1136, 1105.61
1137, 1105.61
1138, 1107.65
1139, 1104.61
1140, 1105.63
1141, 1113.71
1142, 1108.67
1143, 1110.67
1144, 1112.69
1145, 1116.73
1146, 1111.69
1147, 1117.73
1148, 1114.73
1149, 1118.75
1150, 1113.71
1151, 1118.79
1152, 1120.77
1153, 1116.75
1154, 1119.77
1155, 1118.75
1156, 1124.83
1157, 1123.79
1158, 1124.81
1159, 1125.83
1160, 1125.81
1161, 1129.87
1162, 1127.83
1163, 1133.89
1164, 1128.87
1165, 1131.87
1166, 1133.91
1167, 1136.93
1168, 1136.95
1169, 1138.95
1170, 1139.95
1171, 1129.87
1172, 1144.01
1173, 1137.95
1174, 1141.99
1175, 1144.99
1176, 1150.05
1177, 1142.99
1178, 1146.03
1179, 1142.01
1180, 1148.03
1181, 1148.05
1182, 1150.09
1183, 1149.07
1184, 1152.09
1185, 1149.07
1186, 1151.09
1187, 1158.15
1188, 1156.15
1189, 1152.11
1190, 1153.11
1191, 1160.13
1192, 1157.15
1193, 1162.19
1194, 1164.21
1195, 1162.19
1196, 1163.21
1197, 1170.25
1198, 1162.17
1199, 1169.27
1200, 1168.25
1201, 1167.27
1202, 1167.25
1203, 1171.27
1204, 1173.29
1205, 1181.38
1206, 1173.31
1207, 1174.31
1208, 1177.33
1209, 1171.29
1210, 1179.36
1211, 1179.36
1212, 1179.36
1213, 1180.36
1214, 1178.36
1215, 1185.4
1216, 1182.4
1217, 1193.52
1218, 1186.44
1219, 1187.46
1220, 1188.48
1221, 1190.48
1222, 1191.48
1223, 1192.48
1224, 1191.5
1225, 1193.5
1226, 1191.48
1227, 1201.58
1228, 1191.48
1229, 1196.54
1230, 1196.54
1231, 1197.56
1232, 1195.52
1233, 1203.6
1234, 1197.56
1235, 1206.6
1236, 1200.6
1237, 1201.6
1238, 1203.6
1239, 1206.64
1240, 1209.64
1241, 1203.62
1242, 1215.7
1243, 1204.64
1244, 1209.68
1245, 1204.62
1246, 1209.66
1247, 1213.72
1248, 1216.72
1249, 1212.7
1250, 1215.74
1251, 1216.74
1252, 1220.76
1253, 1219.78
1254, 1218.78
1255, 1221.78
1256, 1221.78
1257, 1220.78
1258, 1222.78
1259, 1216.78
1260, 1227.86
1261, 1229.86
1262, 1222.82
1263, 1226.86
1264, 1230.88
1265, 1229.86
1266, 1231.88
1267, 1232.88
1268, 1230.88
1269, 1238.94
1270, 1226.86
1271, 1232.9
1272, 1236.94
1273, 1232.94
1274, 1230.94
1275, 1241.98
1276, 1233.92
1277, 1240.98
1278, 1244
1279, 1234.92
1280, 1245.02
1281, 1241.98
1282, 1246.04
1283, 1249.08
1284, 1248.06
1285, 1248.04
1286, 1250.06
1287, 1244.02
1288, 1251.06
1289, 1249.06
1290, 1250.06
1291, 1250.08
1292, 1259.16
1293, 1262.16
1294, 1253.1
1295, 1254.12
1296, 1262.18
1297, 1262.18
1298, 1263.2
1299, 1259.18
1300, 1267.22
1301, 1264.2
1302, 1268.24
1303, 1266.2
1304, 1264.22
1305, 1266.24
1306, 1273.32
1307, 1269.24
1308, 1276.3
1309, 1265.22
1310, 1272.3
1311, 1269.26
1312, 1275.32
1313, 1278.34
1314, 1273.3
1315, 1277.34
1316, 1282.38
1317, 1285.38
1318, 1278.36
1319, 1284.4
1320, 1283.4
1321, 1285.4
1322, 1278.38
1323, 1290.48
1324, 1294.48
1325, 1288.44
1326, 1290.48
1327, 1287.44
1328, 1293.5
1329, 1295.5
1330, 1293.5
1331, 1294.5
1332, 1299.54
1333, 1298.54
1334, 1299.54
1335, 1299.54
1336, 1297.54
1337, 1298.56
1338, 1300.58
1339, 1304.62
1340, 1301.58
1341, 1307.64
1342, 1304.62
1343, 1304.62
1344, 1304.64
1345, 1312.68
1346, 1311.66
1347, 1311.68
1348, 1308.66
1349, 1306.64
1350, 1314.72
1351, 1311.72
1352, 1315.72
1353, 1317.74
1354, 1316.7
1355, 1312.68
1356, 1320.76
1357, 1316.74
1358, 1321.76
1359, 1324.78
1360, 1324.8
1361, 1315.72
1362, 1325.8
1363, 1326.84
1364, 1325.82
1365, 1326.82
1366, 1328.86
1367, 1332.86
1368, 1327.84
1369, 1329.86
1370, 1329.88
1371, 1337.91
1372, 1332.88
1373, 1334.93
1374, 1338.93
1375, 1334.91
1376, 1336.95
1377, 1338.95
1378, 1336.93
1379, 1342.99
1380, 1340.99
1381, 1338.97
1382, 1342.99
1383, 1342.01
1384, 1347.03
1385, 1347.01
1386, 1350.05
1387, 1348.03
1388, 1346.03
1389, 1350.05
1390, 1346.05
1391, 1351.09
1392, 1349.05
1393, 1349.05
1394, 1351.09
1395, 1354.11
1396, 1356.13
1397, 1354.11
1398, 1360.13
1399, 1357.13
1400, 1362.17
1401, 1356.11
1402, 1357.17
1403, 1366.21
1404, 1364.19
1405, 1364.21
1406, 1365.21
1407, 1365.19
1408, 1369.23
1409, 1368.23
1410, 1368.25
1411, 1374.29
1412, 1375.29
1413, 1374.31
1414, 1372.29
1415, 1375.29
1416, 1372.29
1417, 1372.27
1418, 1376.33
1419, 1377.33
1420, 1378.35
1421, 1381.37
1422, 1388.41
1423, 1380.35
1424, 1381.39
1425, 1377.37
1426, 1383.41
1427, 1382.39
1428, 1384.39
1429, 1388.45
1430, 1388.43
1431, 1391.47
1432, 1393.51
1433, 1389.47
1434, 1396.53
1435, 1387.45
1436, 1393.51
1437, 1392.49
1438, 1397.57
1439, 1400.57
1440, 1392.49
1441, 1400.57
1442, 1399.55
1443, 1403.59
1444, 1400.57
1445, 1403.61
1446, 1402.61
1447, 1408.63
1448, 1404.63
1449, 1410.67
1450, 1413.69
1451, 1414.67
1452, 1409.67
1453, 1414.69
1454, 1410.67
1455, 1417.73
1456, 1410.67
1457, 1418.75
1458, 1419.75
1459, 1423.81
1460, 1416.73
1461, 1417.75
1462, 1421.77
1463, 1424.79
1464, 1420.79
1465, 1422.81
1466, 1426.83
1467, 1425.83
1468, 1430.87
1469, 1430.87
1470, 1430.85
1471, 1424.81
1472, 1430.87
1473, 1431.87
1474, 1434.91
1475, 1431.87
1476, 1439.97
1477, 1440.95
1478, 1434.89
1479, 1435.93
1480, 1440.95
1481, 1436.91
1482, 1435.95
1483, 1449.03
1484, 1445.01
1485, 1448.01
1486, 1446.03
1487, 1450.05
1488, 1448.03
1489, 1440.99
1490, 1448.07
1491, 1449.05
1492, 1448.05
1493, 1449.05
1494, 1453.09
1495, 1456.13
1496, 1453.09
1497, 1462.17
1498, 1461.15
1499, 1460.13
1500, 1454.09
1501, 1458.15
1502, 1458.17
1503, 1459.17
1504, 1456.11
1505, 1463.19
1506, 1462.19
1507, 1463.19
1508, 1460.17
1509, 1467.21
1510, 1469.23
1511, 1468.25
1512, 1466.25
1513, 1467.23
1514, 1471.25
1515, 1472.25
1516, 1468.25
1517, 1477.31
1518, 1478.33
1519, 1477.31
1520, 1475.31
1521, 1479.33
1522, 1477.31
1523, 1480.35
1524, 1480.35
1525, 1476.31
1526, 1485.39
1527, 1482.39
1528, 1482.39
1529, 1481.37
1530, 1489.46
1531, 1485.39
1532, 1484.39
1533, 1483.41
1534, 1485.44
1535, 1489.46
1536, 1484.41
1537, 1483.41
1538, 1498.54
1539, 1495.52
1540, 1500.56
1541, 1505.6
1542, 1494.52
1543, 1497.52
1544, 1496.52
1545, 1502.6
1546, 1502.6
1547, 1502.58
1548, 1504.62
1549, 1507.64
1550, 1509.66
1551, 1506.64
1552, 1510.68
1553, 1508.64
1554, 1510.66
1555, 1508.68
1556, 1509.66
1557, 1507.66
1558, 1509.66
1559, 1512.7
1560, 1514.7
1561, 1519.76
1562, 1520.76
1563, 1521.76
1564, 1523.78
1565, 1520.76
1566, 1527.8
1567, 1524.8
1568, 1523.8
1569, 1525.82
1570, 1520.76
1571, 1529.84
1572, 1528.84
1573, 1529.9
1574, 1526.84
1575, 1532.86
1576, 1536.92
1577, 1537.94
1578, 1537.94
1579, 1532.9
1580, 1536.94
1581, 1538.94
1582, 1535.94
1583, 1537.94
1584, 1540.96
1585, 1550.04
1586, 1544
1587, 1550.04
1588, 1544.02
1589, 1551.06
1590, 1545
1591, 1548.02
1592, 1553.08
1593, 1555.1
1594, 1551.06
1595, 1551.08
1596, 1554.08
1597, 1555.1
1598, 1554.1
1599, 1555.12
1600, 1555.12
1601, 1557.14
1602, 1558.14
1603, 1560.16
1604, 1562.16
1605, 1565.22
1606, 1562.18
1607, 1561.14
1608, 1565.2
1609, 1568.26
1610, 1565.22
1611, 1573.26
1612, 1572.28
1613, 1575.28
1614, 1571.28
1615, 1568.24
1616, 1572.3
1617, 1570.26
1618, 1569.24
1619, 1578.34
1620, 1574.3
1621, 1577.32
1622, 1586.38
1623, 1581.38
1624, 1579.34
1625, 1581.36
1626, 1582.38
1627, 1581.38
1628, 1585.4
1629, 1584.4
1630, 1581.4
1631, 1583.38
1632, 1583.4
1633, 1590.42
1634, 1588.44
1635, 1589.44
1636, 1591.46
1637, 1586.42
1638, 1591.46
1639, 1587.44
1640, 1596.52
1641, 1596.5
1642, 1598.52
1643, 1595.52
1644, 1592.48
1645, 1592.46
1646, 1594.52
1647, 1599.56
1648, 1595.54
1649, 1606.6
1650, 1603.6
1651, 1607.62
1652, 1606.6
1653, 1609.62
1654, 1606.6
1655, 1613.68
1656, 1604.62
1657, 1609.66
1658, 1608.64
1659, 1610.66
1660, 1613.7
1661, 1609.66
1662, 1610.66
1663, 1616.72
1664, 1615.72
1665, 1620.74
1666, 1620.74
1667, 1619.74
1668, 1623.78
1669, 1620.76
1670, 1624.76
1671, 1619.76
1672, 1624.8
1673, 1626.82
1674, 1628.84
1675, 1624.8
1676, 1625.82
1677, 1629.84
1678, 1629.84
1679, 1630.84
1680, 1639.94
1681, 1630.84
1682, 1638.94
1683, 1633.92
1684, 1638.92
1685, 1638.92
1686, 1640.96
1687, 1640.94
1688, 1643.96
1689, 1636.92
1690, 1647.01
1691, 1646.01
1692, 1645.01
1693, 1652.05
1694, 1647.03
1695, 1644.01
1696, 1651.05
1697, 1649.05
1698, 1657.13
1699, 1648.03
1700, 1656.13
1701, 1654.09
1702, 1653.07
1703, 1655.09
1704, 1659.13
1705, 1657.15
1706, 1660.15
1707, 1664.19
1708, 1664.19
1709, 1654.13
1710, 1661.19
1711, 1657.13
1712, 1663.17
1713, 1665.21
1714, 1669.25
1715, 1666.21
1716, 1663.19
1717, 1670.27
1718, 1672.25
1719, 1673.27
1720, 1674.27
1721, 1676.31
1722, 1680.31
1723, 1681.35
1724, 1681.35
1725, 1674.31
1726, 1677.33
1727, 1686.41
1728, 1682.37
1729, 1681.35
1730, 1679.37
1731, 1677.35
1732, 1687.43
1733, 1686.41
1734, 1688.43
1735, 1684.39
1736, 1697.49
1737, 1687.41
1738, 1696.51
1739, 1693.49
1740, 1689.45
1741, 1693.47
1742, 1693.47
1743, 1699.53
1744, 1698.51
1745, 1695.51
1746, 1694.49
1747, 1702.59
1748, 1702.57
1749, 1698.55
1750, 1699.53
1751, 1703.57
1752, 1703.57
1753, 1705.59
1754, 1705.61
1755, 1703.61
1756, 1704.59
1757, 1703.57
1758, 1704.61
1759, 1712.67
1760, 1715.69
1761, 1709.65
1762, 1711.67
1763, 1712.69
1764, 1715.69
1765, 1712.71
1766, 1712.67
1767, 1718.73
1768, 1711.69
1769, 1716.73
1770, 1718.75
1771, 1721.77
1772, 1716.73
1773, 1720.75
1774, 1725.81
1775, 1724.79
1776, 1720.77
1777, 1728.81
1778, 1726.85
1779, 1724.81
1780, 1733.87
1781, 1731.85
1782, 1731.85
1783, 1733.87
1784, 1732.87
1785, 1732.89
1786, 1730.87
1787, 1734.89
1788, 1733.91
1789, 1734.89
1790, 1738.93
1791, 1738.93
1792, 1736.93
1793, 1738.91
1794, 1741.95
1795, 1742.97
1796, 1741.95
1797, 1745.01
1798, 1742.99
1799, 1751.05
1800, 1744.99
1801, 1752.07
1802, 1745.05
1803, 1749.01
1804, 1751.07
1805, 1755.09
1806, 1753.07
1807, 1760.13
1808, 1758.13
1809, 1758.13
1810, 1760.15
1811, 1754.09
1812, 1762.17
1813, 1758.13
1814, 1761.15
1815, 1756.13
1816, 1764.17
1817, 1765.19
1818, 1763.19
1819, 1764.19
1820, 1770.25
1821, 1766.23
1822, 1772.27
1823, 1773.27
1824, 1777.31
1825, 1769.27
1826, 1778.33
1827, 1771.25
1828, 1777.33
1829, 1778.33
1830, 1774.29
1831, 1775.31
1832, 1776.31
1833, 1781.37
1834, 1779.35
1835, 1781.35
1836, 1787.43
1837, 1788.41
1838, 1786.43
1839, 1785.37
1840, 1792.45
1841, 1790.45
1842, 1796.49
1843, 1790.45
1844, 1788.45
1845, 1791.47
1846, 1786.47
1847, 1798.52
1848, 1790.47
1849, 1795.52
1850, 1797.52
1851, 1797.52
1852, 1800.56
1853, 1795.52
1854, 1805.6
1855, 1803.58
1856, 1804.58
1857, 1807.62
1858, 1805.62
1859, 1806.62
1860, 1806.62
1861, 1808.64
1862, 1814.7
1863, 1817.72
1864, 1812.66
1865, 1814.68
1866, 1811.68
1867, 1813.7
1868, 1817.72
1869, 1814.7
1870, 1814.7
1871, 1818.72
1872, 1817.72
1873, 1816.72
1874, 1819.76
1875, 1825.8
1876, 1822.78
1877, 1825.8
1878, 1823.78
1879, 1831.86
1880, 1825.82
1881, 1825.78
1882, 1827.84
1883, 1826.84
1884, 1834.9
1885, 1826.84
1886, 1831.88
1887, 1835.9
1888, 1830.86
1889, 1836.9
1890, 1833.88
1891, 1835.9
1892, 1835.92
1893, 1840.96
1894, 1842.96
1895, 1840.96
1896, 1843.98
1897, 1844.98
1898, 1844.02
1899, 1841.98
1900, 1840.96
1901, 1846
1902, 1842
1903, 1846
1904, 1843
1905, 1851.06
1906, 1853.08
1907, 1850.04
1908, 1850.04
1909, 1853.08
1910, 1855.1
1911, 1855.1
1912, 1861.16
1913, 1856.1
1914, 1864.16
1915, 1858.12
1916, 1857.12
1917, 1857.12
1918, 1863.16
1919, 1863.18
1920, 1863.18
1921, 1867.22
1922, 1865.2
1923, 1864.18
1924, 1870.24
1925, 1865.2
1926, 1868.24
1927, 1875.28
1928, 1865.2
1929, 1874.28
1930, 1872.26
1931, 1876.3
1932, 1877.3
1933, 1881.36
1934, 1874.28
1935, 1882.36
1936, 1888.42
1937, 1882.36
1938, 1881.34
1939, 1883.38
1940, 1889.44
1941, 1884.38
1942, 1879.34
1943, 1887.4
1944, 1884.4
1945, 1892.44
1946, 1885.4
1947, 1893.5
1948, 1890.46
1949, 1897.52
1950, 1892.48
1951, 1897.52
1952, 1896.52
1953, 1902.56
1954, 1894.5
1955, 1900.54
1956, 1897.54
1957, 1905.58
1958, 1905.6
1959, 1905.58
1960, 1902.6
1961, 1903.58
1962, 1903.62
1963, 1906.62
1964, 1902.56
1965, 1908.62
1966, 1908.6
1967, 1912.66
1968, 1908.64
1969, 1913.68
1970, 1916.7
1971, 1913.68
1972, 1915.7
1973, 1917.72
1974, 1917.7
1975, 1915.72
1976, 1919.74
1977, 1924.78
1978, 1926.8
1979, 1920.78
1980, 1924.78
1981, 1927.82
1982, 1925.78
1983, 1926.8
1984, 1929.84
1985, 1930.84
1986, 1928.84
1987, 1936.92
1988, 1934.88
1989, 1934.9
1990, 1935.92
1991, 1931.88
1992, 1934.88
1993, 1939.94
1994, 1940.92
1995, 1939.92
1996, 1942.94
1997, 1940.94
1998, 1946
1999, 1938.94
2000, 1944.98
2001, 1940.96
2002, 1947
2003, 1942.98
2004, 1946
2005, 1944.02
2006, 1950.04
2007, 1949.04
2008, 1949.04
2009, 1951.04
2010, 1951.07
2011, 1955.07
2012, 1953.07
2013, 1958.09
2014, 1955.11
2015, 1960.15
2016, 1960.15
2017, 1955.09
2018, 1963.17
2019, 1956.11
2020, 1959.15
2021, 1960.15
2022, 1968.23
2023, 1967.21
2024, 1967.21
2025, 1965.21
2026, 1969.25
2027, 1973.25
2028, 1973.31
2029, 1967.23
2030, 1972.27
2031, 1972.25
2032, 1972.29
2033, 1971.27
2034, 1974.27
2035, 1976.31
2036, 1973.29
2037, 1979.33
2038, 1975.31
2039, 1979.33
2040, 1983.37
2041, 1984.41
2042, 1987.39
2043, 1982.37
2044, 1995.47
2045, 1984.41
2046, 1988.41
2047, 1994.47
2048, 1995.49
2049, 1988.45
2050, 1988.45
2051, 1989.45
2052, 1993.49
2053, 1995.49
2054, 1993.51
2055, 1994.49
2056, 1997.51
2057, 1997.51
2058, 1993.49
2059, 2006.61
2060, 2006.59
2061, 2001.55
2062, 2004.59
2063, 2002.57
2064, 2000.57
2065, 2004.57
2066, 2012.65
2067, 2010.65
2068, 2006.61
2069, 2012.65
2070, 2012.67
2071, 2010.65
2072, 2009.65
2073, 2014.71
2074, 2013.67
2075, 2019.73
2076, 2014.71
2077, 2021.75
2078, 2019.75
2079, 2022.79
2080, 2019.75
2081, 2022.77
2082, 2020.77
2083, 2028.85
2084, 2028.83
2085, 2025.81
2086, 2026.81
2087, 2025.79
2088, 2026.81
2089, 2031.87
2090, 2029.83
2091, 2033.87
2092, 2037.93
2093, 2032.87
2094, 2033.89
2095, 2035.91
2096, 2039.93
2097, 2035.91
2098, 2039.95
2099, 2042.97
2100, 2043.99
2101, 2042.99
2102, 2048.03
2103, 2049.03
2104, 2043.99
2105, 2049.01
2106, 2053.05
2107, 2049.03
2108, 2051.05
2109, 2048.03
2110, 2055.07
2111, 2049.05
2112, 2055.11
2113, 2056.11
2114, 2063.13
2115, 2059.13
2116, 2062.13
2117, 2063.15
2118, 2060.15
2119, 2059.13
2120, 2064.19
2121, 2066.17
2122, 2066.19
2123, 2066.21
2124, 2065.21
2125, 2070.23
2126, 2066.19
2127, 2069.23
2128, 2066.21
2129, 2069.25
2130, 2071.25
2131, 2071.25
2132, 2068.23
2133, 2073.27
2134, 2073.29
2135, 2079.31
2136, 2080.33
2137, 2075.29
2138, 2080.35
2139, 2087.39
2140, 2081.33
2141, 2083.37
2142, 2082.33
2143, 2082.37
2144, 2086.39
2145, 2085.41
2146, 2086.39
2147, 2087.41
2148, 2092.45
2149, 2086.41
2150, 2090.43
2151, 2094.45
2152, 2090.45
2153, 2096.49
2154, 2092.45
2155, 2092.45
2156, 2097.49
2157, 2097.49
2158, 2098.53
2159, 2091.47
2160, 2097.51
2161, 2098.51
2162, 2099.51
2163, 2103.57
2164, 2103.57
2165, 2102.57
2166, 2104.6
2167, 2109.6
2168, 2109.64
2169, 2106.6
2170, 2106.62
2171, 2107.62
2172, 2106.62
2173, 2112.66
2174, 2111.64
2175, 2114.7
2176, 2115.7
2177, 2114.68
2178, 2118.72
2179, 2112.68
2180, 2119.74
2181, 2120.74
2182, 2125.78
2183, 2122.76
2184, 2119.74
2185, 2128.82
2186, 2129.8
2187, 2120.76
2188, 2127.84
2189, 2129.82
2190, 2124.8
2191, 2125.8
2192, 2131.82
2193, 2133.88
2194, 2132.88
2195, 2134.88
2196, 2134.88
2197, 2132.88
2198, 2138.92
2199, 2143.96
2200, 2135.88
2201, 2137.92
2202, 2141.94
2203, 2141.96
2204, 2136.92
2205, 2139.96
2206, 2138.94
2207, 2144.98
2208, 2141.98
2209, 2153.04
2210, 2149.04
2211, 2148.02
2212, 2151.06
2213, 2156.08
2214, 2153.06
2215, 2153.08
2216, 2154.08
2217, 2151.04
2218, 2150.06
2219, 2157.1
2220, 2160.14
2221, 2161.14
2222, 2166.18
2223, 2159.16
2224, 2162.16
2225, 2164.18
2226, 2166.2
2227, 2166.22
2228, 2162.18
2229, 2174.26
2230, 2168.24
2231, 2175.3
2232, 2170.24
2233, 2165.2
2234, 2173.28
2235, 2170.24
2236, 2175.3
2237, 2169.22
2238, 2179.32
2239, 2174.28
2240, 2184.36
2241, 2188.4
2242, 2185.38
2243, 2176.34
2244, 2180.34
2245, 2183.38
2246, 2188.42
2247, 2190.46
2248, 2186.4
2249, 2189.44
2250, 2187.4
2251, 2188.42
2252, 2189.44
2253, 2192.44
2254, 2193.48
2255, 2189.46
2256, 2190.44
2257, 2192.46
2258, 2196.5
2259, 2196.5
2260, 2195.5
2261, 2193.52
2262, 2199.52
2263, 2206.58
2264, 2194.46
2265, 2204.56
2266, 2203.58
2267, 2203.56
2268, 2199.56
2269, 2205.6
2270, 2205.58
2271, 2208.62
2272, 2202.58
2273, 2205.6
2274, 2206.6
2275, 2208.66
2276, 2212.66
2277, 2218.72
2278, 2211.66
2279, 2217.7
2280, 2212.66
2281, 2215.68
2282, 2220.7
2283, 2217.7
2284, 2220.72
2285, 2218.72
2286, 2225.78
2287, 2219.74
2288, 2224.78
2289, 2225.78
2290, 2221.76
2291, 2231.84
2292, 2229.84
2293, 2229.82
2294, 2220.74
2295, 2232.82
2296, 2226.8
2297, 2232.86
2298, 2232.86
2299, 2230.84
2300, 2234.88
2301, 2239.92
2302, 2232.88
2303, 2238.92
2304, 2234.88
2305, 2236.9
2306, 2239.92
2307, 2238.92
2308, 2240.94
2309, 2241.96
2310, 2240.94
2311, 2247
2312, 2244.98
2313, 2243.98
2314, 2244.98
2315, 2250.02
2316, 2255.06
2317, 2250.04
2318, 2246
2319, 2254.06
2320, 2249.04
2321, 2255.08
2322, 2253.06
2323, 2253.06
2324, 2255.08
2325, 2260.13
2326, 2261.13
2327, 2263.15
2328, 2257.1
2329, 2263.15
2330, 2257.1
2331, 2264.17
2332, 2266.21
2333, 2263.15
2334, 2265.17
2335, 2270.23
2336, 2270.25
2337, 2265.21
2338, 2269.23
2339, 2270.23
2340, 2276.29
2341, 2268.23
2342, 2272.25
2343, 2275.29
2344, 2275.29
2345, 2276.29
2346, 2281.35
2347, 2279.33
2348, 2279.33
2349, 2284.37
2350, 2280.33
2351, 2282.35
2352, 2281.37
2353, 2280.35
2354, 2287.41
2355, 2289.43
2356, 2293.45
2357, 2291.43
2358, 2291.45
2359, 2291.45
2360, 2292.47
2361, 2294.47
2362, 2298.49
2363, 2298.49
2364, 2302.53
2365, 2303.53
2366, 2295.47
2367, 2298.53
2368, 2305.57
2369, 2303.57
2370, 2299.55
2371, 2301.57
2372, 2305.59
2373, 2309.63
2374, 2305.59
2375, 2305.59
2376, 2309.61
2377, 2305.61
2378, 2310.63
2379, 2309.63
2380, 2319.71
2381, 2318.71
2382, 2319.73
2383, 2311.67
2384, 2315.71
2385, 2324.75
2386, 2318.71
2387, 2320.75
2388, 2324.77
2389, 2323.77
2390, 2326.77
2391, 2323.79
2392, 2321.77
2393, 2325.79
2394, 2328.83
2395, 2328.83
2396, 2327.83
2397, 2330.85
2398, 2330.85
2399, 2326.81
2400, 2337.89
2401, 2331.85
2402, 2333.87
2403, 2332.85
2404, 2332.87
2405, 2331.83
2406, 2336.89
2407, 2334.87
2408, 2344.97
2409, 2334.87
2410, 2341.95
2411, 2339.93
2412, 2345.99
2413, 2343.97
2414, 2341.95
2415, 2341.97
2416, 2346.97
2417, 2348.01
2418, 2345.99
2419, 2350.07
2420, 2351.03
2421, 2351.03
2422, 2355.07
2423, 2353.07
2424, 2353.05
2425, 2355.07
2426, 2359.09
2427, 2363.13
2428, 2355.07
2429, 2361.11
2430, 2354.07
2431, 2361.15
2432, 2357.11
2433, 2359.15
2434, 2358.11
2435, 2363.17
2436, 2362.17
2437, 2369.23
2438, 2369.23
2439, 2367.21
2440, 2369.21
2441, 2376.27
2442, 2369.23
2443, 2369.23
2444, 2374.27
2445, 2379.29
2446, 2377.29
2447, 2370.25
2448, 2375.27
2449, 2383.35
2450, 2382.35
2451, 2376.29
2452, 2378.31
2453, 2385.37
2454, 2382.33
2455, 2377.31
2456, 2379.35
2457, 2389.41
2458, 2386.39
2459, 2387.39
2460, 2388.41
2461, 2390.43
2462, 2395.47
2463, 2389.43
2464, 2391.45
2465, 2390.43
2466, 2394.47
2467, 2398.49
2468, 2398.51
2469, 2398.51
2470, 2398.53
2471, 2400.51
2472, 2401.55
2473, 2408.59
2474, 2402.55
2475, 2406.59
2476, 2406.59
2477, 2406.59
2478, 2409.61
2479, 2409.61
2480, 2411.63
2481, 2410.63
2482, 2407.61
2483, 2407.61
2484, 2414.68
2485, 2416.7
2486, 2411.65
2487, 2419.72
2488, 2416.72
2489, 2415.7
2490, 2418.74
2491, 2424.76
2492, 2419.76
2493, 2420.74
2494, 2428.84
2495, 2426.8
2496, 2425.8
2497, 2425.78
2498, 2429.82
2499, 2427.8
2500, 2424.8
2501, 2438.9
2502, 2433.88
2503, 2435.88
2504, 2436.9
2505, 2432.84
2506, 2437.9
2507, 2436.9
2508, 2445.94
2509, 2441.94
2510, 2441.94
2511, 2441.94
2512, 2441.96
2513, 2437.92
2514, 2440.94
2515, 2440.96
2516, 2443.96
2517, 2444.98
2518, 2440.9
2519, 2446
2520, 2450.02
2521, 2449.04
2522, 2453.06
2523, 2452.06
2524, 2457.1
2525, 2455.06
2526, 2456.08
2527, 2455.06
2528, 2455.04
2529, 2458.12
2530, 2460.12
2531, 2455.1
2532, 2461.12
2533, 2460.12
2534, 2460.12
2535, 2461.14
2536, 2462.14
2537, 2464.18
2538, 2463.16
2539, 2463.16
2540, 2465.2
2541, 2469.22
2542, 2467.2
2543, 2469.22
2544, 2467.22
2545, 2471.24
2546, 2476.28
2547, 2471.22
2548, 2475.28
2549, 2483.32
2550, 2476.28
2551, 2476.3
2552, 2478.32
2553, 2480.32
2554, 2484.36
2555, 2481.34
2556, 2483.34
2557, 2487.4
2558, 2482.34
2559, 2489.42
2560, 2484.36
2561, 2485.38
2562, 2487.42
2563, 2491.44
2564, 2488.4
2565, 2491.42
2566, 2492.46
2567, 2489.42
2568, 2493.46
2569, 2495.46
2570, 2498.5
2571, 2501.52
2572, 2492.44
2573, 2494.48
2574, 2492.44
2575, 2502.54
2576, 2503.56
2577, 2501.52
2578, 2503.56
2579, 2505.58
2580, 2505.58
2581, 2510.62
2582, 2501.56
2583, 2514.66
2584, 2515.66
2585, 2512.66
2586, 2509.64
2587, 2509.62
2588, 2514.66
2589, 2513.66
2590, 2514.66
2591, 2516.68
2592, 2518.72
2593, 2523.76
2594, 2520.72
2595, 2518.72
2596, 2523.74
2597, 2524.76
2598, 2527.76
2599, 2528.78
2600, 2523.8
2601, 2527.78
2602, 2523.76
2603, 2528.82
2604, 2529.8
2605, 2532.86
2606, 2535.86
2607, 2530.84
2608, 2530.84
2609, 2534.9
2610, 2535.88
2611, 2537.9
2612, 2533.88
2613, 2537.9
2614, 2546.98
2615, 2538.9
2616, 2544.94
2617, 2545.96
2618, 2544.96
2619, 2544.94
2620, 2550.02
2621, 2546.98
2622, 2552.04
2623, 2549.02
2624, 2555.06
2625, 2547.02
2626, 2552.06
2627, 2552.06
2628, 2560.1
2629, 2557.08
2630, 2554.06
2631, 2562.14
2632, 2560.12
2633, 2557.1
2634, 2556.08
2635, 2561.1
2636, 2556.08
2637, 2565.14
2638, 2564.16
2639, 2567.21
2640, 2558.14
2641, 2568.23
2642, 2566.18
2643, 2567.18
2644, 2569.23
2645, 2568.21
2646, 2571.23
2647, 2571.23
2648, 2570.25
2649, 2572.25
2650, 2570.23
2651, 2576.27
2652, 2574.29
2653, 2581.31
2654, 2578.31
2655, 2586.37
2656, 2580.33
2657, 2579.31
2658, 2587.41
2659, 2582.33
2660, 2586.41
2661, 2586.39
2662, 2584.37
2663, 2581.37
2664, 2582.35
2665, 2588.41
2666, 2586.39
2667, 2588.39
2668, 2591.45
2669, 2594.47
2670, 2594.45
2671, 2592.49
2672, 2597.49
2673, 2590.45
2674, 2601.51
2675, 2589.43
2676, 2596.55
2677, 2605.57
2678, 2603.55
2679, 2602.57
2680, 2603.55
2681, 2604.57
2682, 2608.59
2683, 2604.57
2684, 2606.57
2685, 2609.61
2686, 2614.65
2687, 2606.59
2688, 2613.65
2689, 2613.65
2690, 2602.53
2691, 2615.65
2692, 2615.69
2693, 2612.65
2694, 2621.71
2695, 2622.73
2696, 2619.71
2697, 2614.73
2698, 2621.73
2699, 2618.71
2700, 2619.71
2701, 2624.77
2702, 2618.71
2703, 2621.75
2704, 2631.81
2705, 2626.81
2706, 2627.81
2707, 2626.79
2708, 2627.81
2709, 2632.85
2710, 2633.87
2711, 2641.93
2712, 2635.87
2713, 2636.87
2714, 2634.89
2715, 2643.95
2716, 2636.89
2717, 2641.93
2718, 2642.95
2719, 2638.91
2720, 2642.95
2721, 2644.97
2722, 2641.95
2723, 2641.95
2724, 2652.05
2725, 2647.99
2726, 2649.01
2727, 2646.99
2728, 2649.01
2729, 2655.05
2730, 2657.11
2731, 2651.03
2732, 2657.09
2733, 2650.03
2734, 2657.09
2735, 2662.13
2736, 2657.09
2737, 2661.11
2738, 2661.11
2739, 2665.15
2740, 2667.17
2741, 2665.15
2742, 2666.19
2743, 2663.13
2744, 2671.23
2745, 2677.25
2746, 2669.23
2747, 2668.19
2748, 2671.23
2749, 2681.33
2750, 2674.27
2751, 2674.25
2752, 2675.25
2753, 2677.29
2754, 2680.33
2755, 2678.29
2756, 2682.33
2757, 2678.29
2758, 2680.31
2759, 2683.35
2760, 2683.35
2761, 2685.37
2762, 2680.33
2763, 2692.43
2764, 2686.37
2765, 2687.39
2766, 2691.43
2767, 2689.41
2768, 2693.43
2769, 2687.39
2770, 2693.43
2771, 2689.41
2772, 2695.49
2773, 2697.47
2774, 2701.53
2775, 2690.43
2776, 2694.47
2777, 2705.55
2778, 2699.51
2779, 2700.51
2780, 2705.57
2781, 2706.55
2782, 2704.55
2783, 2702.53
2784, 2707.59
2785, 2706.57
2786, 2698.49
2787, 2706.59
2788, 2703.55
2789, 2707.59
2790, 2715.65
2791, 2713.63
2792, 2710.63
2793, 2706.59
2794, 2715.69
2795, 2717.69
2796, 2712.65
2797, 2715.69
2798, 2713.65
2799, 2718.69
2800, 2726.78
2801, 2723.73
2802, 2723.76
2803, 2720.73
2804, 2726.8
2805, 2723.76
2806, 2726.78
2807, 2729.8
2808, 2725.78
2809, 2729.8
2810, 2732.84
2811, 2729.82
2812, 2728.8
2813, 2733.86
2814, 2738.9
2815, 2734.86
2816, 2733.86
2817, 2735.9
2818, 2740.92
2819, 2736.88
2820, 2740.9
2821, 2742.94
2822, 2744.96
2823, 2740.92
2824, 2741.96
2825, 2735.9
2826, 2742.96
2827, 2743.96
2828, 2749
2829, 2749.02
2830, 2744.98
2831, 2748.02
2832, 2751.02
2833, 2746
2834, 2759.12
2835, 2757.08
2836, 2755.06
2837, 2756.08
2838, 2755.08
2839, 2755.08
2840, 2761.14
2841, 2762.12
2842, 2763.14
2843, 2765.18
2844, 2760.12
2845, 2765.18
2846, 2766.2
2847, 2765.18
2848, 2765.16
2849, 2771.22
2850, 2771.24
2851, 2773.24
2852, 2777.26
2853, 2771.24
2854, 2778.26
2855, 2775.26
2856, 2774.3
2857, 2776.3
2858, 2776.3
2859, 2781.32
2860, 2778.3
2861, 2780.34
2862, 2780.32
2863, 2778.32
2864, 2781.32
2865, 2781.32
2866, 2786.4
2867, 2784.38
2868, 2791.42
2869, 2787.38
2870, 2788.42
2871, 2784.4
2872, 2787.4
2873, 2792.44
2874, 2789.42
2875, 2792.46
2876, 2797.48
2877, 2795.48
2878, 2799.48
2879, 2804.54
2880, 2800.54
2881, 2797.48
2882, 2801.52
2883, 2804.56
2884, 2801.56
2885, 2803.54
2886, 2808.58
2887, 2809.6
2888, 2802.56
2889, 2808.6
2890, 2807.6
2891, 2808.6
2892, 2811.64
2893, 2810.62
2894, 2814.66
2895, 2817.68
2896, 2812.62
2897, 2814.66
2898, 2817.68
2899, 2824.74
2900, 2821.72
2901, 2813.66
2902, 2816.68
2903, 2816.68
2904, 2821.72
2905, 2819.72
2906, 2823.74
2907, 2820.74
2908, 2824.76
2909, 2826.78
2910, 2824.78
2911, 2828.78
2912, 2826.78
2913, 2829.8
2914, 2830.82
2915, 2830.8
2916, 2833.84
2917, 2833.86
2918, 2835.84
2919, 2838.88
2920, 2836.86
2921, 2838.9
2922, 2835.86
2923, 2835.86
2924, 2842.94
2925, 2841.92
2926, 2844.92
2927, 2840.92
2928, 2838.9
2929, 2849.96
2930, 2848.98
2931, 2848.98
2932, 2847.98
2933, 2845.98
2934, 2849
2935, 2852.02
2936, 2855.02
2937, 2854.04
2938, 2852.02
2939, 2853.04
2940, 2856.06
2941, 2850.02
2942, 2854.04
2943, 2856.06
2944, 2859.1
2945, 2864.14
2946, 2861.12
2947, 2863.14
2948, 2860.12
2949, 2861.12
2950, 2864.14
2951, 2867.18
2952, 2870.18
2953, 2864.16
2954, 2865.16
2955, 2863.16
2956, 2865.16
2957, 2876.24
2958, 2868.2
2959, 2872.22
2960, 2871.22
2961, 2874.26
2962, 2874.24
2963, 2875.26
2964, 2877.29
2965, 2876.29
2966, 2886.37
2967, 2876.29
2968, 2885.37
2969, 2888.39
2970, 2881.35
2971, 2880.33
2972, 2892.41
2973, 2882.37
2974, 2887.39
2975, 2891.41
2976, 2889.41
2977, 2890.41
2978, 2891.43
2979, 2892.45
2980, 2892.45
2981, 2894.45
2982, 2899.49
2983, 2898.51
2984, 2897.51
2985, 2893.45
2986, 2898.51
2987, 2900.51
2988, 2907.57
2989, 2898.53
2990, 2907.59
2991, 2905.57
2992, 2906.57
2993, 2911.61
2994, 2903.57
2995, 2909.61
2996, 2910.63
2997, 2905.59
2998, 2914.65
2999, 2920.71
3000, 2910.63
3001, 2917.69
3002, 2910.61
3003, 2914.63
3004, 2922.73
3005, 2921.71
3006, 2920.71
3007, 2923.75
3008, 2926.79
3009, 2923.75
3010, 2929.79
3011, 2922.73
3012, 2929.79
3013, 2923.75
3014, 2930.81
3015, 2928.81
3016, 2931.81
3017, 2930.83
3018, 2932.83
3019, 2936.87
3020, 2934.87
3021, 2933.87
3022, 2936.87
3023, 2936.87
3024, 2934.87
3025, 2930.81
3026, 2941.93
3027, 2944.95
3028, 2945.95
3029, 2942.95
3030, 2946.97
3031, 2944.95
3032, 2945.97
3033, 2950.01
3034, 2954.03
3035, 2950.01
3036, 2948.99
3037, 2953.05
3038, 2952.03
3039, 2953.03
3040, 2955.05
3041, 2955.05
3042, 2955.07
3043, 2955.05
3044, 2959.09
3045, 2956.05
3046, 2959.11
3047, 2965.15
3048, 2962.13
3049, 2961.11
3050, 2962.13
3051, 2963.13
3052, 2961.13
3053, 2970.19
3054, 2967.17
3055, 2970.21
3056, 2972.21
3057, 2966.17
3058, 2971.21
3059, 2971.21
3060, 2974.23
3061, 2972.23
3062, 2983.33
3063, 2974.25
3064, 2979.25
3065, 2980.29
3066, 2978.31
3067, 2982.31
3068, 2978.29
3069, 2979.31
3070, 2985.35
3071, 2985.35
3072, 2986.35
3073, 2984.35
3074, 2980.31
3075, 2984.35
3076, 2986.39
3077, 2989.39
3078, 2993.43
3079, 2993.43
3080, 2989.39
3081, 2989.37
3082, 2995.45
3083, 2999.49
3084, 2999.47
3085, 2996.47
3086, 2991.43
3087, 2994.45
3088, 3002.51
3089, 2998.49
3090, 2996.51
3091, 3006.57
3092, 3008.59
3093, 3010.59
3094, 3007.57
3095, 3008.59
3096, 3006.57
3097, 3010.63
3098, 3012.61
3099, 3010.59
3100, 3006.55
3101, 3012.63
3102, 3011.61
3103, 3014.65
3104, 3013.65
3105, 3023.75
3106, 3020.69
3107, 3016.67
3108, 3015.67
3109, 3021.73
3110, 3020.71
3111, 3023.75
3112, 3023.77
3113, 3035.84
3114, 3029.79
3115, 3029.77
3116, 3031.82
3117, 3033.82
3118, 3028.82
3119, 3038.9
3120, 3037.88
3121, 3031.84
3122, 3033.84
3123, 3033.84
3124, 3037.88
3125, 3037.9
3126, 3039.9
3127, 3043.94
3128, 3041.92
3129, 3043.94
3130, 3039.92
3131, 3043.94
3132, 3047.96
3133, 3048.98
3134, 3050.02
3135, 3052.02
3136, 3048
3137, 3045.98
3138, 3056.06
3139, 3054.04
3140, 3052.04
3141, 3054.06
3142, 3051.02
3143, 3053.06
3144, 3062.1
3145, 3058.08
3146, 3058.08
3147, 3058.08
3148, 3060.1
3149, 3065.16
3150, 3067.18
3151, 3064.14
3152, 3061.12
3153, 3064.16
3154, 3067.18
3155, 3073.22
3156, 3064.14
3157, 3069.2
3158, 3072.18
3159, 3071.22
3160, 3074.22
3161, 3077.26
3162, 3079.3
3163, 3078.3
3164, 3076.26
3165, 3081.3
3166, 3077.28
3167, 3082.32
3168, 3084.34
3169, 3083.34
3170, 3079.3
3171, 3081.32
3172, 3084.34
3173, 3087.36
3174, 3083.34
3175, 3087.38
3176, 3089.42
3177, 3086.38
3178, 3084.36
3179, 3087.38
3180, 3090.42
3181, 3089.4
3182, 3098.48
3183, 3090.42
3184, 3093.44
3185, 3093.44
3186, 3094.46
3187, 3089.42
3188, 3094.44
3189, 3105.54
3190, 3097.48
3191, 3100.52
3192, 3102.52
3193, 3102.52
3194, 3106.56
3195, 3110.6
3196, 3099.5
3197, 3108.58
3198, 3108.58
3199, 3109.58
3200, 3107.58
3201, 3113.64
3202, 3113.62
3203, 3118.7
3204, 3111.62
3205, 3116.66
3206, 3114.66
3207, 3117.68
3208, 3119.7
3209, 3119.7
3210, 3123.74
3211, 3117.66
3212, 3119.72
3213, 3120.7
3214, 3122.74
3215, 3125.78
3216, 3122.74
3217, 3128.8
3218, 3126.78
3219, 3131.82
3220, 3128.8
3221, 3134.84
3222, 3130.8
3223, 3129.82
3224, 3130.8
3225, 3135.86
3226, 3137.86
3227, 3138.88
3228, 3135.88
3229, 3141.92
3230, 3131.84
3231, 3141.9
3232, 3141.92
3233, 3139.88
3234, 3153
3235, 3147.96
3236, 3147.98
3237, 3153.02
3238, 3145.98
3239, 3154.04
3240, 3147.98
3241, 3155.04
3242, 3157.06
3243, 3152.04
3244, 3154.02
3245, 3162.1
3246, 3162.1
3247, 3157.06
3248, 3163.12
3249, 3158.1
3250, 3165.1
3251, 3164.12
3252, 3162.12
3253, 3166.16
3254, 3162.12
3255, 3166.14
3256, 3166.16
3257, 3165.18
3258, 3172.22
3259, 3169.2
3260, 3170.2
3261, 3167.18
3262, 3167.18
3263, 3173.22
3264, 3181.28
3265, 3175.24
3266, 3180.3
3267, 3182.3
3268, 3181.28
3269, 3176.26
3270, 3184.34
3271, 3181.3
3272, 3184.34
3273, 3186.32
3274, 3189.41
3275, 3189.39
3276, 3188.39
3277, 3190.39
3278, 3185.34
3279, 3192.41
3280, 3189.41
3281, 3192.43
3282, 3187.37
3283, 3192.43
3284, 3189.39
3285, 3193.47
3286, 3192.43
3287, 3195.45
3288, 3196.45
3289, 3194.43
3290, 3202.51
3291, 3200.51
3292, 3201.53
3293, 3204.53
3294, 3202.51
3295, 3200.51
3296, 3205.55
3297, 3203.53
3298, 3203.55
3299, 3207.57
3300, 3208.57
3301, 3205.55
3302, 3208.59
3303, 3212.63
3304, 3216.69
3305, 3211.63
3306, 3216.65
3307, 3209.59
3308, 3218.69
3309, 3215.65
3310, 3218.69
3311, 3216.69
3312, 3221.71
3313, 3215.67
3314, 3223.73
3315, 3226.75
3316, 3222.73
3317, 3221.73
3318, 3222.73
3319, 3224.75
3320, 3218.73
3321, 3226.77
3322, 3226.77
3323, 3228.79
3324, 3228.77
3325, 3229.81
3326, 3234.81
3327, 3234.85
3328, 3234.85
3329, 3238.87
3330, 3236.85
3331, 3237.87
3332, 3241.89
3333, 3234.85
3334, 3241.91
3335, 3241.91
3336, 3242.93
3337, 3240.91
3338, 3242.95
3339, 3242.93
3340, 3244.95
3341, 3246.95
3342, 3250.99
3343, 3249.99
3344, 3243.93
3345, 3250.01
3346, 3249.01
3347, 3253.01
3348, 3252.01
3349, 3250.99
3350, 3254.05
3351, 3255.07
3352, 3259.09
3353, 3263.09
3354, 3260.11
3355, 3263.11
3356, 3262.11
3357, 3258.07
3358, 3263.13
3359, 3265.15
3360, 3270.21
3361, 3268.17
3362, 3268.17
3363, 3268.17
3364, 3277.27
3365, 3269.21
3366, 3277.25
3367, 3274.21
3368, 3284.33
3369, 3274.23
3370, 3276.27
3371, 3274.27
3372, 3286.33
3373, 3284.33
3374, 3281.31
3375, 3282.33
3376, 3287.35
3377, 3283.33
3378, 3286.33
3379, 3287.37
3380, 3290.37
3381, 3286.35
3382, 3287.39
3383, 3295.43
3384, 3289.39
3385, 3288.39
3386, 3291.39
3387, 3291.41
3388, 3293.47
3389, 3292.43
3390, 3298.47
3391, 3301.49
3392, 3297.45
3393, 3296.45
3394, 3300.51
3395, 3299.49
3396, 3307.53
3397, 3300.49
3398, 3298.49
3399, 3302.53
3400, 3304.53
3401, 3305.55
3402, 3308.57
3403, 3309.59
3404, 3308.59
3405, 3310.59
3406, 3312.61
3407, 3311.65
3408, 3312.63
3409, 3321.69
3410, 3312.61
3411, 3314.63
3412, 3314.63
3413, 3316.65
3414, 3317.67
3415, 3320.73
3416, 3314.63
3417, 3320.69
3418, 3321.69
3419, 3324.75
3420, 3323.73
3421, 3332.81
3422, 3323.73
3423, 3328.75
3424, 3328.77
3425, 3324.73
3426, 3328.79
3427, 3330.81
3428, 3331.83
3429, 3333.81
3430, 3337.87
3431, 3335.85
3432, 3332.83
3433, 3331.81
3434, 3334.85
3435, 3339.9
3436, 3344.9
3437, 3337.9
3438, 3337.92
3439, 3345.96
3440, 3343.96
3441, 3347.96
3442, 3342.92
3443, 3346.96
3444, 3342.94
3445, 3351
3446, 3353.02
3447, 3353.02
3448, 3355.04
3449, 3351.02
3450, 3353.02
3451, 3350.02
3452, 3355.06
3453, 3354.04
3454, 3353.06
3455, 3357.06
3456, 3355.04
3457, 3356.08
3458, 3357.06
3459, 3364.14
3460, 3358.1
3461, 3359.08
3462, 3363.14
3463, 3367.16
3464, 3367.16
3465, 3368.18
3466, 3369.18
3467, 3369.2
3468, 3375.22
3469, 3368.2
3470, 3369.18
3471, 3373.22
3472, 3373.22
3473, 3381.28
3474, 3374.22
3475, 3373.22
3476, 3377.26
3477, 3372.22
3478, 3389.36
3479, 3379.32
3480, 3381.3
3481, 3377.28
3482, 3387.36
3483, 3383.32
3484, 3383.34
3485, 3385.34
3486, 3385.34
3487, 3387.36
3488, 3394.42
3489, 3393.42
3490, 3389.4
3491, 3395.46
3492, 3393.42
3493, 3397.44
3494, 3396.44
3495, 3399.44
3496, 3397.46
3497, 3402.52
3498, 3395.46
3499, 3398.5
3500, 3399.5
3501, 3405.54
3502, 3405.56
3503, 3406.56
3504, 3408.58
3505, 3410.58
3506, 3410.6
3507, 3402.54
3508, 3414.62
3509, 3410.6
3510, 3413.64
3511, 3414.64
3512, 3412.62
3513, 3416.66
3514, 3415.64
3515, 3415.66
3516, 3426.72
3517, 3419.7
3518, 3417.68
3519, 3414.64
3520, 3421.7
3521, 3422.72
3522, 3419.68
3523, 3422.72
3524, 3421.72
3525, 3426.76
3526, 3432.8
3527, 3431.78
3528, 3427.76
3529, 3433.82
3530, 3432.8
3531, 3433.82
3532, 3423.74
3533, 3436.84
3534, 3435.86
3535, 3435.84
3536, 3438.86
3537, 3440.88
3538, 3439.9
3539, 3441.92
3540, 3439.9
3541, 3445.94
3542, 3442.92
3543, 3447.96
3544, 3451.02
3545, 3448.96
3546, 3455
3547, 3455.04
3548, 3447.98
3549, 3449
3550, 3456.04
3551, 3456.06
3552, 3445.94
3553, 3449
3554, 3451
3555, 3455.04
3556, 3459.08
3557, 3464.1
3558, 3461.1
3559, 3458.08
3560, 3457.06
3561, 3461.1
3562, 3461.1
3563, 3465.14
3564, 3458.08
3565, 3463.14
3566, 3470.16
3567, 3464.12
3568, 3467.12
3569, 3469.18
3570, 3472.22
3571, 3470.2
3572, 3475.22
3573, 3471.18
3574, 3476.24
3575, 3479.28
3576, 3474.22
3577, 3476.24
3578, 3476.24
3579, 3476.26
3580, 3482.3
3581, 3482.3
3582, 3480.3
3583, 3481.3
3584, 3483.32
3585, 3483.32
3586, 3492.38
3587, 3486.34
3588, 3490.38
3589, 3490.4
3590, 3483.32
3591, 3492.4
3592, 3491.4
3593, 3492.42
3594, 3492.42
3595, 3491.4
3596, 3496.47
3597, 3494.45
3598, 3498.49
3599, 3498.45
3600, 3497.47
3601, 3494.45
3602, 3505.53
3603, 3504.53
3604, 3496.49
3605, 3507.55
3606, 3506.53
3607, 3507.55
3608, 3506.55
3609, 3505.55
3610, 3513.61
3611, 3509.59
3612, 3515.63
3613, 3514.63
3614, 3512.63
3615, 3514.63
3616, 3518.65
3617, 3513.63
3618, 3516.65
3619, 3523.71
3620, 3518.69
3621, 3523.69
3622, 3524.73
3623, 3525.73
3624, 3524.73
3625, 3527.77
3626, 3530.79
3627, 3531.81
3628, 3528.77
3629, 3532.81
3630, 3529.77
3631, 3527.75
3632, 3533.85
3633, 3534.81
3634, 3533.83
3635, 3532.83
3636, 3530.81
3637, 3538.87
3638, 3542.91
3639, 3542.93
3640, 3537.87
3641, 3541.93
3642, 3542.91
3643, 3544.97
3644, 3544.95
3645, 3547.95
3646, 3549.97
3647, 3549.97
3648, 3553.01
3649, 3547.95
3650, 3549.99
3651, 3549.99
3652, 3550.99
3653, 3554.03
3654, 3548.97
3655, 3555.03
3656, 3555.03
3657, 3559.07
3658, 3557.05
3659, 3557.05
3660, 3560.07
3661, 3563.11
3662, 3563.11
3663, 3563.11
3664, 3565.11
3665, 3562.11
3666, 3561.13
3667, 3566.17
3668, 3569.17
3669, 3567.17
3670, 3571.19
3671, 3574.21
3672, 3564.15
3673, 3571.21
3674, 3572.21
3675, 3571.19
3676, 3572.19
3677, 3580.27
3678, 3576.23
3679, 3574.25
3680, 3579.27
3681, 3580.27
3682, 3580.27
3683, 3584.29
3684, 3579.27
3685, 3591.35
3686, 3582.31
3687, 3585.31
3688, 3590.39
3689, 3584.31
3690, 3589.37
3691, 3583.33
3692, 3594.41
3693, 3586.35
3694, 3591.41
3695, 3592.39
3696, 3592.41
3697, 3594.41
3698, 3592.41
3699, 3592.41
3700, 3592.39
3701, 3599.49
3702, 3594.45
3703, 3601.49
3704, 3601.49
3705, 3600.45
3706, 3598.47
3707, 3603.53
3708, 3603.51
3709, 3606.55
3710, 3603.53
3711, 3608.55
3712, 3606.55
3713, 3612.59
3714, 3611.59
3715, 3609.59
3716, 3611.59
3717, 3608.57
3718, 3616.63
3719, 3616.65
3720, 3619.65
3721, 3612.61
3722, 3614.65
3723, 3611.63
3724, 3623.69
3725, 3619.67
3726, 3617.65
3727, 3620.69
3728, 3627.73
3729, 3627.75
3730, 3628.75
3731, 3623.73
3732, 3627.77
3733, 3627.75
3734, 3628.75
3735, 3632.81
3736, 3633.81
3737, 3629.79
3738, 3636.83
3739, 3632.83
3740, 3632.83
3741, 3640.85
3742, 3642.89
3743, 3629.81
3744, 3640.89
3745, 3645.91
3746, 3642.89
3747, 3639.87
3748, 3645.93
3749, 3649.95
3750, 3650.98
3751, 3648.95
3752, 3653
3753, 3646.95
3754, 3658.04
3755, 3655.04
3756, 3656.04
3757, 3654
3758, 3657.04
3759, 3653.02
3760, 3649
3761, 3660.06
3762, 3656.04
3763, 3658.08
3764, 3660.08
3765, 3666.14
3766, 3657.08
3767, 3661.12
3768, 3660.1
3769, 3669.18
3770, 3671.18
3771, 3667.16
3772, 3672.18
3773, 3669.16
3774, 3673.22
3775, 3671.2
3776, 3674.22
3777, 3673.22
3778, 3678.26
3779, 3680.26
3780, 3678.26
3781, 3675.24
3782, 3678.28
3783, 3682.3
3784, 3682.3
3785, 3681.28
3786, 3682.3
3787, 3689.38
3788, 3682.3
3789, 3680.3
3790, 3679.3
3791, 3686.34
3792, 3690.38
3793, 3689.36
3794, 3695.4
3795, 3693.42
3796, 3683.34
3797, 3694.42
3798, 3692.42
3799, 3704.48
3800, 3688.4
3801, 3699.46
3802, 3696.44
3803, 3698.48
3804, 3697.46
3805, 3703.52
3806, 3705.54
3807, 3701.52
3808, 3701.48
3809, 3700.5
3810, 3710.6
3811, 3705.52
3812, 3707.56
3813, 3702.52
3814, 3712.6
3815, 3708.56
3816, 3707.56
3817, 3710.6
3818, 3709.58
3819, 3717.64
3820, 3717.66
3821, 3719.66
3822, 3716.64
3823, 3716.64
3824, 3718.64
3825, 3720.68
3826, 3717.66
3827, 3717.66
3828, 3721.68
3829, 3720.68
3830, 3719.68
3831, 3723.72
3832, 3725.72
3833, 3722.7
3834, 3719.68
3835, 3726.76
3836, 3731.78
3837, 3729.8
3838, 3729.78
3839, 3730.8
3840, 3730.78
3841, 3730.8
3842, 3728.78
3843, 3735.82
3844, 3738.84
3845, 3733.82
3846, 3736.84
3847, 3739.88
3848, 3749.94
3849, 3738.88
3850, 3746.94
3851, 3743.92
3852, 3743.92
3853, 3742.88
3854, 3744.94
3855, 3742.92
3856, 3743.92
3857, 3743.92
3858, 3748.96
3859, 3747.98
3860, 3750.98
3861, 3751
3862, 3753
3863, 3756.02
3864, 3760.04
3865, 3751.98
3866, 3758.08
3867, 3755.06
3868, 3764.1
3869, 3761.08
3870, 3762.08
3871, 3764.1
3872, 3762.08
3873, 3767.12
3874, 3764.12
3875, 3766.14
3876, 3766.14
3877, 3770.16
3878, 3769.18
3879, 3777.24
3880, 3770.16
3881, 3772.2
3882, 3771.18
3883, 3777.24
3884, 3775.22
3885, 3778.24
3886, 3772.18
3887, 3779.26
3888, 3777.24
3889, 3783.28
3890, 3785.32
3891, 3783.32
3892, 3784.32
3893, 3780.3
3894, 3787.34
3895, 3783.32
3896, 3785.34
3897, 3791.38
3898, 3791.38
3899, 3787.34
3900, 3785.34
3901, 3787.36
3902, 3793.38
3903, 3801.48
3904, 3792.4
3905, 3794.42
3906, 3800.46
3907, 3801.48
3908, 3794.44
3909, 3798.46
3910, 3802.48
3911, 3801.48
3912, 3801.5
3913, 3807.55
3914, 3804.5
3915, 3804.5
3916, 3806.53
3917, 3810.57
3918, 3805.53
3919, 3810.59
3920, 3809.57
3921, 3813.61
3922, 3808.57
3923, 3812.59
3924, 3815.63
3925, 3816.61
3926, 3811.61
3927, 3816.65
3928, 3816.63
3929, 3818.65
3930, 3821.69
3931, 3821.71
3932, 3818.67
3933, 3822.69
3934, 3823.71
3935, 3818.65
3936, 3831.77
3937, 3824.73
3938, 3828.77
3939, 3831.81
3940, 3823.73
3941, 3829.75
3942, 3832.81
3943, 3830.79
3944, 3834.81
3945, 3834.81
3946, 3835.81
3947, 3834.83
3948, 3833.81
3949, 3836.85
3950, 3840.87
3951, 3841.87
3952, 3835.87
3953, 3841.89
3954, 3841.89
3955, 3840.87
3956, 3841.87
3957, 3842.91
3958, 3843.91
3959, 3846.91
3960, 3845.95
3961, 3845.93
3962, 3852.99
3963, 3848.93
3964, 3852.97
3965, 3846.97
3966, 3855.01
3967, 3855.01
3968, 3853.01
3969, 3855.01
3970, 3861.05
3971, 3856.05
3972, 3857.05
3973, 3853.01
3974, 3857.07
3975, 3862.07
3976, 3864.09
3977, 3863.09
3978, 3867.13
3979, 3864.11
3980, 3866.15
3981, 3867.15
3982, 3871.17
3983, 3874.19
3984, 3873.19
3985, 3875.21
3986, 3873.19
3987, 3876.23
3988, 3877.23
3989, 3873.21
3990, 3876.23
3991, 3875.23
3992, 3877.23
3993, 3875.23
3994, 3884.31
3995, 3882.29
3996, 3882.29
3997, 3889.35
3998, 3889.37
3999, 3887.33
4000, 3883.31
4001, 3889.35
4002, 3887.33
4003, 3884.35
4004, 3891.35
4005, 3892.39
4006, 3893.39
4007, 3894.41
4008, 3892.39
4009, 3899.45
4010, 3896.45
4011, 3893.43
4012, 3896.45
4013, 3900.45
4014, 3898.45
4015, 3903.49
4016, 3900.47
4017, 3897.47
4018, 3905.51
4019, 3901.51
4020, 3907.53
4021, 3910.57
4022, 3908.55
4023, 3907.55
4024, 3912.57
4025, 3912.59
4026, 3915.61
4027, 3911.57
4028, 3915.59
4029, 3908.55
4030, 3917.63
4031, 3917.65
4032, 3920.65
4033, 3919.67
4034, 3912.61
4035, 3920.67
4036, 3922.69
4037, 3922.69
4038, 3924.71
4039, 3924.71
4040, 3925.73
4041, 3925.73
4042, 3927.75
4043, 3927.73
4044, 3929.77
4045, 3932.79
4046, 3928.77
4047, 3933.79
4048, 3929.75
4049, 3934.79
4050, 3936.81
4051, 3936.83
4052, 3932.81
4053, 3939.85
4054, 3941.87
4055, 3935.83
4056, 3940.87
4057, 3942.89
4058, 3938.85
4059, 3939.89
4060, 3935.83
4061, 3944.91
4062, 3943.93
4063, 3943.89
4064, 3945.91
4065, 3944.91
4066, 3945.91
4067, 3946.91
4068, 3945.89
4069, 3946.93
4070, 3948.95
4071, 3947.93
4072, 3948.95
4073, 3947.93
4074, 3949.95
4075, 3947.95
4076, 3945.91
4077, 3948.95
4078, 3940.87
4079, 3946.93
4080, 3949.95
4081, 3949.93
4082, 3947.95
4083, 3945.93
4084, 3949.95
4085, 3946.93
4086, 3940.87
4087, 3948.95
4088, 3948.95
4089, 3948.95
4090, 3950.95
4091, 3941.87
4092, 3946.93
4093, 3940.89
4094, 3944.93
4095, 3946.93
