-0.00722
0.005825
0.00475
-0.00761
0.002183
0.00618
-0.00581
-0.00308
0.007781
-0.00272
-0.00745
0.00743
0.004948
-0.00642
0.002231
0.004574
-0.00606
-0.00151
0.009537
-0.00344
-0.00888
0.006046
0.003041
-0.01013
0.003708
0.009879
-0.00638
-0.00403
0.010836
-0.00131
-0.00706
0.007107
0.00164
-0.01016
0.000413
0.004949
-0.00778
-0.00373
0.012033
-7.3E-05
-0.00678
0.008978
0.006398
-0.01181
0.001045
0.009848
-0.00925
-0.00769
0.008423
-0.002
-0.00696
0.007993
0.006686
-0.00873
0.000589
0.009618
-0.00551
-0.00528
0.006529
-0.00322
-0.00868
0.006763
0.005352
-0.00912
0.002507
0.010554
-0.00356
-0.004
0.008455
-0.00141
-0.01046
0.004134
0.004354
-0.00824
0.001195
0.008349
-0.00366
-0.00044
0.010049
-0.00191
-0.00844
0.006531
0.001548
-0.0114
0.001959
0.008786
-0.00613
-0.0023
0.012267
0.00117
-0.00694
0.006268
0.003211
-0.00982
0.001896
0.006493
-0.00906
-0.00434
0.011559
0.000641
-0.0076
0.007339
0.004868
-0.00854
0.004424
0.00964
-0.00864
-0.00403
0.011063
-0.00273
-0.01105
0.00768
0.004975
-0.00993
0.002449
0.010887
-0.00731
-0.00539
0.011367
0.001834
-0.01012
0.00664
0.006953
-0.00849
0.001415
0.010428
-0.00431
-0.00333
0.008937
-0.00163
-0.00912
0.006974
0.006026
-0.00938
-0.00146
0.010613
0.00058
-0.00203
0.009286
0.001446
-0.00514
0.00592
0.004305
-0.00647
0.001036
0.006339
-0.0054
-0.00256
0.009678
0.000539
-0.00509
0.008901
0.006146
-0.00701
0.001849
0.008806
-0.00625
-0.00585
0.009971
-0.00278
-0.00789
0.007888
0.006543
-0.00677
0.004541
0.008552
-0.00843
-0.0051
0.0095
-0.0002
-0.00981
0.003674
0.005932
-0.00845
0.00026
0.011705
-0.00326
-0.00602
0.009702
-0.00198
-0.01137
0.00399
0.003429
-0.00914
0.000235
0.008668
-0.00356
-0.00252
0.008297
0.002549
-0.00566
0.005825
0.001975
-0.01354
-0.00465
0.006816
-0.00629
-0.00148
0.011221
0.001004
-0.00719
0.005946
0.005901
-0.00654
0.000519
0.006196
-0.01112
-0.0098
0.007241
0.001522
-0.00888
0.007792
0.005305
-0.01033
-0.00081
0.008593
-0.00575
-0.00578
0.006768
-0.00532
-0.0143
0.00161
0.007468
-0.00677
-0.00253
0.008164
-0.00469
-0.00614
0.008578
-0.00154
-0.01046
0.003769
0.000635
-0.01522
-0.00405
0.008445
-0.00672
-0.00685
0.010081
0.002196
-0.00998
0.005084
0.007553
-0.00958
-0.00221
0.009281
-0.00644
-0.00834
0.006104
-0.00278
-0.01369
0.001337
0.000924
-0.01459
-0.00568
0.00507
-0.0045
-0.00554
0.007962
-0.00121
-0.01179
0.002683
0.00619
-0.01149
-0.0039
0.005778
-0.0091
-0.00985
0.005517
-0.00153
-0.00928
0.003753
0.001905
-0.01064
-0.00421
0.005759
-0.0066
-0.01006
0.006795
0.000198
-0.01202
0.000636
0.004649
-0.00755
-0.00184
0.0071
-0.00977
-0.00923
0.005843
-0.00128
-0.01095
0.002662
0.004576
-0.00882
-0.00207
0.00962
-0.0011
-0.00591
0.007881
-0.00077
-0.01214
-0.00173
-0.0004
-0.00959
-0.00121
0.010695
-0.00038
-0.00036
0.014388
0.004002
-0.0104
0.000455
0.003027
-0.01245
-0.00533
0.012513
-0.00027
-0.00332
0.010397
0.004934
-0.0074
0.004344
0.006711
-0.00904
-0.00106
0.009082
-0.00633
-0.00808
0.007359
0.00488
-0.0063
0.006381
0.008788
-0.00638
-0.00071
0.013261
-0.00122
-0.00497
0.010915
0.005227
-0.00861
-3.5E-05
0.006872
-0.00476
0.001352
0.011225
-0.00012
-0.00473
0.006275
0.001852
-0.00653
0.006827
0.007568
-0.00809
0.000146
0.011462
0.001849
-0.0004
0.01088
0.000688
-0.00763
0.005016
0.008803
-0.00709
-0.00024
0.011051
-0.0035
-0.00478
0.011366
0.006378
-0.0075
0.007501
0.011753
-0.00752
-0.00105
0.012229
-7.4E-05
-0.00476
0.010217
0.005058
-0.01005
0.006132
0.013026
-0.00468
-0.00313
0.006979
-0.00142
-0.00652
0.01013
0.006618
-0.00911
0.001337
0.007949
-0.00567
-0.00122
0.012502
0.000754
-0.0072
0.005083
0.005261
-0.00636
0.003058
0.007032
-0.00502
0.000309
0.012548
0.002984
0.000219
0.015648
0.01183
-0.00117
0.008036
0.007594
-0.00662
-0.00119
0.009381
-0.00086
-0.00557
0.011237
0.005115
-0.00658
0.002476
0.004018
-0.01021
-0.0027
0.009499
-0.00313
-0.00417
0.010761
0.005795
-0.00272
0.018088
0.024024
0.004309
0.006137
0.011523
-0.01023
-0.02001
-0.00595
-0.00402
-0.00819
0.015606
0.025355
0.00994
0.002648
0.007773
-0.01288
-0.02461
-0.00462
0.001875
-0.00677
0.006214
0.012121
-0.00844
-0.00867
0.006995
-0.00041
-0.00456
0.014849
0.013686
-0.00419
0.001565
0.001552
-0.01038
-0.00658
0.01448
0.007725
0.002157
0.014783
0.012856
0.000752
0.008798
0.01487
-0.0015
-0.00427
0.001509
-0.01515
-0.01956
-0.00762
-0.00829
-0.01234
0.005754
0.015309
0.002193
0.009406
0.022355
0.006587
0.000764
0.017362
0.007372
-0.01186
-0.00653
0.003483
-0.00979
0.003751
0.02304
0.007173
-0.00847
0.001679
-0.00102
-0.01486
0.006397
0.024534
0.013166
0.004035
0.004631
-0.01209
-0.02447
-0.00238
0.008661
-0.00249
0.001979
0.001898
-0.01859
-0.02331
-0.00341
-0.00428
0.000246
0.026038
0.028484
0.009355
0.001625
-0.00785
-0.02579
-0.02601
-0.01184
-0.01329
-0.0089
0.010782
0.012158
0.000236
0.008657
0.012677
-0.00716
-0.01142
-0.00138
-0.01243
-0.01643
-0.00181
-0.00117
-0.00886
0.001546
0.00263
-0.01111
-0.00256
0.018762
0.018122
0.017735
0.027571
0.00539
-0.02566
-0.02366
-0.01869
-0.02679
-0.01311
0.01483
0.011442
0.005344
0.019657
0.014285
-0.0054
0.000107
0.006042
-0.01047
-0.00628
0.019926
0.013038
-0.00162
0.003745
-0.00718
-0.03236
-0.02374
-0.00796
-0.01573
-0.00405
0.020784
0.016696
0.007476
0.01887
0.012509
-0.0095
-0.00714
-0.00467
-0.02444
-0.02404
-0.00559
-0.00621
-0.01481
-0.00402
-0.00259
-0.01908
-0.01288
-0.00012
-0.01021
-0.00964
0.004559
-0.00287
-0.01213
0.001154
-0.00294
-0.01318
-0.00586
-0.00108
-0.01543
-0.01815
-0.01148
-0.02365
-0.03617
-0.02459
-0.02408
-0.03163
-0.01217
0.005759
-0.00316
-0.00947
-0.01429
-0.03907
-0.05003
-0.01966
0.009664
0.021818
0.04955
0.068631
0.050878
0.040196
0.03973
0.009451
-0.02254
-0.0236
-0.04553
-0.07678
-0.05911
-0.02353
-0.00344
0.025479
0.056712
0.057083
0.039949
0.036004
0.025524
-0.00517
-0.01229
-0.00769
-0.0284
-0.02858
-0.00319
-0.00037
-0.00299
0.014387
0.018708
0.003485
0.012793
0.022766
0.009532
0.00104
0.004169
-0.01035
-0.02358
-0.00828
0.000667
-0.00125
0.016525
0.033825
0.02143
0.013745
0.019183
0.00416
-0.01146
-0.00413
-0.00432
-0.01964
-0.01463
-0.00485
-0.01681
-0.01322
0.007237
-0.00055
-0.01363
-0.00342
-0.00548
-0.02424
-0.0167
-0.00714
-0.02706
-0.03843
-0.0357
-0.04305
-0.03754
0.001814
0.029699
0.036937
0.046557
0.038055
-0.01011
-0.04384
-0.04737
-0.05034
-0.03971
0.003852
0.033759
0.031812
0.032975
0.036809
0.011034
-0.00254
0.006687
-0.00319
-0.01522
-0.00818
-0.01354
-0.03209
-0.02642
-0.01164
-0.01432
-0.00449
0.014843
0.012136
0.007753
0.029351
0.042452
0.033678
0.0303
0.014315
-0.02598
-0.05322
-0.04853
-0.04804
-0.03673
0.010903
0.034344
0.025467
0.032961
0.03651
0.014399
0.006784
0.02649
0.014942
-0.01029
-0.01847
-0.03581
-0.06382
-0.06447
-0.03486
-0.01428
0.010131
0.045957
0.045662
0.024812
0.01378
-0.00246
-0.02977
-0.03904
-0.03546
-0.04565
-0.04551
-0.0309
-0.0316
-0.03509
-0.01502
-0.0015
-0.00646
0.001116
0.010176
-0.01322
-0.03272
-0.04142
-0.05796
-0.06761
-0.05067
-0.03807
-0.03985
-0.0268
-0.01672
-0.02949
-0.03917
-0.0306
-0.03827
-0.04239
-0.01291
0.005259
-0.00375
0.004142
0.010179
-0.01297
-0.025
-0.01259
-0.01908
-0.02395
0.003049
0.012656
-0.01026
-0.01199
-0.01017
-0.03494
-0.04694
-0.03169
-0.0454
-0.0738
-0.07461
-0.08068
-0.09302
-0.06808
-0.03194
-0.02557
-0.02488
-0.00872
-0.01537
-0.02904
-0.00732
0.019488
0.019971
0.037145
0.061195
0.054535
0.053455
0.076461
0.085022
0.086158
0.123305
0.17075
0.194832
0.21559
0.234446
0.208273
0.170831
0.145986
0.099161
0.04763
0.034754
0.084782
0.17994
0.270979
0.316118
0.28213
0.230735
0.207749
0.203489
0.222767
0.267685
0.288362
0.264845
0.250262
0.237238
0.204978
0.189115
0.199082
0.201108
0.197782
0.206759
0.19436
0.152465
0.135043
0.136724
0.121527
0.10957
0.107927
0.082047
0.043005
0.034064
0.023997
-0.0138
-0.03471
-0.06045
-0.11506
-0.16482
-0.1858
-0.21978
-0.28493
-0.33213
-0.37207
-0.40369
-0.40191
-0.39067
-0.40731
-0.38481
-0.30993
-0.28111
-0.27068
-0.26419
-0.30084
-0.32082
-0.28962
-0.2039
-0.18021
-0.27724
-0.38922
-0.46533
-0.47311
-0.39691
-0.30478
-0.25232
-0.2341
-0.2428
-0.25948
-0.24277
-0.19385
-0.16756
-0.15349
-0.11919
-0.09937
-0.10543
-0.10973
-0.10649
-0.11351
-0.07825
0.011278
0.114346
0.20177
0.288583
0.30661
0.21641
0.107064
0.055617
0.068638
0.179796
0.310853
0.424166
0.471263
0.441957
0.404965
0.355398
0.323579
0.305771
0.2447
0.157306
0.117241
0.106018
0.182302
0.276153
0.316678
0.324136
0.30259
0.289955
0.290973
0.262546
0.237675
0.191185
0.112368
0.063585
0.023052
0.015087
0.017079
0.009981
-0.02526
-0.04923
-0.06098
-0.10404
-0.15213
-0.16091
-0.19076
-0.22719
-0.20913
-0.17912
-0.15079
-0.10523
-0.04086
0.019948
0.044982
0.039125
-0.00626
-0.09805
-0.13835
-0.11134
-0.08425
-0.04413
-0.02143
-0.0635
-0.13688
-0.16879
-0.16002
-0.15264
-0.14851
-0.09528
-0.0294
0.010196
0.037844
0.020369
-0.02346
-0.0718
-0.14292
-0.19567
-0.19253
-0.16591
-0.12939
-0.0984
-0.0557
-0.03208
-0.03171
-0.01669
-0.01764
-0.04436
-0.04789
-0.04408
-0.04144
-0.03087
0.003789
0.020989
0.019644
0.023741
0.023809
-0.01111
-0.01134
0.004862
-0.01927
-0.05969
-0.09209
-0.12495
-0.1411
-0.10904
-0.0513
-0.00377
0.053817
0.109401
0.121131
0.10674
0.085118
0.030733
-0.02562
-0.04117
-0.02874
-0.01679
0.002886
0.060806
0.080807
0.065511
0.081521
0.071669
0.051081
0.053311
0.051575
0.022069
-0.0075
-0.01338
-0.00632
0.01839
0.039884
0.0461
0.031305
0.042277
0.035822
0.02509
0.032603
0.055486
0.074572
0.08738
0.088357
0.069544
0.046495
0.053686
0.06292
0.049648
0.068901
0.108107
0.092007
0.060978
0.028171
-0.00152
-0.00464
0.041899
0.129555
0.189303
0.236062
0.265922
0.245748
0.198368
0.158965
0.105056
0.06908
0.076791
0.098989
0.096408
0.067632
0.028808
-0.03729
-0.11384
-0.12932
-0.13206
-0.12041
-0.07288
-0.03463
-0.03391
-0.03833
-0.04953
-0.08035
-0.09965
-0.06558
-0.01336
-0.00103
0.019588
0.046341
0.016446
-0.02539
-0.04426
-0.0781
-0.11128
-0.10365
-0.07677
-0.06245
-0.03112
-0.00828
-0.01337
-0.01837
-0.01813
-0.05262
-0.08926
-0.10231
-0.10615
-0.12372
-0.11
-0.07512
-0.05044
-0.01705
0.000969
-0.00258
-0.00528
0.001276
0.011492
0.034202
0.081033
0.099363
0.059468
0.006715
-0.04317
-0.09361
-0.10761
-0.05722
-0.00921
0.005642
0.026089
0.026776
0.00791
0.019184
0.08124
0.108064
0.099944
0.091905
0.069261
0.037891
0.040869
0.064932
0.065015
0.042218
0.023152
-0.01573
-0.05498
-0.06421
-0.05305
-0.03478
-0.01239
0.009162
0.005791
0.013608
0.034352
0.046239
0.036275
0.033397
0.027619
0.003473
-0.01847
-0.05679
-0.10528
-0.11135
-0.09793
-0.11176
-0.10849
-0.08331
-0.06874
-0.06312
-0.0306
0.015723
0.017533
0.031953
0.060176
0.050761
0.007253
-0.08783
-0.1978
-0.28069
-0.3004
-0.27911
-0.25046
-0.23367
-0.1802
-0.16179
-0.18298
-0.15683
-0.13521
-0.11
-0.06089
0.000643
0.057151
0.112424
0.120393
0.10873
0.093833
0.095349
0.095755
0.074874
0.060503
0.033357
-0.04307
-0.08547
-0.0787
-0.04796
-0.01255
0.06766
0.152916
0.185805
0.183439
0.174824
0.145803
0.127781
0.116329
0.077008
0.069003
0.075987
0.067206
0.019489
0.039994
0.056978
-0.01407
-0.04797
-0.0198
-0.03995
-0.0724
-0.02289
0.006512
0.027741
0.041911
0.092945
0.1005
0.052011
-0.00495
-0.03701
-0.04533
-0.02219
-0.03972
-0.00484
0.106162
0.17401
0.141928
0.066485
0.017238
-0.01568
-0.00303
0.028419
0.091765
0.157354
0.196443
0.147096
0.073364
0.067438
0.161241
0.24442
0.200812
0.191673
0.147199
-0.0144
-0.10304
-0.10338
-0.05001
0.087057
0.155741
0.137589
0.123189
0.09583
0.05518
-0.03751
-0.13162
-0.04235
0.04327
0.115607
0.205545
0.251457
0.272121
0.289955
0.157625
0.015523
-0.02545
-0.0351
0.098156
0.145512
0.137655
0.087969
0.015047
-0.01855
-0.17954
-0.31554
-0.35391
-0.32363
-0.26929
-0.25799
-0.29875
-0.27675
-0.33965
-0.34401
-0.23367
-0.18737
-0.08391
0.053105
0.008227
-0.00543
-0.06682
-0.17408
-0.2907
-0.31396
-0.29631
-0.26104
-0.19558
-0.19768
-0.22063
-0.28823
-0.31182
-0.26557
-0.21827
-0.10125
-0.03579
-0.1184
-0.19797
-0.20845
-0.21565
-0.19722
-0.11025
-0.07251
-0.12022
-0.17973
-0.23615
-0.22275
-0.1328
-0.02562
-0.02486
-0.12559
-0.19496
-0.22055
-0.15892
-0.05121
0.04038
0.05909
0.013277
-0.09385
-0.19736
-0.13465
0.019566
0.176793
0.251389
0.214234
0.14552
0.080823
-0.00685
0.072589
0.15599
0.210326
0.235026
0.25205
0.221948
0.204381
0.166927
0.134859
0.197781
0.31001
0.277946
0.181647
0.149543
0.098868
0.137621
0.14717
0.155429
0.131484
0.125846
0.102624
0.042511
-0.02237
-0.01144
0.076168
0.124695
0.258176
0.282965
0.240067
0.186496
0.15115
0.135193
0.064568
0.041686
0.035518
-0.0178
-0.0814
-0.07305
-0.06629
-0.02493
-0.01536
0.001323
0.089159
0.177659
0.184138
0.1522
0.113524
0.0639
0.014178
-0.01812
-0.01827
-0.02602
-0.05158
-0.08112
-0.09808
-0.06221
-0.07252
-0.16363
-0.19711
-0.19337
-0.1227
-0.11998
-0.18559
-0.11352
-0.11868
-0.20661
-0.19569
-0.16493
-0.12535
-0.00101
0.104669
0.181395
0.190918
0.173058
0.02059
-0.1667
-0.31206
-0.40728
-0.41708
-0.29309
-0.15157
0.029312
0.144936
0.257889
0.362224
0.409027
0.384633
0.328277
0.170821
-0.08197
-0.26016
-0.38003
-0.39886
-0.31869
-0.20314
0.016269
0.231785
0.278283
0.248767
0.211747
0.170822
0.16215
0.235023
0.312349
0.316954
0.240316
0.179434
0.116332
0.014686
-0.06735
-0.08106
-0.07159
0.010607
0.094023
0.099625
0.107144
0.180358
0.234509
0.21973
0.283527
0.311513
0.201491
0.041855
-0.06032
-0.1944
-0.46778
-0.65177
-0.70992
-0.69714
-0.51364
-0.24049
0.054278
0.407445
0.761563
1.031933
1.089459
0.84965
0.618268
0.426051
0.366633
0.365802
0.320887
0.254302
0.214633
0.113893
-0.11549
-0.37001
-0.56475
-0.71919
-0.66303
-0.44392
-0.12987
0.204556
0.489881
0.627017
0.575454
0.533073
0.478649
0.436875
0.44249
0.461072
0.426287
0.37937
0.229238
0.01504
-0.20111
-0.41309
-0.64843
-0.87145
-0.9301
-0.85433
-0.72285
-0.59067
-0.45125
-0.35862
-0.22293
-0.09469
-0.00709
-0.04055
-0.05084
-0.09557
-0.18293
-0.28992
-0.33675
-0.34304
-0.26621
-0.09453
0.06039
0.230865
0.329699
0.448219
0.603087
0.743011
0.798148
0.811095
0.739496
0.743518
0.816579
0.738898
0.674321
0.591898
0.499114
0.43899
0.42212
0.466338
0.502871
0.484323
0.446526
0.232834
0.011053
-0.16485
-0.32794
-0.3765
-0.37043
-0.38168
-0.29779
-0.26838
-0.27841
-0.32821
-0.41414
-0.39425
-0.27988
-0.15636
0.010779
0.139533
0.200226
0.280225
0.303667
0.163756
0.027515
-0.11508
-0.27245
-0.44518
-0.62123
-0.68908
-0.74702
-0.67883
-0.53356
-0.45506
-0.40377
-0.40821
-0.43622
-0.42363
-0.38412
-0.35584
-0.26723
-0.13655
0.017554
0.058189
-0.02804
-0.13434
-0.22166
-0.17841
-0.04491
0.132343
0.345298
0.437197
0.416591
0.216554
-0.05721
-0.23113
-0.40426
-0.53351
-0.58814
-0.57287
-0.47402
-0.30081
-0.29677
-0.39015
-0.49373
-0.59056
-0.63405
-0.6517
-0.66096
-0.60403
-0.48902
-0.26655
-0.066
0.152291
0.190709
0.18713
0.101878
-0.10345
-0.34216
-0.46276
-0.4998
-0.41559
-0.29234
-0.26049
-0.26583
-0.26364
-0.31668
-0.28901
-0.17146
-0.06947
-0.01795
-0.06367
-0.10368
-0.15024
-0.12289
0.02278
0.136014
0.241344
0.293956
0.254787
0.253214
0.266211
0.269201
0.317182
0.377363
0.482931
0.568295
0.590074
0.599788
0.643061
0.551237
0.444581
0.286903
0.119074
-0.013
-0.11763
-0.22997
-0.32235
-0.41863
-0.49467
-0.47694
-0.40131
-0.37905
-0.3769
-0.31253
-0.3151
-0.32701
-0.24878
-0.07292
0.140489
0.379667
0.619887
0.700345
0.622784
0.540881
0.561391
0.592909
0.55862
0.408213
0.205024
-0.06913
-0.27775
-0.41768
-0.52258
-0.62246
-0.64725
-0.59461
-0.54071
-0.46871
-0.45305
-0.44991
-0.37847
-0.26757
-0.07303
0.205346
0.421176
0.544776
0.656296
0.754158
0.787042
0.689741
0.537682
0.388378
0.24709
0.140815
0.063808
0.016303
-0.00231
-0.04196
-0.06412
-0.05561
-0.04301
0.010098
0.04488
0.057484
0.093866
0.126713
0.087315
0.068155
0.050614
0.101154
0.232729
0.350711
0.466056
0.497858
0.43772
0.307669
0.21541
0.226985
0.214547
0.16959
0.12778
0.15224
0.200886
0.244088
0.329729
0.379583
0.409439
0.435066
0.396544
0.340136
0.337563
0.330484
0.316019
0.294535
0.276418
0.253112
0.191628
0.149601
0.112316
0.009023
-0.04475
-0.04786
-0.1089
-0.2147
-0.32113
-0.46844
-0.62491
-0.69773
-0.69533
-0.63402
-0.48173
-0.25811
-0.12408
-0.02302
0.027521
0.055634
0.084029
0.070988
0.018775
-0.04106
-0.10625
-0.16993
-0.25685
-0.33818
-0.38791
-0.48805
-0.4747
-0.41716
-0.39373
-0.44695
-0.42883
-0.32903
-0.19838
-0.07437
0.064888
0.174612
0.277045
0.422568
0.520337
0.52926
0.521757
0.441427
0.298161
0.118333
-0.0305
-0.15282
-0.24752
-0.31311
-0.3006
-0.2485
-0.1723
-0.07867
-0.01238
0.03105
0.063264
0.128
0.162296
0.182525
0.170315
0.136857
0.10579
0.072533
0.07549
0.212939
0.366193
0.450726
0.446529
0.387349
0.356669
0.343198
0.39546
0.421034
0.404199
0.326373
0.219252
0.106334
0.029092
-0.01546
-0.09353
-0.18194
-0.29241
-0.41964
-0.52245
-0.54265
-0.48433
-0.41086
-0.33587
-0.20843
-0.08884
-0.0154
0.075384
0.215039
0.323825
0.397396
0.308667
0.116662
-0.06995
-0.15034
-0.13996
-0.0469
-0.009
-0.04634
-0.11901
-0.20933
-0.33506
-0.43564
-0.50948
-0.47104
-0.40466
-0.29604
-0.18475
-0.17071
-0.25659
-0.26648
-0.093
0.142193
0.359565
0.465248
0.342128
0.09496
-0.12064
-0.31099
-0.48354
-0.52086
-0.47065
-0.38071
-0.33929
-0.38418
-0.45328
-0.4992
-0.48287
-0.425
-0.32787
-0.19101
-0.00837
0.141714
0.250871
0.304471
0.309831
0.236901
0.155516
0.079584
-0.03341
-0.16404
-0.24916
-0.30381
-0.35347
-0.33471
-0.28345
-0.24637
-0.19137
-0.09825
0.070969
0.273056
0.478995
0.623465
0.627744
0.561791
0.472964
0.413566
0.415704
0.43872
0.465049
0.4427
0.37644
0.343177
0.295358
0.194692
0.082991
-0.08323
-0.25439
-0.30784
-0.28133
-0.16907
0.069312
0.329349
0.485001
0.579281
0.570081
0.423498
0.253835
0.096214
-0.04499
-0.1196
-0.13106
-0.15565
-0.19428
-0.25138
-0.32479
-0.39198
-0.40189
-0.28249
-0.06447
0.21182
0.470842
0.603296
0.574518
0.428065
0.25671
0.14019
0.124715
0.16203
0.212553
0.265921
0.245772
0.161796
0.042619
-0.02349
-0.02103
-0.00056
0.038045
0.085844
0.100495
0.08307
0.057075
-0.00089
-0.08606
-0.13566
-0.16371
-0.18338
-0.21874
-0.26568
-0.3318
-0.35535
-0.31325
-0.27243
-0.19958
-0.04936
0.094991
0.259786
0.400272
0.497984
0.549071
0.499676
0.446454
0.385352
0.294597
0.225835
0.171692
0.093754
-0.02765
-0.15304
-0.21749
-0.2121
-0.11017
-0.02154
-0.03793
-0.04501
-0.02749
-0.06108
-0.11087
-0.15988
-0.24124
-0.32625
-0.36741
-0.30661
-0.19792
-0.08831
0.003763
0.032281
-0.03052
-0.12635
-0.22678
-0.27181
-0.23703
-0.12978
-0.0113
0.086304
0.162054
0.203376
0.223225
0.21743
0.166367
0.064344
-0.03785
-0.11729
-0.13345
-0.06264
0.017986
0.034816
0.023483
-0.00561
-0.07894
-0.16817
-0.17212
-0.15188
-0.12646
-0.05196
0.035726
0.036181
-0.00999
-0.08012
-0.16549
-0.24331
-0.2293
-0.15495
-0.1132
-0.10676
-0.14218
-0.23071
-0.29783
-0.31367
-0.35514
-0.41648
-0.4256
-0.36248
-0.29063
-0.26241
-0.2248
-0.19736
-0.1422
-0.04042
0.110707
0.278369
0.410235
0.483121
0.49211
0.433202
0.344884
0.196181
0.042395
-0.04241
-0.11101
-0.18959
-0.24701
-0.26294
-0.25041
-0.18477
-0.08667
0.047556
0.180871
0.281191
0.316625
0.291681
0.239678
0.196997
0.151999
0.127477
0.108273
0.071227
0.008676
-0.05905
-0.12649
-0.17022
-0.14099
-0.07428
0.002268
0.096403
0.15156
0.120044
0.087891
0.062927
0.016093
-0.04194
-0.08002
-0.10911
-0.1452
-0.14984
-0.10316
-0.08254
-0.0866
-0.06897
-0.03803
-0.02944
-0.03079
-0.02067
-0.03475
-0.05871
-0.06201
-0.05608
-0.03803
-0.00873
0.008825
0.01046
0.010297
0.022968
0.032746
0.050003
0.059134
0.046433
0.044147
0.031155
-0.01571
-0.05941
-0.09254
-0.13937
-0.20623
-0.2268
-0.21634
-0.23994
-0.24747
-0.21832
-0.15694
-0.07301
0.044074
0.177968
0.255888
0.248222
0.21523
0.136261
0.053888
0.019039
-0.00802
-0.02327
-0.00624
0.009664
0.008131
0.035146
0.096344
0.141124
0.185589
0.246307
0.295406
0.307006
0.279967
0.227002
0.14816
0.05792
0.01993
0.072541
0.167367
0.267897
0.31954
0.272276
0.175078
0.106991
0.064965
0.045952
0.028377
-0.00647
-0.03679
-0.06202
-0.11898
-0.19441
-0.2765
-0.34857
-0.40014
-0.37287
-0.28291
-0.15813
-0.04713
0.047311
0.101272
0.123646
0.139301
0.124012
0.064002
0.022476
-0.03329
-0.08833
-0.11428
-0.0977
-0.08364
-0.08082
-0.03672
-0.00781
0.00522
0.038346
0.090206
0.08248
0.046523
0.029283
0.002061
-0.04404
-0.0485
-0.02624
-0.01164
0.004352
0.018913
0.013646
0.016899
0.057718
0.10146
0.114687
0.03106
-0.06702
-0.15041
-0.19301
-0.20224
-0.17027
-0.11872
-0.02143
0.043721
0.053091
0.063529
0.027734
-0.02372
-0.04545
-0.08239
-0.11324
-0.09996
-0.09401
-0.08877
-0.08956
-0.08195
-0.07744
-0.07876
-0.05075
0.010814
0.03119
0.05889
0.134481
0.171949
0.181426
0.235176
0.265476
0.245607
0.186489
0.134516
0.119801
0.156036
0.210633
0.224387
0.172728
0.113685
0.056597
-0.02616
-0.04748
-0.01608
0.000996
0.006337
0.018469
0.000301
-0.03262
-0.07854
-0.05986
-0.0132
0.038892
0.065541
0.026486
-0.02999
-0.10317
-0.14809
-0.13914
-0.12062
-0.09689
-0.07467
-0.06487
-0.03316
-0.04959
-0.0869
-0.07472
-0.07566
-0.07616
-0.03891
-0.02933
-0.02919
-0.02202
-0.03698
-0.13493
-0.22965
-0.26071
-0.23252
-0.19069
-0.14323
-0.11285
-0.13882
-0.16364
-0.15408
-0.1329
-0.09272
-0.02183
0.036143
0.040643
0.02723
0.008335
-0.01868
-0.012
0.028728
0.052702
0.05173
0.038318
0.036533
0.049341
0.083213
0.129051
0.161263
0.192137
0.20692
0.188421
0.163583
0.146039
0.111924
0.09879
0.096757
0.049117
-0.01605
-0.02679
0.036484
0.086499
0.123039
0.174673
0.138733
0.06201
0.026739
0.010744
-0.02033
-0.03703
-0.02338
0.0033
-0.0051
0.025474
0.078532
0.087646
0.095955
0.094913
0.042211
0.002651
0.008257
0.020268
0.042418
0.078658
0.094577
0.058651
0.012953
-0.02565
-0.08462
-0.09977
-0.07868
-0.07298
-0.07154
-0.06061
-0.07361
-0.10378
-0.14736
-0.17305
-0.19954
-0.18424
-0.10931
-0.02892
0.040101
0.099302
0.120499
0.093401
0.03995
-0.03115
-0.07561
-0.08035
-0.05241
-0.007
0.052507
0.115051
0.156626
0.160762
0.145735
0.098255
0.032134
-0.01913
-0.05601
-0.0985
-0.13046
-0.14955
-0.18175
-0.23869
-0.30912
-0.35579
-0.34813
-0.30226
-0.18891
-0.06628
0.011935
0.078639
0.096621
0.074317
0.040551
-0.00652
-0.05665
-0.08986
-0.10628
-0.11098
-0.07548
0.015532
0.095703
0.107367
0.055467
-0.04787
-0.16928
-0.21648
-0.16609
-0.0853
-0.02621
0.026243
0.068801
0.063024
0.042529
0.020204
-0.0393
-0.09963
-0.11248
-0.10612
-0.09399
-0.0941
-0.05726
-0.04602
-0.07274
-0.07871
-0.12406
-0.13525
-0.11247
-0.08864
-0.05561
-0.00362
-0.002
-0.02433
-0.01684
-0.02969
-0.08661
-0.12203
-0.15464
-0.21298
-0.23458
-0.18168
-0.1422
-0.11413
-0.02856
0.047998
0.043104
0.003056
0.025669
0.113142
0.200579
0.26154
0.293256
0.295336
0.250522
0.180257
0.11648
0.118415
0.169449
0.171095
0.191579
0.229623
0.240644
0.230944
0.236544
0.237218
0.230904
0.228351
0.256414
0.277809
0.238831
0.226865
0.200085
0.161074
0.14087
0.15665
0.185306
0.149101
0.108009
0.101319
0.11673
0.163269
0.200985
0.2105
0.168029
0.11948
0.047392
-0.00646
-0.01697
-0.00296
0.005404
0.006077
-0.01716
-0.04956
-0.04595
-0.02279
0.011859
0.067279
0.118316
0.125991
0.133079
0.165708
0.179685
0.169086
0.171727
0.173993
0.148007
0.102064
0.082229
0.052761
0.008637
0.000223
-0.00289
-0.03184
-0.07909
-0.12276
-0.15225
-0.16946
-0.14777
-0.12614
-0.14736
-0.16058
-0.18099
-0.21853
-0.19974
-0.15859
-0.13513
-0.12586
-0.13825
-0.1746
-0.22106
-0.22096
-0.19506
-0.18193
-0.16307
-0.15761
-0.1752
-0.19459
-0.17127
-0.11569
-0.06069
-0.00691
0.044191
0.059397
0.04338
0.000563
-0.08793
-0.12509
-0.09484
-0.0372
0.02268
0.080196
0.091796
0.069441
0.065949
0.064484
0.029073
-0.01291
-0.03719
-0.06702
-0.07713
-0.04464
-0.00361
0.017042
0.017687
0.0141
0.010403
-0.00127
0.015339
0.028977
0.001723
-0.01111
-0.00447
0.009145
0.05952
0.128417
0.19748
0.267446
0.325099
0.328502
0.29037
0.231695
0.167236
0.083296
0.017487
-0.01277
-0.02506
-0.0723
-0.1289
-0.16976
-0.17783
-0.18615
-0.18714
-0.18034
-0.14392
-0.09761
-0.02537
0.061208
0.102327
0.070453
-0.00375
-0.03954
-0.07288
-0.07888
-0.00962
0.068934
0.090789
0.065334
-0.00236
-0.07134
-0.11532
-0.11548
-0.08832
-0.05242
-0.00716
0.088211
0.121197
0.11229
0.092663
0.06452
0.021102
0.002981
0.019498
0.012416
-0.03171
-0.07032
-0.1223
-0.16889
-0.16454
-0.16179
-0.14813
-0.10162
-0.05735
-0.03373
0.009329
0.071061
0.111364
0.118393
0.123178
0.112791
0.133833
0.192814
0.287091
0.324169
0.289835
0.214556
0.114262
0.053835
0.048177
0.059538
0.073879
0.105131
0.136916
0.127832
0.096833
0.100981
0.126981
0.112203
0.097563
0.097079
0.102378
0.119814
0.148207
0.169811
0.161781
0.078859
-0.07838
-0.20581
-0.3537
-0.48994
-0.52216
-0.39548
-0.22785
-0.13619
-0.08359
-0.02722
-0.01439
0.013661
0.078294
0.151368
0.160347
0.149637
0.13549
0.075273
0.00686
-0.03143
-0.08151
-0.10622
-0.04383
-0.01043
-0.06131
-0.1415
-0.13897
-0.10605
-0.02585
0.051239
0.106301
0.128059
0.069532
-0.10971
-0.15569
-0.10622
-0.00888
0.026273
0.020137
-0.04735
-0.15294
-0.25778
-0.3108
-0.30545
-0.26338
-0.20006
-0.08558
-0.06285
-0.07176
-0.0934
-0.14326
-0.17691
-0.09279
0.0371
0.080753
0.07212
-0.01477
-0.10899
-0.16559
-0.17551
-0.1813
-0.14792
-0.12221
-0.0595
-0.02755
-0.05202
-0.06571
-0.07344
-0.03006
0.043026
0.069477
0.074373
0.056948
-0.04738
-0.16117
-0.19502
-0.16544
-0.0997
0.023097
0.129225
0.191046
0.18699
0.152677
0.091092
-0.00947
-0.12094
-0.20259
-0.25138
-0.22988
-0.15462
-0.1115
-0.08376
-0.08843
-0.09098
-0.07501
-0.0463
-0.00434
0.045343
0.091516
0.124247
0.127686
0.104828
0.072688
0.034058
0.015145
0.048132
0.080315
0.086396
0.114089
0.172319
0.184771
0.141344
0.104451
0.068107
0.054366
0.079054
0.148343
0.219405
0.248667
0.248149
0.209698
0.121371
0.046039
-0.01454
-0.05306
-0.0421
-0.06748
-0.12946
-0.15539
-0.16284
-0.14022
-0.08325
-0.00099
0.059923
0.038309
0.009975
0.013337
0.008977
0.054723
0.111386
0.133203
0.111985
0.058309
-0.01943
-0.08627
-0.13233
-0.13071
-0.10369
-0.04619
0.025378
0.025634
-0.02305
-0.08304
-0.15668
-0.21783
-0.23316
-0.20994
-0.18833
-0.15779
-0.09401
-0.03903
0.005258
0.048821
0.110359
0.154251
0.198903
0.212247
0.197318
0.165181
0.112104
0.049588
0.009991
0.032522
0.048749
0.023873
-0.00684
-0.08026
-0.19093
-0.27911
-0.28027
-0.18243
-0.02636
0.144076
0.256592
0.274465
0.230745
0.183743
0.109655
0.037359
0.028847
0.065767
0.086933
0.09334
0.063831
-0.00081
-0.1103
-0.19516
-0.24377
-0.21291
-0.12448
-0.0306
0.043569
0.112558
0.1249
0.087916
0.047304
0.017945
0.020653
0.045143
0.086847
0.10062
0.106117
0.130877
0.126779
0.080259
0.041685
0.008224
-0.03787
-0.06596
-0.05248
-0.03606
-0.02048
0.017935
0.061054
0.061974
0.054947
0.051379
0.04162
0.012545
-0.00015
-0.00152
-0.01312
-0.02436
-0.03124
-0.02003
0.045812
0.133982
0.19399
0.218696
0.20287
0.094814
0.000943
-0.01523
0.023953
0.064457
0.078045
0.095823
0.071045
0.034113
0.034311
0.06031
0.091294
0.1324
0.133563
0.104427
0.083921
0.05043
0.03691
0.02492
0.004889
-0.01661
-0.04003
-0.03783
-0.03362
-0.07946
-0.11943
-0.15985
-0.19154
-0.17607
-0.1076
-0.04574
-0.00407
0.016469
0.003036
-0.05161
-0.10855
-0.15006
-0.17729
-0.16072
-0.105
-0.04971
-0.00419
0.01993
0.02014
0.00623
-0.00733
-0.01447
-0.04158
-0.06514
-0.05733
-0.03193
0.006969
0.055129
0.082297
0.064183
0.016373
-0.03497
-0.09147
-0.10596
-0.05298
0.003594
0.041397
0.076285
0.076962
0.039421
-0.00156
-0.02101
-0.03869
-0.0383
-0.01796
-0.00122
-0.01507
-0.03344
-0.05714
-0.08953
-0.10302
-0.11584
-0.17173
-0.24819
-0.285
-0.25549
-0.17626
-0.08013
-2.5E-05
0.037032
0.049062
0.057953
0.049557
0.055057
0.066481
0.034545
-0.01873
-0.0438
-0.05423
-0.05493
-0.02209
0.025887
0.051565
0.062763
0.070823
0.058263
0.029569
0.013612
0.001451
-0.02554
-0.04553
-0.04109
-0.04768
-0.05944
-0.04194
-0.0281
-0.01288
0.025057
0.059344
0.072951
0.083321
0.086872
0.067642
0.061744
0.085766
0.107049
0.117234
0.131919
0.135667
0.118233
0.105098
0.102769
0.082592
0.041232
0.015428
0.008093
0.023164
0.065577
0.111839
0.106232
0.081156
0.062943
0.035416
0.007775
-0.00556
-0.04033
-0.11099
-0.17459
-0.21309
-0.2357
-0.21712
-0.15283
-0.08486
-0.01816
0.032121
0.028473
-0.00439
-0.02686
-0.03115
-0.0164
0.00375
0.010985
-0.02857
-0.09991
-0.15361
-0.19135
-0.20015
-0.15966
-0.11074
-0.09496
-0.09852
-0.09451
-0.09233
-0.07303
-0.00942
0.044374
0.071417
0.106657
0.10933
0.07113
0.052459
0.046212
0.031901
0.019348
0.018105
0.009976
-0.01357
-0.00973
0.022291
0.053542
0.084564
0.112747
0.119905
0.108487
0.109843
0.112135
0.11872
0.141299
0.153681
0.116055
0.068938
0.035155
0.007746
-0.00731
0.008664
0.012504
0.011316
0.044696
0.105904
0.148516
0.160982
0.143217
0.107826
0.097191
0.136626
0.178169
0.196976
0.200157
0.170167
0.097504
0.032936
0.012474
0.017914
0.047979
0.117482
0.176348
0.184123
0.161771
0.110792
0.031488
-0.02063
-0.02292
-0.01157
0.008075
0.041311
0.050109
0.032105
0.025283
0.031693
0.039452
0.068141
0.095529
0.101849
0.103275
0.107764
0.102558
0.08208
0.068153
0.054107
0.029003
0.017337
0.029739
0.031222
0.029936
0.041348
0.034204
-0.00452
-0.0344
-0.04805
-0.06746
-0.06729
-0.05639
-0.06738
-0.10164
-0.13423
-0.17345
-0.22133
-0.23719
-0.23875
-0.23556
-0.20398
-0.15521
-0.11292
-0.07648
-0.02806
0.007342
0.008113
0.004003
-0.01647
-0.07338
-0.12057
-0.13278
-0.13881
-0.14469
-0.13834
-0.1591
-0.21648
-0.25713
-0.25629
-0.22782
-0.1549
-0.04614
0.021927
0.026795
-0.01132
-0.07031
-0.10931
-0.09904
-0.07743
-0.08437
-0.11061
-0.13617
-0.16265
-0.16958
-0.14223
-0.10335
-0.06623
-0.02333
0.023816
0.040937
0.045235
0.056923
0.050319
0.035663
0.038066
0.022525
-0.01577
-0.04363
-0.07386
-0.1051
-0.12125
-0.11473
-0.1133
-0.11604
-0.10167
-0.08922
-0.07167
-0.0398
-0.00905
0.01237
0.042943
0.078745
0.087053
0.09132
0.089088
0.069486
0.026849
0.015329
0.023215
0.014994
0.007968
0.024986
0.039715
0.042664
0.069212
0.0918
0.104144
0.119828
0.137164
0.141687
0.137703
0.135527
0.119025
0.102222
0.100595
0.081175
0.050563
0.03778
0.028388
0.016781
0.013676
0.031555
0.038374
0.02759
0.022503
0.01019
-0.03063
-0.0504
-0.03899
-0.0335
-0.01449
0.025286
0.049436
0.06555
0.086084
0.097029
0.084098
0.07512
0.065437
0.036587
0.014258
0.010024
-0.00082
-0.01676
-0.01422
-0.01236
-0.01365
5.55E-06
0.02193
0.034831
0.042314
0.049474
0.047999
0.045225
0.062003
0.075381
0.065059
0.052863
0.043729
0.017838
0.016263
0.044468
0.065311
0.067204
0.072005
0.066068
0.030531
-0.00288
-0.02666
-0.04759
-0.04052
-0.00177
0.036118
0.053245
0.081892
0.098265
0.097758
0.090545
0.075349
0.043363
0.016627
0.007565
-0.02224
-0.06138
-0.08592
-0.11634
-0.16925
-0.19371
-0.18018
-0.16693
-0.14048
-0.09566
-0.07097
-0.05866
-0.03568
-0.01023
0.003932
0.019807
0.039283
0.024181
0.005766
-0.00078
-0.02308
-0.04729
-0.04991
-0.04243
-0.04512
-0.03521
-0.01679
-0.01307
-0.0071
0.009645
0.008371
-0.0067
-0.00821
-0.01516
-0.03319
-0.03593
-0.02909
-0.04131
-0.04627
-0.04888
-0.07396
-0.10858
-0.11529
-0.11248
-0.12343
-0.12557
-0.11774
-0.13085
-0.14147
-0.12801
-0.11235
-0.10129
-0.07887
-0.06132
-0.051
-0.03222
-0.00586
-0.0029
-0.0089
0.001673
-0.00665
-0.00334
0.037327
0.074037
0.088947
0.099079
0.100425
0.074427
0.045082
0.041193
0.043463
0.049193
0.078444
0.098973
0.085186
0.065805
0.051211
0.015045
-0.02551
-0.0336
-0.03786
-0.04503
-0.03236
-0.00935
-0.00429
0.007245
0.020394
0.017363
0.018602
0.038066
0.063248
0.080061
0.095938
0.094261
0.065722
0.038699
0.020977
0.002165
-0.01056
-0.004
-0.00112
-0.00855
0.000317
0.001664
-0.01513
-0.02296
-0.02633
-0.04441
-0.06244
-0.04998
-0.03133
-0.03167
-0.03381
-0.05133
-0.07365
-0.06435
-0.03184
-0.00697
0.035344
0.085056
0.106395
0.095652
0.097142
0.104623
0.095616
0.102097
0.119735
0.10977
0.087767
0.069199
0.039972
0.010673
0.009201
0.017407
0.009029
0.002953
0.002084
-0.01295
-0.02639
-0.00717
0.005248
0.006387
0.01799
0.021878
0.006259
-0.01041
-0.01147
-0.03054
-0.0435
-0.03636
-0.03897
-0.04642
-0.03247
-0.01422
-0.00529
0.008684
0.032743
0.035087
0.03108
0.044018
0.051061
0.047356
0.056987
0.063543
0.043096
0.021824
0.020163
0.019834
0.022826
0.037725
0.048799
0.053659
0.067374
0.078991
0.066479
0.057914
0.057505
0.043049
0.036709
0.047958
0.051274
0.044275
0.054833
0.058619
0.033568
0.016113
0.010204
-0.01378
-0.04206
-0.05882
-0.07659
-0.09135
-0.08746
-0.07785
-0.07277
-0.05833
-0.03066
-0.02291
-0.02641
-0.01634
-0.01761
-0.02955
-0.0167
0.007838
0.024066
0.038521
0.053515
0.033576
-0.01004
-0.04107
-0.06774
-0.09397
-0.09614
-0.09076
-0.08276
-0.05842
-0.0181
-0.00021
0.019043
0.04982
0.069415
0.073918
0.086871
0.10156
0.083183
0.060204
0.050733
0.022015
-0.01791
-0.04411
-0.06696
-0.08737
-0.08493
-0.0649
-0.05567
-0.05166
-0.02866
-0.01987
-0.01663
0.003209
0.006103
-0.00287
-0.0078
-0.00893
-0.02008
-0.02026
-0.0025
0.00528
0.002858
0.006372
-0.00401
-0.02999
-0.04046
-0.03944
-0.03992
-0.03186
-0.01284
-0.01685
-0.03282
-0.03028
-0.03178
-0.04366
-0.02801
-0.00244
7.28E-05
0.001664
0.004855
-0.01741
-0.05044
-0.06696
-0.07047
-0.07411
-0.05433
-0.03011
-0.03367
-0.03505
-0.02092
-0.01141
-0.00477
0.016623
0.025251
0.011185
0.013641
0.024336
0.018348
0.019382
0.041094
0.050295
0.055994
0.073263
0.07178
0.047175
0.03409
0.034248
0.028586
0.02982
0.043743
0.041469
0.026339
0.022239
0.014709
-0.00643
-0.00845
-0.00138
-0.00439
0.000647
0.023249
0.041855
0.070436
0.125511
0.176836
0.200515
0.218518
0.210928
0.163044
0.107765
0.061676
0.007335
-0.02942
-0.0431
-0.05893
-0.09073
-0.09289
-0.06911
-0.06072
-0.04421
-0.02129
-0.02235
-0.02557
-0.01039
0.009508
0.019868
0.036247
0.05732
0.046229
0.026035
0.023272
0.025098
0.029104
0.052967
0.069657
0.055228
0.037301
0.014068
-0.02543
-0.06389
-0.08478
-0.09817
-0.09679
-0.07611
-0.0597
-0.07424
-0.08476
-0.08499
-0.09068
-0.07552
-0.04703
-0.03274
-0.0329
-0.02085
-0.00809
-0.01021
0.007142
0.033083
0.042976
0.054085
0.0729
0.069779
0.047182
0.033351
0.01013
-0.02276
-0.04072
-0.0529
-0.0813
-0.09723
-0.07495
-0.05352
-0.03633
-0.00449
0.014312
0.017536
0.035277
0.078199
0.099985
0.111248
0.117056
0.095922
0.045504
0.009389
-0.01628
-0.04266
-0.04753
-0.04302
-0.04969
-0.04901
-0.0304
-0.01761
-0.01214
-0.00154
-0.00307
-0.02913
-0.04504
-0.04371
-0.05025
-0.04923
-0.037
-0.04385
-0.05792
-0.05509
-0.0538
-0.06055
-0.04708
-0.02266
-0.01301
-0.00405
0.011461
0.015037
0.000494
-0.00577
-0.02611
-0.07011
-0.1001
-0.09955
-0.09039
-0.068
-0.03745
-0.03806
-0.06912
-0.09054
-0.11079
-0.1224
-0.10082
-0.0651
-0.0458
-0.03028
-0.00643
-0.00445
-0.0059
0.007504
0.022776
0.018686
0.017148
0.014491
-0.02006
-0.05591
-0.06445
-0.06605
-0.05797
-0.02846
-0.00622
-0.01474
-0.02483
-0.03701
-0.06293
-0.08142
-0.06013
-0.03033
-0.00551
0.01851
0.027217
0.005925
-0.01177
-0.01247
-0.00927
0.012301
0.051206
0.081054
0.092754
0.091565
0.067565
0.020202
-0.00678
-0.01095
-0.01512
-0.00427
0.023785
0.03666
0.025627
0.020152
0.010453
-0.00968
-0.00059
0.032167
0.043341
0.055872
0.067132
0.050376
0.017745
0.001541
0.000161
-0.0047
0.004874
0.02955
0.040457
0.042856
0.055312
0.047398
0.023861
0.018526
0.02508
0.021851
0.02499
0.032585
0.020869
0.01597
0.032377
0.042491
0.042996
0.052738
0.050028
0.025055
0.01687
0.022164
0.017272
0.010296
0.012918
-3.9E-05
-0.02326
-0.0325
-0.03573
-0.04331
-0.02771
0.009275
0.026124
0.027708
0.030878
0.013935
-0.01498
-0.02627
-0.03347
-0.05516
-0.0635
-0.06354
-0.08952
-0.11021
-0.10955
-0.10072
-0.08761
-0.04823
-0.00333
0.016501
0.035501
0.056697
0.050826
0.043663
0.048353
0.047703
0.034211
0.030463
0.027077
0.010514
0.006016
0.02169
0.022269
0.018593
0.027092
0.019467
0.000554
0.001237
0.00901
0.001377
0.00795
0.024148
0.021212
0.011754
0.016845
0.016268
0.004539
0.009643
0.019996
0.019724
0.027885
0.038712
0.037386
0.030542
0.033346
0.033142
0.018993
0.018647
0.024025
0.013098
0.019622
0.033417
0.025955
0.015998
0.024147
0.02081
0.00754
0.010425
0.017019
0.018195
0.032708
0.062421
0.076363
0.07758
0.083719
0.068179
0.037646
0.022034
0.020637
0.016081
0.028446
0.05608
0.0525
0.027574
0.015138
-0.00166
-0.02395
-0.018
0.000844
0.007642
0.017238
0.032354
0.027297
0.013972
0.02183
0.028223
0.027586
0.040895
0.058154
0.059686
0.061689
0.064481
0.052582
0.037656
0.038902
0.040616
0.030989
0.035844
0.035791
0.019563
0.008816
0.009715
-0.00051
-0.00972
0.004644
0.010382
-0.00016
0.004894
0.007759
-0.00978
-0.01682
-0.01637
-0.02429
-0.02644
-0.01149
-0.00432
-0.01321
-0.01177
-0.00474
-0.01267
-0.01619
-0.00556
-0.00775
-0.02006
-0.01754
-0.0217
-0.03939
-0.04087
-0.035
-0.0458
-0.04415
-0.02869
-0.0296
-0.03741
-0.03174
-0.03342
-0.05269
-0.05252
-0.03843
-0.03534
-0.02635
-0.01586
-0.02159
-0.03627
-0.03549
-0.0347
-0.0449
-0.03789
-0.02309
-0.01946
-0.01414
-0.00314
-0.00989
-0.01936
-0.01638
-0.02116
-0.0286
-0.01342
0.001864
0.000713
0.005386
0.015886
0.00923
-0.00151
0.005347
0.000672
-0.01562
-0.00793
0.002989
0.001445
0.000454
0.010943
0.009715
-0.00102
0.005244
0.005504
-0.01517
-0.01599
-0.00681
-0.01199
-0.01473
0.001954
0.003571
-0.00899
-0.00703
-0.00428
-0.01549
-0.01029
0.00133
-0.00235
-0.00263
0.004486
-0.00663
-0.0165
-0.01369
-0.01524
-0.02265
-0.01809
-0.00389
-0.00515
-0.00637
0.006515
0.007076
-0.00498
-0.00325
-0.00273
-0.01529
-0.00955
-0.00137
-0.01052
-0.01288
0.000429
-0.00747
-0.01283
-0.00237
-0.00037
-0.00951
-0.00564
0.002685
-0.00563
-0.00764
0.002093
-0.00216
-0.00965
-0.00381
-0.00269
-0.01572
-0.0115
-0.00662
-0.01872
-0.0279
-0.01438
-0.01615
-0.02725
-0.01415
-0.00874
-0.01889
-0.0132
-0.00513
-0.01805
-0.02049
-0.00736
-0.00866
-0.01468
-0.00372
-0.00163
-0.00743
-0.00425
0.003555
-0.00498
-0.01446
-0.00298
0.001223
-0.00999
-0.00584
-0.00091
-0.00746
-0.00854
0.001295
-0.00374
-0.0061
0.004965
0.003086
-0.00678
-0.00062
0.003151
-0.00647
-0.00229
0.003997
-0.00322
-0.00531
0.0024
-0.00229
-0.00923
-0.00121
0.006378
-0.00135
-0.00114
0.006973
-0.00167
-0.00799
0.003199
0.001489
-0.00692
0.000807
0.003312
-0.00671
-0.00331
0.007399
-0.00227
-0.00486
0.004748
0.001314
-0.00566
-0.00122
0.004302
-0.00663
-0.00499
0.00337
-0.00484
-0.00995
0.000609
0.00117
-0.00853
-0.0024
0.00395
-0.00685
-0.0058
0.001435
-0.00604
-0.00923
0.005699
0.006927
-0.00729
-0.00048
0.005421
-0.0108
-0.00661
0.005041
-0.00176
-0.00747
0.005213
0.003871
-0.00724
-3.1E-05
0.003867
-0.00258
-0.00104
0.00975
0.006926
-0.00185
0.004153
0.004349
-0.00324
0.000925
0.010257
0.004803
0.005412
0.008197
0.000861
-0.00016
0.009852
0.009437
0.003175
0.010206
0.01278
0.00117
0.002858
0.012452
0.006562
0.00236
0.012588
0.012748
0.000544
0.010232
0.015471
0.005001
0.003932
0.014218
0.006403
0.000152
0.012692
0.01389
0.001499
0.009362
0.016821
0.003345
0.002829
0.016274
0.007131
-0.00048
0.013613
0.013285
0.003779
0.006238
0.012453
0.003991
0.002687
0.01248
0.003208
-0.00208
0.006281
0.009185
0.001299
0.005165
0.011202
0.002652
0.000905
0.010881
0.003889
-0.00268
0.006466
0.004147
-0.00612
0.001408
0.01006
-0.00257
-0.00094
0.008393
0.002196
-0.00136
0.008282
0.005841
-0.00128
0.007371
0.014995
0.005092
0.004945
0.013702
0.011429
0.005017
0.01452
0.013392
0.001943
0.008065
0.01389
0.001721
0.000464
0.01249
0.003042
-0.00622
0.009445
0.007172
-0.00388
0.003356
0.011297
0.002115
0.001293
0.008775
0.001137
-0.00393
0.005347
0.007652
-0.00241
0.002377
0.011462
-0.00278
-0.00806
0.005718
-0.0003
-0.0102
0.004953
0.006128
-0.00766
-0.00185
0.005652
-0.00412
-0.00448
0.003931
-0.00229
-0.00781
0.00131
0.00051
-0.00735
-0.0037
0.002094
-0.00638
-0.00903
-0.00079
-0.00326
-0.00874
-0.00148
0.001814
-0.00508
-0.00321
0.000995
-0.00798
-0.01145
-0.00177
-0.00535
-0.01043
-0.00043
-0.00163
-0.01155
-0.00495
0.002786
-0.00939
-0.00649
0.003025
-0.0051
-0.00844
-0.00158
-0.00137
-0.01273
-0.00541
0.006271
-0.00393
-0.00472
0.003447
0.000833
-0.01003
0.000596
0.006246
-0.00873
-0.00321
0.004752
-0.00556
-0.0083
0.002828
-0.00105
-0.00823
0.004454
0.006395
-0.00572
-0.00117
0.006695
-0.00183
-0.0065
0.003736
0.00218
-0.0062
0.000144
0.004038
-0.00413
0.000459
0.008421
4.23E-05
-0.00561
0.003582
0.001532
-0.00809
0.005519
0.004979
-0.00974
-0.00165
0.00635
-0.00228
-0.0054
0.00778
0.002494
-0.00682
0.004232
0.004148
-0.00433
-0.00072
0.006232
-0.00263
-0.00726
0.004187
-0.00016
-0.00727
0.00257
0.005035
-0.00439
-0.0033
0.00725
-0.00065
-0.0034
0.007807
0.001969
-0.00721
-0.00024
0.003509
-0.00476
-0.00057
0.006117
-0.00285
-0.00391
0.005903
0.00329
-0.00189
0.005329
0.007103
-0.004
-0.0029
0.006133
-0.00122
-0.00399
0.007663
0.00243
-0.00801
0.001576
0.006339
-0.00392
-0.00042
0.009259
-0.00212
-0.00485
0.006421
0.003383
-0.00535
0.002082
0.007411
-0.00521
-0.00307
0.004908
-0.00264
-0.00486
0.006781
0.003786
-0.00399
0.002118
0.006467
-0.00463
-0.00238
0.004523
-0.0029
-0.00647
0.003155
0.001064
-0.00838
0.001484
0.006826
-0.00431
-0.00245
0.006918
-0.00056
-0.00375
0.005265
-0.00046
-0.00798
-0.0007
0.002972
-0.00501
-0.00293
0.004177
-0.00112
-0.00497
0.003873
0.003719
-0.00488
0.002891
0.006568
-0.00355
0.000371
0.006359
-0.00246
-0.00706
0.004577
-0.00059
-0.00916
0.001456
0.002361
-0.00654
-0.00036
0.00902
0.00161
-0.00449
0.007567
0.002909
-0.00543
-0.0007
0.003542
-0.00684
-0.0026
0.00777
-0.00242
-0.00495
0.008231
0.003787
-0.00667
0.001367
0.0072
-0.00869
-0.00716
0.004881
-2.2E-06
-0.00577
0.004213
0.004257
-0.00688
-0.00182
0.004038
-0.00167
-0.00168
0.00312
-0.00244
-0.00588
0.000785
0.001423
-0.00589
0.000626
0.007901
-0.00433
-0.00349
0.006668
0.001075
-0.00497
0.00268
-0.00276
-0.01238
0.001503
0.004218
-0.00776
-0.0038
0.004505
0.000247
-0.0044
0.007459
0.004824
-0.00624
0.000399
0.003836
-0.00834
-0.00525
0.007288
-0.00052
-0.00719
0.003556
0.002012
-0.00301
0.003212
0.006896
-0.00389
-0.00446
0.003168
-0.00242
-0.00579
0.002545
0.001651
-0.00351
0.001741
0.005246
-0.00407
-6.7E-06
0.005766
-0.00287
-0.00572
0.001906
0.002236
-0.00826
-0.00042
0.006945
-0.00398
-0.00192
0.007874
0.001242
-0.00593
0.004271
0.002793
-0.00513
0.001724
0.00313
-0.0074
-0.00447
0.004013
-0.00288
-0.00697
0.003596
0.004369
-0.00637
-0.00087
0.006055
-0.00359
-0.0021
0.005576
-0.00348
-0.00945
0.003954
0.002574
-0.00957
-0.00044
0.007213
-0.00298
-0.00381
0.005371
0.001513
-0.00356
0.004381
0.00344
-0.00587
-0.00026
0.00312
-0.00552
-0.00179
0.004264
-0.00264
-0.0069
0.005571
0.002782
-0.00616
0.004124
0.0076
-0.00155
-0.00375
0.005275
-0.00207
-0.00709
0.005791
0.001941
-0.00785
-4.3E-05
0.007818
-0.0029
-0.00051
0.009209
-0.00211
-0.00665
0.004361
0.002541
-0.00758
4.08E-05
0.00741
-0.00383
-0.00402
0.005163
0.002432
-0.00411
0.006049
0.006201
-0.00709
-0.00395
0.00519
-0.00433
-0.00613
0.003739
0.000868
-0.00518
0.003304
0.004411
-0.00683
0.001146
0.009295
-0.00275
-0.00625
0.001141
-0.00131
-0.00519
0.001863
0.002142
-0.00588
0.002324
0.008813
-0.00083
-0.00225
0.005502
4.35E-05
-0.00594
0.002253
-0.0013
-0.00939
0.003027
0.005641
-0.00377
-0.00192
0.008441
0.0004
-0.00518
0.006928
0.002724
-0.00751
0.001848
0.006195
-0.00484
-0.00447
0.007979
0.001778
-0.00495
0.002255
0.003115
-0.00465
0.000722
0.006875
-0.00485
-0.0039
0.006803
0.000818
-0.00575
0.004213
0.002348
-0.0068
0.003043
0.007748
-0.00639
-0.00325
0.005827
-7.8E-05
-0.0045
0.004691
0.005294
-0.0055
-0.0006
0.005338
-0.00497
-0.00595
0.005001
-0.00094
-0.00896
0.003253
0.005882
-0.00578
0.002216
0.009609
-0.00178
-0.00492
0.005517
-0.00079
-0.0074
0.003294
0.002533
-0.00781
-0.00054
0.006261
-0.00276
-0.00463
0.007751
0.003274
-0.00656
0.000581
0.004591
-0.00422
0.000592
0.006585
-0.00414
-0.00544
0.005503
0.001029
-0.0077
0.003084
0.005437
-0.0036
-0.00224
0.003986
-0.00322
-0.00302
0.008243
0.001654
-0.00626
0.001786
0.00265
-0.00495
0.001602
0.005762
-0.00371
-0.00351
0.00471
0.000851
-0.00493
0.002988
0.00388
-0.0047
-0.00078
0.004144
-0.00423
-0.00355
0.006882
0.000333
-0.00746
0.00369
0.004275
-0.00479
0.000585
0.003626
-0.00592
-0.00327
0.007618
-0.00028
-0.00675
0.004668
0.004047
-0.00439
-0.00055
0.008524
-0.00548
-0.00621
0.006712
-0.00026
-0.0092
0.001703
0.008641
-0.00479
-0.00361
0.00645
-0.00303
-0.00328
0.007456
0.002487
-0.00878
0.002407
0.004678
-0.00635
-0.00154
0.007211
-0.00368
-0.00443
0.004614
0.000595
-0.00572
0.001142
0.007108
-0.00555
-0.0028
0.006383
-0.0002
-0.00212
0.004995
0.001651
-0.0102
0.000141
0.004661
-0.00593
-0.00042
0.005053
-0.00101
-0.00216
0.006096
0.000506
-0.00604
0.001317
0.003459
-0.00552
-0.00196
0.003667
-0.00437
-0.00357
0.007824
0.002417
-0.00626
0.005123
0.005952
-0.00659
-0.00297
0.006483
-0.00207
-0.00657
0.005691
0.000127
-0.00983
0.003229
0.006419
-0.00604
-0.00189
0.008544
-0.0011
-0.00397
0.010077
0.002643
-0.00644
0.003268
0.004637
-0.00762
-0.00451
0.007389
0.001137
-0.00654
0.004153
0.001016
-0.00527
0.002281
0.006394
-0.00531
-0.00138
0.007755
-0.00209
-0.00636
0.006335
0.003795
-0.00606
0.000807
0.002918
-0.00496
-0.00114
0.007434
-0.00354
-0.00593
0.003718
-0.0006
-0.00506
0.001742
0.005819
-0.00241
-0.00173
0.005963
-0.00133
-0.00283
0.004975
0.002485
-0.0085
-0.00201
0.00426
-0.00688
0.000967
0.008811
-0.00303
-0.00541
0.005567
0.001924
-0.00586
0.003394
0.006304
-0.00613
-0.00349
0.006455
-0.00274
-0.00471
0.005514
0.003162
-0.00777
0.000489
0.004294
-0.00769
-0.00074
0.008531
-0.00272
-0.00819
0.006594
0.006808
-0.00644
0.00185
0.005589
-0.00663
-0.00427
0.006977
-0.001
-0.00832
0.003684
0.002523
-0.00484
0.003461
0.0081
-0.00216
-0.00235
0.008541
0.001011
-0.00699
0.00191
0.001813
-0.00903
-0.00125
0.005944
-0.00362
-0.00281
0.007825
0.002633
-0.00312
0.005366
0.00287
-0.00532
-0.00135
8.88E-05
-0.00537
-0.00136
0.00685
-0.0022
-0.00228
0.006328
0.002483
-0.00504
0.001702
0.005136
-0.00586
-0.00549
0.002261
-0.00377
-0.00397
0.005589
0.003359
-0.004
0.003803
0.00587
-0.00697
-0.00072
0.006992
-0.00333
-0.00845
0.000294
0.000502
-0.00527
0.004283
0.007049
-0.00465
-0.00027
0.00734
-0.00133
-0.00707
0.006357
0.002861
-0.00893
-0.00122
0.0037
-0.00309
-0.00288
0.005754
-4.7E-05
-0.00613
0.005031
0.005761
-0.00635
0.000398
0.00654
-0.00268
-0.00325
0.005304
-0.00335
-0.00936
0.004355
0.001935
-0.00567
0.001005
0.006397
-0.00151
-0.00229
0.006068
0.000911
-0.00393
0.001836
0.000501
-0.00816
-0.0009
0.004528
-0.00551
-0.00121
0.008642
0.000254
-0.00267
0.006333
0.004049
-0.00423
0.000666
0.001762
-0.00772
-0.00561
0.004285
-0.00062
-0.00592
0.004603
0.004891
-0.00517
0.00213
0.007744
-0.00137
-0.00238
0.005342
-0.00116
-0.00533
0.003066
0.001706
-0.00972
-0.0013
0.008574
-0.00297
-0.00548
0.008109
0.000679
-0.00628
0.005141
0.005308
-0.00935
-0.00081
0.007017
-0.00461
-0.00487
0.004987
0.002093
-0.00414
0.00354
0.004694
-0.00555
0.002646
0.008788
-0.0029
-0.00494
0.003754
-0.00028
-0.00752
0.003489
0.005741
-0.00485
0.001
0.002744
-0.0051
-0.00173
0.009008
0.001853
-0.0083
0.003356
0.003445
-0.00724
0.001809
0.007887
-0.00394
-0.00411
0.005137
-0.00084
-0.00422
0.006984
0.002365
-0.00849
-0.00036
0.004764
-0.00318
-0.00467
0.006585
0.0007
-0.00753
0.004089
0.004014
-0.00433
0.002001
0.008678
-0.00142
-0.0071
0.004477
-0.0007
-0.0066
0.003045
0.004046
-0.00453
-0.00133
0.00679
-0.00248
-0.00566
0.008371
0.002644
-0.00458
0.001682
0.003103
-0.00521
-0.00256
0.00529
-0.00189
-0.00412
0.007188
-7.2E-05
-0.00546
0.004469
0.006853
-0.00546
-0.0028
0.004753
-0.00582
-0.0052
0.005893
0.001864
-0.00534
0.002626
0.004727
-0.00463
0.000425
0.00656
-0.00506
-0.00264
0.005875
-0.00127
-0.00777
0.004297
0.005467
-0.00481
-0.00309
0.004261
-0.00184
-0.0023
0.007032
0.000882
-0.00717
0.002265
0.003958
-0.0071
-0.00099
0.004042
-0.00405
-0.00229
0.008265
0.003107
-0.00594
0.004737
0.004647
-0.00558
-0.00369
0.00392
-0.00419
-0.00629
0.005377
0.001208
-0.00411
0.005171
0.005953
-0.0026
-0.00109
0.004236
-0.00336
-0.00446
0.00442
-0.00296
-0.00891
0.003489
0.007171
-0.00394
0.00018
0.008231
0.000781
-0.0032
0.002797
-0.00291
-0.00811
0.000184
0.001783
-0.00601
0.002399
0.009558
0.000374
0.000127
0.008994
0.000613
-0.00821
-0.00067
7.73E-05
-0.00848
-0.00412
0.004334
-0.00236
-0.00073
0.00926
0.005682
-0.002
0.00575
0.002679
-0.00871
-0.00418
0.002371
-0.00692
-0.00617
0.007225
0.001538
-0.00474
0.006353
0.007987
-0.00479
-0.00052
0.005183
-0.00385
-0.00716
0.001545
-0.00079
-0.00421
0.002601
0.004299
-0.0045
0.002272
0.008162
-0.00233
-0.00494
0.004186
-2.2E-05
-0.00687
0.002018
0.002243
-0.0069
0.002557
0.007784
-0.00314
-0.00457
0.006291
0.00097
-0.00584
0.00399
0.001877
-0.00797
-0.00123
0.008215
-0.00318
-0.00374
0.008114
0.000668
-0.00539
0.005167
0.005858
-0.01017
-0.00264
0.007169
-0.00457
-0.00714
0.006507
0.004158
-0.00451
0.003406
0.003612
-0.00532
0.000813
0.00572
-0.00261
-0.00844
0.004073
0.001882
-0.00872
0.002985
0.008295
-0.00181
-0.00232
0.00663
-0.0034
-0.0077
0.005413
-0.0011
-0.0075
0.001016
0.005211
-0.00306
-0.00019
0.009353
-0.00286
-0.0058
0.003125
-0.0005
-0.00863
0.002852
0.006452
-0.0058
-0.00057
0.009285
-0.00319
-0.00568
0.006601
0.003262
-0.0096
-0.00101
0.004909
-0.00826
-0.00068
0.009466
-0.00161
-0.00451
0.005975
0.003054
-0.00659
1.53E-05
0.003883
-0.00472
-0.00368
0.002821
0.000448
-0.00487
0.005773
0.004172
-0.00557
0.003096
0.005653
-0.0055
-0.00326
0.004753
-0.0027
-0.00647
0.003696
0.002019
-0.00559
0.003238
0.005283
-0.00436
-0.0006
0.006762
-0.00208
-0.00459
0.007032
0.002024
-0.00657
0.002407
0.003877
-0.00702
-0.00388
0.006005
-0.00416
-0.00671
0.005703
0.002207
-0.00552
0.005197
0.008907
-0.00411
-0.00081
0.005377
-0.00566
-0.0075
0.004684
0.001026
-0.00783
0.001989
0.007056
-0.00283
-0.00139
0.007648
-0.00114
-0.00688
0.004218
0.000436
-0.00762
0.002007
0.005987
-0.00534
0.000133
0.009325
0.000541
-0.00552
0.002807
0.001928
-0.0081
-0.00113
0.002331
-0.00743
-0.00216
0.007644
0.000906
-0.00336
0.007469
0.002363
-0.00576
-0.00025
0.004717
-0.00689
-0.0059
0.005938
-0.00237
-0.00789
0.004931
0.006264
-0.00458
0.00322
0.00822
-0.00364
-0.0022
0.004558
-0.00275
-0.00792
0.002473
3.13E-05
-0.00772
0.002324
0.007389
-0.00311
-0.00227
0.007696
-0.00113
-0.00625
0.001746
0.002476
-0.00536
9.05E-06
0.007064
-0.00204
-7.1E-05
0.00747
0.001624
-0.00679
0.002
-0.00231
-0.00778
0.001388
0.003872
-0.00435
-0.00157
0.010325
0.003716
-0.00204
0.005373
0.00072
-0.00789
-0.00257
0.004016
-0.00634
-0.00471
0.006236
-0.00254
-0.00495
0.006118
0.006253
-0.0029
0.003801
0.005786
-0.00601
-0.00242
0.006056
-0.00365
-0.00625
0.003879
-0.0006
-0.00888
0.003203
0.009838
-0.00221
-0.00437
0.005427
0.00111
-0.00352
0.003652
0.001642
-0.00728
-0.00043
0.003896
-0.00577
-0.00374
0.00854
-0.00033
-0.00769
0.005685
0.007351
-0.00492
0.00133
0.007053
-0.00413
-0.00515
0.004438
0.000897
-0.00427
0.001242
0.002016
-0.00461
0.002019
0.005381
-0.00265
-0.00413
0.006517
-0.0002
-0.00652
0.00415
0.001984
-0.0076
-0.00129
0.005876
-0.00334
-0.00159
0.009216
-0.00043
-0.00552
0.003826
0.001691
-0.00761
0.000641
0.003853
-0.00701
-0.00265
0.006733
0.000525
-0.00424
0.004626
0.003406
-0.00638
0.000433
0.004118
-0.00703
-0.00249
0.007231
-0.00013
-0.00644
0.005158
0.005091
-0.00664
0.000872
0.006084
-0.0062
-0.00329
0.004514
-0.00203
-0.00702
0.005
0.004262
-0.00577
0.001843
0.005121
-0.00428
-0.00457
0.005234
0.001321
-0.00636
0.004798
0.003665
-0.00559
0.001576
0.006935
