0
25
50
75
100
125
150
175
200
225
250
275
300
325
350
375
400
425
450
475
500
525
550
575
600
625
650
675
700
725
750
775
800
825
850
875
900
925
950
975
1000
1025
1050
1075
1100
1125
1150
1175
1200
1225
1250
1275
1300
1325
1350
1375
1400
1425
1450
1475
1500
1525
1550
1575
1600
1625
1650
1675
1700
1725
1750
1775
1800
1825
1850
1875
1900
1925
1950
1975
2000
2025
2050
2075
2100
2125
2150
2175
2200
2225
2250
2275
2300
2326
2351
2376
2401
2426
2451
2476
2501
2526
2551
2576
2601
2626
2651
2676
2701
2726
2751
2776
2801
2826
2851
2876
2901
2926
2951
2976
3001
3026
3051
3076
3101
3126
3151
3176
3201
3226
3251
3276
3301
3326
3351
3376
3401
3426
3451
3476
3501
3526
3551
3577
3602
3627
3652
3677
3703
3728
3753
3778
3803
3828
3853
3878
3903
3928
3953
3978
4003
4028
4053
4078
4103
4128
4153
4178
4203
4228
4253
4278
4303
4328
4353
4378
4403
4428
4453
4478
4503
4528
4553
4578
4603
4628
4653
4678
4703
4728
4753
4778
4803
4828
4853
4878
4903
4928
4953
4978
5003
5028
5053
5078
5103
5128
5153
5178
5203
5228
5253
5278
5303
5328
5353
5378
5403
5428
5453
5478
5503
5528
5553
5578
5603
5628
5653
5678
5703
5728
5753
5778
5803
5828
5853
5878
5903
5928
5953
5978
6003
6028
6053
6078
6103
6128
6153
6178
6203
6228
6253
6278
6303
6328
6353
6378
6403
6428
6453
6478
6503
6528
6553
6578
6603
6628
6653
6678
6703
6728
6753
6778
6803
6828
6853
6878
6903
6928
6953
6978
7003
7028
7053
7078
7103
7128
7153
7178
7203
7228
7253
7278
7303
7328
7353
7378
7403
7428
7453
7478
7503
7528
7553
7578
7603
7628
7653
7678
7703
7728
7753
7778
7803
7828
7853
7878
7903
7928
7953
7978
8003
8028
8053
8078
8103
8128
8153
8178
8203
8228
8253
8278
8303
8328
8353
8378
8403
8428
8453
8478
8503
8528
8553
8578
8603
8628
8653
8678
8703
8728
8753
8778
8803
8828
8853
8878
8903
8928
8953
8978
9003
9028
9053
9078
9103
9128
9153
9178
9203
9228
9253
9278
9303
9328
9353
9378
9403
9428
9453
9478
9503
9528
9553
9578
9603
9628
9653
9678
9703
9728
9753
9778
9803
9828
9853
9878
9903
9928
9953
9978
10003
10028
10053
10078
10103
10128
10153
10178
10203
10228
10253
10278
10303
10328
10353
10378
10403
10428
10453
10478
10503
10528
10553
10578
10603
10628
10653
10678
10703
10728
10753
10778
10803
10828
10853
10878
10903
10928
10953
10978
11004
11029
11054
11079
11104
11129
11154
11179
11204
11229
11254
11279
11304
11329
11354
11379
11404
11429
11454
11479
11504
11529
11554
11579
11604
11629
11654
11679
11704
11729
11754
11779
11804
11829
11854
11879
11904
11929
11954
11979
12004
12029
12054
12079
12104
12129
12154
12179
12204
12229
12254
12280
12305
12330
12355
12380
12405
12430
12455
12480
12505
12530
12555
12580
12605
12630
12655
12680
12705
12730
12755
12780
12805
12830
12855
12880
12905
12930
12955
12980
13005
13030
13055
13080
13105
13130
13155
13180
13205
13230
13255
13280
13305
13330
13355
13380
13405
13430
13455
13480
13505
13530
13555
13580
13605
13630
13655
13680
13705
13730
13755
13780
13805
13830
13855
13880
13905
13930
13955
13980
14005
14030
14055
14080
14105
14130
14155
14180
14205
14230
14255
14280
14305
14330
14355
14380
14405
14430
14455
14480
14505
14530
14556
14581
14606
14631
14656
14681
14706
14731
14756
14781
14806
14831
14856
14881
14906
14931
14956
14981
15006
15031
15056
15081
15106
15131
15156
15181
15206
15231
15256
15281
15306
15331
15356
15381
15406
15431
15456
15481
15506
15531
15556
15581
15606
15631
15656
15681
15706
15731
15756
15781
15806
15831
15856
15881
15906
15931
15956
15982
16007
16032
16057
16082
16107
16132
16157
16182
16207
16232
16257
16282
16307
16332
16357
16382
16407
16432
16457
16482
16507
16532
16557
16582
16607
16632
16657
16682
16707
16732
16757
16782
16808
16833
16858
16883
16908
16933
16958
16983
17008
17033
17058
17083
17108
17133
17158
17183
17208
17233
17258
17283
17308
17333
17358
17383
17408
17433
17458
17483
17508
17533
17558
17583
17608
17633
17659
17684
17709
17734
17759
17784
17809
17834
17859
17884
17909
17934
17959
17984
18009
18034
18059
18084
18109
18134
18159
18184
18209
18234
18259
18284
18309
18334
18359
18384
18409
18434
18460
18485
18510
18535
18560
18585
18610
18635
18660
18685
18710
18735
18760
18785
18810
18835
18860
18885
18910
18935
18960
18985
19010
19035
19060
19085
19110
19135
19160
19185
19210
19235
19260
19285
19310
19335
19360
19385
19410
19435
19460
19485
19510
19535
19560
19585
19610
19635
19660
19685
19710
19735
19760
19785
19810
19835
19860
19885
19910
19935
19960
19985
20010
20035
20060
20085
20110
20135
20160
20185
20210
20235
20260
20285
20310
20335
20360
20385
20410
20435
20460
20485
20510
20535
20560
20585
20610
20635
20660
20685
20710
20735
20760
20786
20811
20836
20861
20886
20911
20936
20961
20986
21011
21036
21061
21086
21111
21136
21161
21186
21211
21236
21261
21286
21311
21336
21361
21386
21411
21436
21461
21486
21511
21536
21561
21586
21611
21636
21661
21686
21711
21736
21761
21786
21811
21836
21861
21886
21911
21936
21961
21986
22011
22036
22061
22086
22111
22136
22161
22186
22211
22236
22261
22286
22311
22336
22361
22386
22411
22436
22461
22486
22511
22536
22561
22586
22611
22636
22661
22686
22711
22736
22761
22786
22811
22836
22861
22886
22911
22936
22961
22986
23011
23036
23061
23086
23111
23136
23161
23186
23211
23236
23261
23286
23311
23336
23361
23386
23411
23436
23461
23486
23511
23536
23561
23586
23611
23636
23661
23686
23711
23736
23761
23786
23811
23836
23861
23886
23911
23936
23961
23986
24011
24036
24061
24086
24111
24136
24161
24186
24211
24236
24261
24286
24311
24336
24361
24386
24411
24436
24461
24486
24511
24536
24561
24586
24611
24636
24661
24686
24711
24736
24761
24786
24811
24836
24861
24886
24911
24936
24961
24986
25011
25036
25061
25086
25111
25136
25161
25186
25211
25236
25261
25286
25311
25336
25361
25386
25411
25436
25461
25486
25511
25536
25561
25586
25611
25636
25661
25686
25711
25736
25761
25786
25811
25836
25861
25886
25911
25936
25961
25986
26011
26036
26061
26086
26111
26136
26161
26186
26211
26236
26261
26286
26311
26336
26361
26386
26411
26436
26461
26486
26511
26536
26561
26586
26611
26636
26661
26686
26711
26736
26761
26786
26811
26836
26861
26886
26911
26936
26961
26986
27011
27036
27061
27086
27111
27136
27161
27186
27211
27236
27261
27286
27311
27336
27361
27386
27411
27436
27461
27486
27511
27536
27561
27586
27611
27636
27661
27686
27711
27736
27761
27786
27811
27836
27861
27886
27911
27936
27961
27986
28011
28036
28061
28086
28111
28136
28161
28186
28211
28236
28261
28286
28311
28336
28361
28386
28411
28436
28461
28486
28511
28536
28561
28586
28611
28636
28661
28686
28711
28736
28761
28786
28811
28836
28861
28886
28911
28936
28961
28986
29011
29036
29061
29086
29111
29136
29161
29186
29211
29236
29261
29286
29311
29336
29361
29386
29411
29436
29461
29486
29511
29536
29561
29586
29611
29636
29661
29686
29712
29737
29762
29787
29812
29837
29862
29887
29912
29937
29962
29987
30012
30037
30062
30087
30112
30137
30162
30187
30212
30237
30262
30287
30312
30337
30362
30387
30412
30437
30462
30487
30512
30537
30562
30587
30612
30637
30662
30687
30712
30737
30762
30787
30812
30837
30862
30887
30912
30937
30962
30987
31012
31037
31062
31087
31112
31137
31162
31187
31212
31237
31262
31287
31312
31337
31362
31387
31412
31437
31462
31487
31512
31537
31562
31587
31612
31637
31662
31687
31712
31737
31762
31787
31812
31837
31862
31887
31912
31937
31962
31987
32012
32037
32062
32087
32112
32137
32162
32187
32212
32237
32262
32287
32312
32337
32362
32387
32412
32437
32462
32487
32512
32537
32562
32587
32612
32637
32662
32687
32712
32737
32762
32787
32812
32837
32862
32887
32912
32937
32962
32987
33012
33037
33062
33087
33112
33137
33162
33187
33212
33237
33262
33287
33312
33337
33362
33387
33412
33437
33462
33487
33512
33537
33562
33587
33612
33637
33662
33687
33712
33737
33762
33787
33812
33837
33862
33887
33912
33937
33962
33987
34012
34037
34062
34087
34112
34137
34162
34187
34212
34237
34262
34287
34312
34337
34362
34387
34412
34437
34462
34487
34512
34537
34562
34587
34612
34637
34662
34687
34712
34737
34762
34787
34812
34837
34862
34887
34912
34937
34962
34987
35012
35037
35062
35087
35112
35137
35162
35188
35213
35238
35263
35288
35313
35339
35364
35389
35414
35439
35464
35489
35514
35539
35564
35589
35614
35639
35664
35689
35714
35739
35764
35789
35814
35839
35864
35889
35914
35939
35964
35989
36014
36039
36064
36089
36114
36139
36164
36189
36214
36239
36264
36289
36314
36339
36364
36389
36414
36439
36464
36489
36514
36539
36564
36589
36614
36639
36664
36689
36714
36739
36765
36790
36815
36840
36865
36890
36915
36940
36965
36990
37015
37040
37066
37092
37117
37142
37167
37192
37217
37242
37267
37292
37317
37342
37367
37392
37417
37442
37467
37492
37517
37542
37567
37593
37618
37643
37668
37693
37718
37743
37768
37793
37818
37843
37868
37893
37918
37943
37968
37993
38018
38043
38068
38093
38118
38143
38168
38193
38218
38243
38268
38293
38318
38343
38368
38393
38418
38443
38468
38493
38518
38543
38568
38593
38618
38643
38668
38693
38718
38743
38768
38793
38818
38843
38868
38893
38918
38943
38968
38993
39018
39043
39068
39093
39118
39143
39168
39193
39218
39243
39268
39293
39318
39343
39368
39393
39418
39443
39468
39493
39518
39543
39568
39593
39618
39643
39668
39693
39718
39743
39768
39793
39818
39843
39868
39893
39918
39943
39968
39993
40018
40043
40068
40093
40118
40143
40168
40193
40218
40243
40268
40293
40318
40343
40368
40393
40418
40443
40468
40493
40518
40543
40568
40593
40618
40643
40668
40693
40718
40743
40768
40793
40818
40843
40868
40893
40918
40943
40968
40993
41018
41043
41068
41094
41119
41144
41169
41194
41219
41244
41269
41294
41319
41344
41369
41394
41419
41444
41469
41494
41519
41544
41569
41594
41619
41644
41669
41694
41719
41744
41769
41794
41819
41844
41869
41894
41919
41944
41969
41994
42019
42044
42069
42094
42119
42144
42169
42194
42219
42244
42269
42294
42319
42344
42369
42394
42419
42444
42469
42494
42519
42544
42569
42594
42619
42644
42669
42694
42719
42744
42769
42794
42819
42844
42869
42894
42919
42944
42969
42994
43019
43044
43069
43094
43119
43144
43170
43195
43220
43245
43270
43295
43320
43345
43370
43395
43420
43445
43470
43495
43520
43545
43570
43595
43620
43645
43670
43695
43721
43746
43771
43796
43821
43846
43871
43896
43921
43946
43971
43996
44021
44046
44071
44096
44121
44146
44171
44196
44221
44246
44271
44296
44321
44346
44371
44396
44421
44446
44471
44496
44521
44546
44571
44596
44621
44646
44671
44696
44721
44746
44771
44796
44821
44846
44871
44896
44921
44946
44971
44996
45021
45046
45071
45096
45121
45146
45171
45196
45221
45246
45271
45296
45321
45346
45371
45396
45421
45446
45471
45496
45521
45546
45571
45596
45621
45646
45671
45696
45721
45746
45771
45796
45821
45846
45871
45896
45921
45946
45971
45996
46021
46046
46071
46096
46121
46146
46171
46196
46221
46246
46271
46296
46321
46346
46371
46396
46421
46446
46471
46496
46521
46546
46571
46596
46621
46646
46671
46696
46721
46746
46771
46796
46821
46846
46871
46896
46921
46946
46971
46996
47021
47046
47071
47096
47121
47146
47171
47196
47221
47246
47271
47296
47321
47346
47371
47396
47421
47446
47471
47496
47521
47546
47571
47596
47621
47646
47671
47696
47721
47746
47771
47796
47821
47846
47871
47896
47921
47946
47971
47996
48021
48046
48071
48096
48121
48146
48171
48196
48221
48246
48271
48296
48321
48346
48371
48396
48421
48446
48471
48496
48521
48546
48572
48597
48622
48647
48673
48698
48723
48748
48773
48798
48823
48848
48873
48898
48923
48948
48973
48998
49023
49048
49073
49098
49123
49148
49173
49198
49223
49248
49273
49298
49323
49348
49373
49398
49423
49448
49473
49498
49523
49548
49573
49598
49623
49648
49673
49698
49723
49748
49773
49798
49823
49848
49873
49898
49923
49948
49973
49998
50023
50048
50073
50098
50123
50148
50173
50198
50223
50248
50273
50298
50323
50348
50373
50398
50423
50448
50473
50498
50523
50548
50573
50598
50623
50648
50673
50698
50723
50748
50773
50798
50823
50848
50873
50898
50923
50948
50973
50998
51023
51048
51073
51098
51123
51148
51173
51198
51223
51248
51273
51298
51323
51348
51373
51398
51423
51448
51473
51498
51523
51548
51573
51598
51623
51648
51673
51698
51723
51748
51773
51798
51823
51848
51873
51898
51923
51948
51973
51998
52023
52048
52073
52098
52123
52148
52173
52198
52223
52248
52273
52298
52323
52348
52373
52398
52423
52448
52473
52498
52523
52548
52573
52598
52623
52648
52673
52698
52723
52748
52773
52798
52823
52848
52873
52898
52923
52948
52973
52998
53023
53048
53073
53098
53123
53148
53173
53198
53223
53248
53273
53298
53323
53348
53373
53398
53423
53448
53473
53498
53523
53548
53573
53598
53623
53648
53673
53698
53723
53748
53773
53798
53823
53848
53873
53898
53923
53948
53973
53998
54023
54048
54073
54098
54123
54148
54173
54198
54223
54248
54273
54298
54323
54348
54373
54398
54423
54448
54473
54498
54523
54548
54573
54598
54623
54648
54673
54698
54723
54748
54773
54798
54823
54848
54873
54898
54923
54948
54973
54998
55023
55048
55074
55099
55124
55149
55174
55199
55224
55249
55274
55299
55324
55349
55374
55399
55424
55449
55474
55499
55524
55549
55574
55599
55624
55649
55674
55699
55724
55749
55774
55800
55825
55850
55875
55900
55925
55950
55975
56000
56025
56050
56075
56100
56125
56150
56175
56200
56225
56250
56275
56300
56325
56350
56375
56400
56425
56450
56475
56500
56525
56550
56575
56600
56625
56650
56675
56700
56725
56750
56775
56800
56825
56850
56875
56900
56925
56950
56975
57000
57025
57050
57075
57100
57125
57150
57175
57200
57225
57250
57275
57300
57325
57350
57375
57400
57425
57450
57475
57500
57525
57550
57575
57600
57625
57650
57675
57700
57725
57750
57775
57800
57825
57850
57875
57900
57925
57950
57975
58000
58025
58050
58075
58101
58126
58151
58176
58201
58226
58251
58276
58301
58326
58351
58376
58401
58426
58451
58476
58501
58526
58551
58576
58601
58626
58651
58676
58701
58726
58751
58776
58801
58826
58851
58876
58901
58926
58951
58976
59001
59026
59051
59076
59101
59126
59151
59176
59201
59226
59251
59276
59301
59326
59351
59376
59401
59426
59451
59476
59501
59526
59551
59576
59601
59626
59651
59676
59701
59726
59751
59776
59801
59826
59851
59876
59901
59926
59951
59976
60001
60026
60051
60076
60101
60126
60151
60176
60201
60226
60251
60276
60301
60326
60351
60376
60401
60426
60451
60476
60501
60526
60551
60576
60601
60626
60651
60676
60701
60726
60751
60776
60801
60826
60851
60876
60901
60926
60951
60976
61001
61026
61051
61076
61101
61126
61151
61176
61201
61226
61251
61276
61302
61327
61352
61377
61402
61427
61452
61477
61502
61527
61552
61577
61602
61627
61652
61677
61702
61727
61752
61777
61802
61827
61852
61877
61902
61927
61952
61977
62002
62027
62052
62077
62102
62127
62152
62177
62202
62227
62252
62277
62302
62327
62352
62377
62402
62427
62452
62477
62502
62527
62552
62577
62602
62627
62652
62677
62702
62727
62752
62777
62802
62827
62852
62877
62902
62927
62952
62977
63002
63027
63052
63077
63102
63127
63152
63177
63202
63227
63252
63277
63302
63327
63352
63377
63402
63427
63452
63477
63502
63527
63552
63577
63602
63627
63652
63677
63702
63727
63752
63777
63802
63827
63852
63877
63902
63927
63952
63977
64002
64027
64052
64077
64102
64127
64152
64177
64202
64227
64252
64277
64302
64327
64352
64377
64402
64427
64452
64477
64502
64527
64552
64577
64602
64627
64652
64677
64702
64727
64752
64777
64802
64827
64852
64877
64902
64927
64952
64977
65002
65027
65052
65077
65102
65127
65152
65177
65202
65227
65252
65277
65302
65327
65352
65377
65402
65427
65452
65477
65502
65527
65552
65577
65602
65627
65652
65677
65702
65727
65752
65777
65802
65827
65852
65877
65902
65927
65952
65977
66002
66027
66052
66077
66102
66127
66152
66177
66202
66227
66252
66277
66302
66327
66352
66377
66402
66427
66452
66477
66502
66527
66552
66577
66602
66627
66652
66677
66702
66727
66752
66777
66802
66827
66852
66877
66902
66927
66952
66977
67002
67027
67052
67077
67102
67127
67152
67177
67202
67227
67252
67277
67302
67327
67352
67377
67402
67427
67452
67477
67502
67527
67552
67577
67602
67627
67653
67678
67703
67728
67753
67778
67803
67828
67853
67878
67903
67928
67953
67978
68003
68028
68053
68078
68103
68128
68153
68178
68203
68228
68253
68278
68303
68328
68353
68378
68403
68428
68453
68478
68503
68528
68553
68578
68603
68628
68653
68678
68703
68728
68753
68778
68803
68828
68853
68878
68903
68928
68953
68978
69003
69028
69053
69078
69103
69128
69153
69178
69203
69228
69253
69278
69303
69328
69353
69378
69403
69428
69453
69478
69503
69528
69553
69578
69603
69628
69653
69678
69703
69728
69753
69778
69803
69828
69853
69878
69903
69928
69953
69978
70003
70028
70053
70078
70103
70128
70153
70178
70203
70228
70253
70278
70303
70328
70353
70378
70403
70428
70453
70478
70503
70528
70553
70578
70603
70628
70653
70678
70703
70728
70753
70778
70803
70828
70853
70878
70903
70928
70953
70978
71003
71028
71053
71078
71103
71128
71153
71178
71203
71228
71253
71278
71303
71328
71353
71378
71403
71428
71453
71478
71503
71529
71554
71579
71604
71629
71654
71679
71704
71729
71754
71779
71804
71829
71854
71879
71904
71929
71954
71979
72004
72029
72054
72079
72104
72129
72154
72179
72204
72229
72254
72279
72304
72330
72355
72380
72405
72430
72455
72480
72505
72530
72555
72580
72605
72630
72655
72680
72705
72730
72755
72780
72805
72830
72855
72880
72905
72930
72955
72980
73005
73030
73055
73080
73105
73130
73155
73180
73205
73230
73255
73280
73305
73330
73355
73380
73406
73431
73456
73481
73506
73531
73556
73581
73606
73631
73656
73681
73706
73731
73756
73781
73806
73831
73856
73881
73906
73931
73956
73981
74006
74031
74056
74081
74106
74131
74156
74181
74206
74231
74256
74281
74306
74331
74356
74381
74406
74431
74456
74481
74506
74531
74556
74581
74606
74631
74656
74681
74706
74731
74756
74781
74806
74831
74856
74881
74906
74931
74956
74981
75006
75031
75056
75081
75106
75131
75156
75181
75206
75231
75256
75281
75306
75331
75356
75381
