0
0
0.0141889
0.0557756
0.0474521
0.0929186
0.0969231
0.122041
0.168606
0.165857
0.23043
0.239959
0.259504
0.299695
0.282188
0.3172
0.313614
0.324763
0.352199
0.332136
0.367711
0.343458
0.327501
0.324267
0.260054
0.257404
0.211284
0.156377
0.123935
0.0399879
0.0153815
-0.058959
-0.103669
-0.128016
-0.199933
-0.20823
-0.236912
-0.260276
-0.229786
-0.255505
-0.217574
-0.216988
-0.181542
-0.102013
-0.0663321
0.0169585
0.0550838
0.108769
0.178814
0.202301
0.264755
0.275067
0.289372
0.335133
0.305846
0.326694
0.288489
0.277774
0.265101
0.198011
0.17959
0.108379
0.0514553
0.0176926
-0.065133
-0.0844654
-0.142364
-0.187495
-0.195844
-0.26248
-0.269179
-0.308783
-0.320619
-0.308164
-0.347626
-0.324838
-0.340643
-0.34194
-0.303898
-0.317474
-0.276357
-0.279635
-0.262253
-0.212627
-0.216137
-0.162515
-0.148399
-0.121924
-0.0571677
-0.0403652
0.0378782
0.0532184
0.0829398
0.130281
0.143861
0.211327
0.235425
0.254599
0.281554
0.249239
0.286242
0.293361
0.301458
0.305753
0.232966
0.2245
0.193852
0.175299
0.174558
0.0910914
0.0527119
-0.0376366
-0.0911411
-0.099969
-0.176022
-0.206629
-0.275031
-0.332282
-0.350642
-0.39987
-0.390424
-0.44158
-0.470079
-0.446703
-0.465657
-0.406723
-0.393263
-0.368553
-0.317804
-0.298871
-0.212046
-0.172042
-0.126598
-0.0727409
-0.0607201
0.0220187
0.0489983
0.0860972
0.139049
0.139391
0.211525
0.2165
0.226827
0.260617
0.243056
0.27741
0.260098
0.246227
0.259208
0.230694
0.236838
0.187577
0.147597
0.144916
0.101425
0.114345
0.0727307
0.0495742
0.0591363
0.0136998
0.0267511
-0.0102395
-0.0268603
-0.014789
-0.0418563
0.00169954
-0.0153897
-0.0209086
-0.017408
-0.0550476
-0.0284673
-0.0387669
-0.0400738
-0.0320495
-0.0748981
-0.0456687
-0.0585849
-0.0487641
-0.048572
-0.0991098
-0.0978974
-0.138307
-0.158143
-0.163271
-0.213995
-0.195727
-0.210364
-0.220642
-0.19272
-0.233338
-0.201719
-0.20482
-0.183345
-0.144077
-0.157426
-0.11021
-0.104872
-0.0660501
0.00687921
0.0192738
0.084351
0.0829517
0.113798
0.172361
0.177867
0.218835
0.218981
0.234227
0.274383
0.268855
0.301124
0.287237
0.281818
0.3007
0.253495
0.253423
0.208853
0.170131
0.154161
0.0910178
0.0823809
0.0332047
-0.00113895
-0.0131707
-0.0844211
-0.0872597
-0.143512
-0.167818
-0.167845
-0.223203
-0.225673
-0.266919
-0.281695
-0.250848
-0.270018
-0.243112
-0.26653
-0.244948
-0.195663
-0.180099
-0.119136
-0.102846
-0.0697271
0.00320984
0.0340994
0.118914
0.136259
0.168119
0.239163
0.243513
0.299248
0.296898
0.313074
0.349119
0.350861
0.410679
0.399336
0.403547
0.415259
0.39225
0.395941
0.36105
0.325021
0.310378
0.260287
0.268392
0.217633
0.164727
0.126564
0.0563261
0.0523455
0.00669707
-0.0537881
-0.102003
-0.190484
-0.189396
-0.23236
-0.26256
-0.288146
-0.365035
-0.337152
-0.347109
-0.315787
-0.286634
-0.322
-0.306332
-0.306218
-0.255857
-0.168588
-0.168884
-0.125224
-0.124613
-0.0847371
0.00471432
0.0333995
0.0912864
0.0810535
0.0887215
0.149075
0.17539
0.266786
0.277865
0.273771
0.290125
0.279778
0.35017
0.351134
0.339658
0.326056
0.257778
0.283342
0.270121
0.255917
0.243781
0.163664
0.158239
0.114226
0.0937669
0.0685087
-0.0181755
-0.0566269
-0.131222
-0.16768
-0.166252
-0.224913
-0.224997
-0.276427
-0.322717
-0.326298
-0.371165
-0.33628
-0.342994
-0.345513
-0.321362
-0.337559
-0.253623
-0.216091
-0.171804
-0.105627
-0.105592
-0.0264448
0.0282611
0.0811602
0.155366
0.164121
0.23194
0.258592
0.313046
0.370774
0.366417
0.42351
0.428256
0.446498
0.475957
0.434205
0.453202
0.42833
0.434471
0.434582
0.373855
0.364283
0.312306
0.272986
0.247828
0.167209
0.133657
0.0488578
-0.00712323
-0.0376362
-0.11112
-0.15066
-0.239962
-0.31249
-0.350424
-0.408274
-0.402121
-0.448995
-0.491561
-0.496121
-0.524705
-0.492676
-0.483033
-0.452541
-0.400966
-0.395868
-0.308679
-0.251162
-0.18676
-0.0894773
-0.0486897
0.0495984
0.103816
0.170144
0.265258
0.313499
0.414338
0.447682
0.486956
0.549494
0.550773
0.617415
0.618002
0.624924
0.635905
0.596091
0.601578
0.558747
0.515005
0.46804
0.379073
0.352476
0.273992
0.204977
0.144204
0.0336158
-0.0196702
-0.099252
-0.170697
-0.224194
-0.337382
-0.373536
-0.449376
-0.487316
-0.516977
-0.614193
-0.629989
-0.666191
-0.658888
-0.603009
-0.612318
-0.563852
-0.553482
-0.510712
-0.428904
-0.383958
-0.285814
-0.247881
-0.192253
-0.0984408
-0.0623163
0.0658534
0.13163
0.19895
0.283738
0.315199
0.41078
0.468122
0.521568
0.579096
0.58471
0.656019
0.661964
0.67667
0.695789
0.646789
0.648522
0.607423
0.564931
0.53928
0.445669
0.402397
0.292451
0.203786
0.139424
0.0270016
-0.00947045
-0.111631
-0.201339
-0.275844
-0.39571
-0.439263
-0.524235
-0.593404
-0.622301
-0.694888
-0.694043
-0.712969
-0.724475
-0.713164
-0.727748
-0.667388
-0.633809
-0.582108
-0.510292
-0.487738
-0.395753
-0.33363
-0.253277
-0.155389
-0.135592
-0.0560966
-0.00286768
0.0826399
0.187016
0.221952
0.300414
0.313249
0.35982
0.431148
0.452169
0.52237
0.525596
0.527945
0.544609
0.523831
0.565036
0.535867
0.50013
0.485574
0.409346
0.410337
0.340009
0.263593
0.194061
0.0529974
-0.014469
-0.124195
-0.207798
-0.283623
-0.414471
-0.472206
-0.552332
-0.589176
-0.612418
-0.688188
-0.69113
-0.688949
-0.637601
-0.545894
-0.533422
-0.464642
-0.41294
-0.315592
-0.174322
-0.094206
0.0320052
0.0877224
0.179649
0.309597
0.38915
0.497442
0.537574
0.582387
0.669677
0.6958
0.769915
0.772013
0.766177
0.776837
0.738238
0.741523
0.677239
0.614793
0.582338
0.485653
0.439652
0.334459
0.25016
0.17624
0.0583949
-0.00575967
-0.129132
-0.241691
-0.323014
-0.436523
-0.472416
-0.55563
-0.622694
-0.661327
-0.735949
-0.725232
-0.757622
-0.747406
-0.729621
-0.736966
-0.658816
-0.617242
-0.535714
-0.442165
-0.402639
-0.297878
-0.206836
-0.096996
0.0276052
0.0909233
0.198847
0.273446
0.369663
0.498925
0.547227
0.641154
0.662996
0.699804
0.749293
0.722972
0.748999
0.691414
0.652986
0.617654
0.534033
0.479355
0.363534
0.259954
0.178977
0.0484058
-0.0237477
-0.147569
-0.262873
-0.351942
-0.45741
-0.483898
-0.561544
-0.619121
-0.653236
-0.703271
-0.670739
-0.668842
-0.652911
-0.605614
-0.599462
-0.506737
-0.437274
-0.342803
-0.228683
-0.184542
-0.0796102
-0.0161991
0.0925241
0.237846
0.302119
0.399672
0.421135
0.473683
0.551095
0.585011
0.653527
0.647839
0.639209
0.665697
0.634958
0.660035
0.621579
0.57737
0.562857
0.466439
0.431929
0.349077
0.292053
0.25402
0.145092
0.111518
0.0205623
-0.0403713
-0.0828872
-0.165598
-0.206479
-0.28941
-0.337244
-0.34477
-0.407372
-0.409746
-0.454449
-0.462692
-0.446904
-0.445841
-0.396885
-0.380228
-0.351013
-0.288641
-0.252354
-0.148747
-0.0843694
-0.0164941
0.0782217
0.135065
0.26531
0.353327
0.426117
0.520475
0.558585
0.658703
0.690608
0.718719
0.745058
0.715153
0.746501
0.731147
0.710512
0.688492
0.605199
0.587044
0.508658
0.453679
0.415111
0.301075
0.235946
0.100769
-0.00129295
-0.0540514
-0.158455
-0.189804
-0.287454
-0.36154
-0.401272
-0.459919
-0.441784
-0.486991
-0.522756
-0.506553
-0.516695
-0.44086
-0.401128
-0.375242
-0.325107
-0.28531
-0.184858
-0.127407
-0.0621225
0.0132429
0.0419361
0.13324
0.171153
0.227126
0.266528
0.250845
0.297079
0.300188
0.314205
0.351134
0.335353
0.34804
0.305685
0.282588
0.282379
0.246895
0.275012
0.263471
0.25042
0.266152
0.19749
0.212644
0.192703
0.185721
0.206072
0.15225
0.133925
0.0881538
0.0931564
0.114923
0.0354518
-0.00597878
-0.0602935
-0.105485
-0.135505
-0.190781
-0.203844
-0.254003
-0.262883
-0.253329
-0.331419
-0.321073
-0.297977
-0.262098
-0.238178
-0.241657
-0.138628
-0.0860756
-0.0389384
-0.0147169
-0.0110844
0.0863733
0.11763
0.140616
0.216781
0.247568
0.314366
0.317357
0.290445
0.298878
0.35185
0.453613
0.418419
0.369148
0.38612
0.364004
0.393732
0.342491
0.239182
0.241811
0.21355
0.176402
0.115828
0.077264
0.0709946
0.0489244
0.0961019
0.00837447
-0.0697481
-0.0499489
-0.111229
-0.0883983
-0.0569336
-0.0320757
-0.0649387
-0.207493
-0.259972
-0.352736
-0.380658
-0.236532
-0.193573
-0.204164
-0.214965
-0.337615
-0.414201
-0.338454
-0.2904
-0.219628
-0.0339811
0.0252267
-0.0103734
0.151546
0.303035
0.33349
0.326877
0.393925
0.562004
0.666674
0.720944
0.647717
0.551382
0.76975
0.958284
0.827869
0.56005
0.67787
1.06878
1.21802
1.22444
1.16305
1.08134
1.58352
2.31106
2.58305
2.09763
1.54203
2.35768
3.54217
3.43443
2.06526
1.04417
1.60058
2.20975
2.05563
1.00426
-0.260618
-0.742316
-0.712801
-0.933117
-1.53684
-2.02232
-2.54358
-3.33271
-3.72324
-4.27411
-4.78544
-4.87833
-5.09424
-5.42845
-5.41257
-5.32436
-5.23113
-4.98779
-4.74078
-4.59133
-4.28345
-3.73457
-3.21296
-2.54687
-1.65138
-0.798436
-0.120113
0.462702
1.25864
2.08214
2.72045
3.52033
4.28425
4.77846
5.21942
5.45146
5.53181
5.54561
5.74794
5.82622
5.49876
4.86602
4.05725
3.6486
3.41478
2.44125
0.974814
-0.21527
-0.818293
-1.65612
-3.42139
-5.37396
-6.93118
-7.33391
-7.26859
-7.97842
-8.80955
-9.11061
-8.82682
-8.12959
-7.55779
-7.00939
-6.43804
-5.64939
-4.39789
-3.12624
-2.05171
-0.768467
0.838959
2.25475
3.46063
4.63571
5.76146
6.96113
8.03486
8.7856
9.40414
9.74447
9.76727
9.66159
9.3131
8.76693
8.15183
7.33192
6.39137
5.46684
4.46514
3.20769
1.83696
0.390684
-0.767345
-1.5693
-2.69524
-3.8372
-4.67352
-5.64659
-6.58737
-7.36251
-8.04169
-8.49868
-8.74105
-9.07061
-9.9575
-11.1072
-11.7189
-11.5195
-10.8534
-10.8636
-10.8623
-9.93003
-8.30363
-6.52044
-5.29835
-4.17329
-2.68213
-0.424651
2.19679
4.73652
7.11232
9.28643
11.7968
14.4286
16.4171
17.6055
18.969
21.3107
23.3696
23.9992
23.2983
22.9871
23.7142
24.1671
23.0628
20.3922
17.8073
15.9435
14.1098
11.4539
8.11846
5.07625
2.5343
0.210138
-2.48082
-5.04797
-7.08091
-9.05955
-11.2206
-13.4461
-14.9667
-15.8728
-16.8519
-18.3519
-20.6349
-22.7769
-24.2966
-25.3458
-25.7437
-25.7312
-25.4973
-25.039
-24.2549
-23.2417
-22.2754
-20.7588
-18.291
-15.5753
-12.4789
-8.97784
-5.34995
-1.46098
3.21861
8.06166
12.0564
16.1718
21.0369
25.2259
28.1413
29.6815
30.2917
30.4578
30.2276
29.5404
28.3803
27.0181
25.1568
22.5581
19.2897
15.3575
11.3559
7.15813
2.25999
-2.69267
-7.16071
-11.2076
-14.7377
-18.1999
-21.8531
-25.3923
-28.1628
-30.7961
-33.2728
-34.6277
-34.5774
-32.8197
-30.2145
-27.6759
-25.494
-23.8069
-21.6973
-18.8705
-16.7769
-14.9797
-12.1132
-8.24852
-4.58441
-1.08523
2.76565
7.12011
11.5928
14.7275
16.8606
19.5892
22.8937
26.5441
30.096
32.529
33.6312
33.8723
33.4694
32.8394
32.0502
30.626
28.6312
26.1363
22.7549
19.0474
15.5584
11.8259
7.52988
2.81995
-2.7618
-9.04171
-16.0836
-22.9448
-28.7826
-33.2903
-36.921
-40.3783
-42.9679
-44.1033
-43.7236
-42.6447
-41.9905
-40.5653
-37.3334
-33.0063
-28.1426
-23.6735
-19.7516
-15.4685
-10.5179
-4.68714
1.43941
7.42873
13.2293
18.9028
23.6799
26.7666
28.57
29.0276
27.1099
23.3752
19.3336
15.8006
12.89
9.07404
5.17941
3.05952
3.13372
4.477
6.6663
7.33986
5.29497
2.8326
2.1803
3.2628
5.16811
6.72364
7.03638
5.88409
4.09918
2.87306
1.06383
-1.1063
-2.83369
-3.3208
-3.00612
-2.34632
-0.810694
0.585475
2.0346
3.51055
4.28649
4.38438
4.61647
5.05125
5.6358
7.01032
8.16315
9.33989
11.6589
13.902
14.4456
13.9245
13.6246
12.8523
12.4384
12.3977
10.7742
7.4409
4.21467
2.36961
1.28135
0.423403
-1.20493
-3.61412
-6.40896
-7.33574
-6.67985
-5.39043
-3.07254
0.565665
3.92213
5.57434
6.58555
8.53711
10.5598
11.6594
11.5653
11.8866
13.0199
15.4225
19.3088
25.1373
30.4122
34.2765
37.6756
42.2317
47.3257
51.4259
52.6055
51.5586
49.1147
44.8134
40.1337
35.0322
28.0999
19.0701
9.22279
-1.4192
-13.3771
-26.5227
-39.2139
-51.0322
-61.5007
-70.2743
-79.9831
-89.5124
-96.8089
-103.68
-112.171
-120.396
-126.69
-132.432
-135.534
-135.593
-133.087
-125.955
-114.883
-102.151
-87.6635
-71.0081
-51.9567
-30.131
-5.71044
18.0188
42.5538
70.1286
99.5955
129.454
158.068
184.408
206.213
222.455
234.394
242.845
245.878
241.882
231.776
217.523
201.558
183.399
162.078
138.29
114.625
88.0385
57.332
22.3173
-13.8699
-47.6902
-80.1847
-112.81
-145.205
-174.268
-198.758
-218.711
-235.73
-249.223
-257.971
-263.788
-267.212
-265.073
-259.314
-249.5
-237.135
-219.484
-195.818
-169.562
-142.046
-111.992
-77.3504
-41.2198
-9.73192
17.7151
45.7747
74.014
98.6842
120.158
141.55
161.789
177.997
190.619
199.64
202.826
197.13
181.772
158.594
129.542
98.3701
66.3045
31.2187
-8.15705
-50.4793
-89.8709
-124.695
-155.602
-183.576
-207.965
-226.624
-241.301
-251.715
-257.985
-260.259
-256.988
-247.54
-228.96
-199.078
-160.713
-120.3
-80.0702
-41.8856
-2.7216
40.8798
87.9635
137.121
183.98
228.944
270.647
309.103
345.724
382.692
417.923
445.72
463.31
472.544
472.8
463.445
444.713
419.032
387.408
350.474
309.372
264.404
217.557
167.522
111.542
53.4486
-5.75272
-64.6478
-121.245
-178.14
-234.099
-287
-334.949
-375.74
-409.707
-435.891
-457.077
-471.59
-474.765
-466.614
-449.437
-426.3
-397.088
-362.617
-325.593
-286.52
-241.597
-191.382
-140.441
-92.1471
-46.5342
-0.765628
47.7323
100.173
153.794
203.998
249.347
289.84
327.496
361.002
387.676
403.615
408.05
400.825
385.402
366.54
344.115
317.241
283.785
243.028
197.332
150.983
104.165
56.1321
6.99476
-43.9258
-95.8816
-148.808
-196.932
-239.152
-273.696
-303.458
-328.649
