135
0
0
135.1
0
0
135.201
0
0
135.3
0
0
135.401
0
0
135.5
0
0
135.6
0
0
135.701
0
0
135.8
0
0
135.9
0
0
136
0
0
136.1
0
0
136.2
0
0
136.3
0
0
136.4
0
0
136.5
0
0
136.6
0
0
136.701
0
0
136.8
0
0
136.9
0
0
137
0
0
137.101
0
0
137.2
0
0
137.3
0
0
137.4
0
0
137.501
0
0
137.6
0
0
137.7
0
0
137.8
0
0
137.9
0
0
138
0
0
138.101
0
0
138.2
0
0
138.3
0
0
138.4
0
0
138.5
0
0
138.6
0
0
138.7
0
0
138.8
0
0
138.9
0
0
139
0
0
139.1
0
0
139.2
0
0
139.3
0
0
139.4
0
0
139.501
0
0
139.6
0
0
139.7
0
0
139.8
0
0
139.9
0
0
140
0
0
140.1
0
0
140.2
0
0
140.3
0
0
140.4
0
0
140.5
0
0
140.6
0
0
140.7
0
0
140.8
0
0
140.9
0
0
141
0
0
141.1
0
0
141.201
0
0
141.301
0
0
141.4
0
0
141.5
0
0
141.6
0
0
141.7
0
0
141.8
0
0
141.9
0
0
142
0
0
142.101
0
0
142.2
0
0
142.3
0
0
142.4
0
0
142.5
0
0
142.6
0
0
142.7
0
0
142.8
0
0
142.901
0
0
143
0
0
143.1
0
0
143.2
0
0
143.3
0
0
143.4
0
0
143.5
0
0
143.6
0
0
143.7
0
0
143.8
0
0
143.9
0
0
144
0
0
144.1
0
0
144.2
0
0
144.301
0
0
144.4
0
0
144.5
0
0
144.6
0
0
144.701
0
0
144.8
0
0
144.9
0
0
145.001
0
0
145.1
0
0
145.2
0
0
145.3
0
0
145.401
0
0
145.5
0
0
145.6
0
0
145.7
0
0
145.8
0
0
145.9
0
0
146
0
0
146.1
0
0
146.201
0
0
146.3
0
0
146.4
0
0
146.501
0
0
146.6
0
0
146.7
0
0
146.8
0
0
146.9
0
0
147.001
0
0
147.1
0
0
147.2
0
0
147.301
0
0
147.4
0
0
147.5
0
0
147.6
0
0
147.701
0
0
147.8
0
0
147.9
0
0
148
0
0
148.1
0
0
148.2
0
0
148.3
0
0
148.4
0
0
148.5
0
0
148.6
0
0
148.701
0
0
148.8
0
0
148.901
0
0
149
0
0
149.1
0
0
149.2
0
0
149.3
0
0
149.4
0
0
149.5
0
0
149.6
0
0
149.7
0
0
149.8
0
0
149.9
0
0
150
0
0
150.1
0
0
150.2
0
0
150.3
0
0
150.4
0
0
150.5
0
0
150.601
0
0
150.7
0
0
150.8
0
0
150.9
0
0
151
0
0
151.1
0
0
151.2
0
0
151.3
0
0
151.401
0
0
151.5
0
0
151.6
0
0
151.7
0
0
151.8
0
0
151.9
0
0
152
0
0
152.1
0
0
152.2
0
0
152.3
0
0
152.4
0
0
152.5
0
0
152.6
0
0
152.701
0
0
152.8
0
0
152.9
0
0
153
0
0
153.1
0
0
153.2
0
0
153.3
0
0
153.4
0
0
153.5
0
0
153.601
0
0
153.7
0
0
153.8
0
0
153.9
0
0
154
0
0
154.1
0
0
154.2
0
0
154.301
0
0
154.4
0
0
154.501
0
0
154.6
0
0
154.7
0
0
154.8
0
0
154.9
0
0
155.001
0
0
155.1
0
0
0.078403
0
0
0.178762
0
0
0.278368
0
0
0.37782
0
0
0.478449
0
0
0.578304
0
0
0.67885
0
0
0.778012
0
0
0.878108
0
0
0.97801
0
0
1.07851
0
0
1.17833
0
0
1.27786
0
0
1.37835
0
0
1.47882
0
0
1.57797
0
0
1.67828
0
0
1.77872
0
0
1.87874
0
0
1.97801
0
0
2.07846
0
0
2.17825
0
0
2.27871
0
0
2.37829
0
0
2.4782
0
0
2.57845
0
0
2.67802
0
0
2.77885
0
0
2.87833
0
0
2.97865
0
0
3.07887
0
0
3.17859
0
0
3.27812
0
0
3.37874
0
0
3.47826
0
0
3.57847
0
0
3.67791
0
0
3.77797
0
0
3.87785
0
0
3.97816
0
0
4.07786
0
0
4.17801
0
0
4.27876
0
0
4.37885
0
0
4.47822
0
0
4.57861
0
0
4.67852
0
0
4.77872
0
0
4.87851
0
0
4.97865
0
0
5.07886
0
0
5.1786
0
0
5.27817
0
0
5.37887
0
0
5.47862
0
0
5.57859
0
0
5.67834
0
0
5.77885
0
0
5.87876
0
0
5.97796
0
0
6.07887
0
0
6.17801
0
0
6.27865
0
0
6.37808
0
0
6.47856
0
0
6.57856
0
0
6.67853
0
0
6.77874
0
0
6.87886
0
0
6.9783
0
0
7.07875
0
0
7.17836
0
0
7.27875
0
0
7.37822
0
0
7.47865
0
0
7.57809
0
0
7.67858
0
0
7.77857
0
0
7.87857
0
0
7.97836
0
0
8.07801
0
0
8.17842
0
0
8.2784
0
0
8.37884
0
0
8.47811
0
0
8.57884
0
0
8.67809
0
0
8.77806
0
0
8.87845
0
0
8.9786
0
0
9.0784
0
0
9.17835
0
0
9.27805
0
0
9.37861
0
0
9.47872
0
0
9.57855
0
0
9.67799
0
0
9.77813
0
0
9.8782
0
0
9.97857
0
0
10.0788
0
0
10.1784
0
0
10.2782
0
0
10.3789
0
0
10.4785
0
0
10.578
0
0
10.6784
0
0
10.7789
0
0
10.8782
0
0
10.9781
0
0
11.0784
0
0
11.1785
0
0
11.2789
0
0
11.3789
0
0
11.4783
0
0
11.578
0
0
11.678
0
0
11.7786
0
0
11.8783
0
0
11.9787
0
0
12.0782
0
0
12.1785
0
0
12.278
0
0
12.3787
0
0
12.4782
0
0
12.5788
0
0
12.6787
0
0
12.7789
0
0
12.8779
0
0
12.978
0
0
13.0784
0
0
13.1789
0
0
13.2786
0
0
13.3785
0
0
13.4783
0
0
13.5782
0
0
13.6787
0
0
13.7781
0
0
13.8789
0
0
13.978
0
0
14.0786
0
0
14.1784
0
0
14.2784
0
0
14.3788
0
0
14.4783
0
0
14.5787
0
0
14.6787
0
0
14.7779
0
0
14.8786
0
0
14.9783
0
0
15.0786
0
0
15.1788
0
0
15.2787
0
0
15.3781
0
0
15.4785
0
0
15.5786
0
0
15.6789
0
0
15.7786
0
0
15.8786
0
0
15.9788
0
0
16.0785
0
0
16.1784
0
0
16.2785
0
0
16.3782
0
0
16.4787
0
0
16.5784
0
0
16.6786
0
0
16.7787
0
0
16.8787
0
0
16.9789
0
0
17.0788
0
0
17.1781
0
0
17.2784
0
0
17.3785
0
0
17.4784
0
0
17.5786
0
0
17.6784
0
0
17.7784
0
0
17.8786
0
0
17.9783
0
0
18.0789
0
0
18.1783
0
0
18.2786
0
0
18.379
0
0
18.4783
0
0
18.5787
0
0
18.6778
0
0
18.7786
0
0
18.8784
0
0
18.9784
0
0
19.0782
0
0
19.1784
0
0
19.2785
0
0
19.3788
0
0
19.4785
0
0
19.5781
0
0
19.6786
0
0
19.7789
0
0
19.8789
0
0
19.9784
0
0
20.0786
0
0
20.1781
0
0
20.2784
0
0
20.3781
0
0
20.4781
0
0
20.5784
0
0
20.6789
0
0
20.7785
0
0
20.8787
0
0
20.9784
0
0
21.0782
0
0
21.1782
0
0
21.2784
0
0
21.3788
0
0
21.4784
0
0
21.5782
0
0
21.6781
0
0
21.7781
0
0
21.8789
0
0
21.9783
0
0
22.0784
0
0
22.1786
0
0
22.2789
0
0
22.3781
0
0
22.4789
0
0
22.5781
0
0
22.678
0
0
22.7786
0
0
22.8786
0
0
22.9789
0
0
23.0786
0
0
23.1783
0
0
23.278
0
0
23.3782
0
0
23.4787
0
0
23.5782
0
0
23.6788
0
0
23.778
0
0
23.8787
0
0
23.9784
0
0
24.0786
0
0
24.1789
0
0
24.2782
0
0
24.3782
0
0
24.4788
0
0
24.578
0
0
24.6784
0
0
24.7788
0
0
24.8783
0
0
24.978
0
0
25.0783
0
0
25.1786
0
0
25.2789
0
0
25.3785
0
0
25.478
0
0
25.5784
0
0
25.6789
0
0
25.7788
0
0
25.8784
0
0
25.9779
0
0
26.0784
0
0
26.1781
0
0
26.278
0
0
26.378
0
0
26.4787
0
0
26.5782
0
0
26.6786
0
0
26.7782
0
0
26.8783
0
0
26.9781
0
0
27.079
0
0
27.1782
0
0
27.2783
0
0
27.3789
0
0
27.4785
0
0
27.5784
0
0
27.678
0
0
27.7781
0
0
27.8787
0
0
27.9787
0
0
28.0786
0
0
28.1784
0
0
28.2787
0
0
28.3787
0
0
28.4784
0
0
28.5781
0
0
28.678
0
0
28.7785
0
0
28.8783
0
0
28.979
0
0
29.0782
0
0
29.1788
0
0
29.2785
0
0
29.3781
0
0
29.4783
0
0
29.5779
0
0
29.6787
0
0
29.7787
0
0
29.8788
0
0
29.9784
0
0
30.0785
0
0
30.178
0
0
30.278
0
0
30.3789
0
0
30.4789
0
0
30.5781
0
0
30.678
0
0
30.7789
0
0
30.8787
0
0
30.9781
0
0
31.0782
0
0
31.1787
0
0
31.2788
0
0
31.3785
0
0
31.4787
0
0
31.5783
0
0
31.6787
0
0
31.7783
0
0
31.8783
0
0
31.9781
0
0
32.0786
0
0
32.1783
0
0
32.2785
0
0
32.3788
0
0
32.4785
0
0
32.5787
0
0
32.6788
0
0
32.7782
0
0
32.8784
0
0
32.9789
0
0
33.0781
0
0
33.1783
0
0
33.2789
0
0
33.3783
0
0
33.4788
0
0
33.578
0
0
33.6781
0
0
33.7781
0
0
33.8784
0
0
33.9788
0
0
34.0781
0
0
34.1783
0
0
34.2783
0
0
34.3784
0
0
34.4786
0
0
34.5785
0
0
34.6786
0
0
34.7788
0
0
34.8788
0
0
34.978
0
0
35.0788
0
0
35.1783
0
0
35.2789
0
0
35.3782
0
0
35.4789
0
0
35.579
0
0
35.678
0
0
35.778
0
0
35.8784
0
0
35.9782
0
0
36.0788
0
0
36.1785
0
0
36.2783
0
0
36.378
0
0
36.4788
0
0
36.5784
0
0
36.6787
0
0
36.7782
0
0
36.8786
0
0
36.9788
0
0
37.0787
0
0
37.1786
0
0
37.2782
0
0
37.378
0
0
37.4784
0
0
37.5786
0
0
37.6781
0
0
37.778
0
0
37.8787
0
0
37.9789
0
0
38.0785
0
0
38.1783
0
0
38.2789
0
0
38.3782
0
0
38.4788
0
0
38.5781
0
0
38.6781
0
0
38.7789
0
0
38.8788
0
0
38.9788
0
0
39.0786
0
0
39.1783
0
0
39.2788
0
0
39.3784
0
0
39.4789
0
0
39.5784
0
0
39.6781
0
0
39.7787
0
0
39.8788
0
0
39.9785
0
0
40.0786
0
0
40.1788
0
0
40.2781
0
0
40.3789
0
0
40.4788
0
0
40.5783
0
0
40.6782
0
0
40.7783
0
0
40.8786
0
0
40.9783
0
0
41.0787
0
0
41.1782
0
0
41.2789
0
0
41.3782
0
0
41.4782
0
0
41.5781
0
0
41.6788
0
0
41.7789
0
0
41.8783
0
0
41.9788
0
0
42.0781
0
0
42.1788
0
0
42.2788
0
0
42.3789
0
0
42.4781
0
0
42.5784
0
0
42.6788
0
0
42.7785
0
0
42.8782
0
0
42.9783
0
0
43.0789
0
0
43.1787
0
0
43.2781
0
0
43.3786
0
0
43.4781
0
0
43.5782
0
0
43.6781
0
0
43.7781
0
0
43.8786
0
0
43.9781
0
0
44.0786
0
0
44.1785
0
0
44.2786
0
0
44.3782
0
0
44.4784
0
0
44.5789
0
0
44.6787
0
0
44.7788
0
0
44.8787
0
0
44.9788
0
0
45.0787
0
0
45.1787
0
0
45.2782
0
0
45.3784
0
0
45.4781
0
0
45.5785
0
0
45.6781
0
0
45.7785
0
0
45.8786
0
0
45.9782
0
0
46.0785
0
0
46.1788
0
0
46.278
0
0
46.3786
0
0
46.4781
0
0
46.5787
0
0
46.6788
0
0
46.7786
0
0
46.8783
0
0
46.9783
0
0
47.0787
0
0
47.1785
0
0
47.2783
0
0
47.3781
0
0
47.478
0
0
47.5789
0
0
47.6787
0
0
47.7786
0
0
47.878
0
0
47.978
0
0
48.0782
0
0
48.1783
0
0
48.2779
0
0
48.3787
0
0
48.4781
0
0
48.5781
0
0
48.6779
0
0
48.7788
0
0
48.878
0
0
48.9783
0
0
49.078
0
0
49.1779
0
0
49.2789
0
0
49.378
0
0
49.4781
0
0
49.5788
0
0
49.6784
0
0
49.7786
0
0
49.8787
0
0
49.9789
0
0
50.0785
0
0
50.1788
0
0
50.2781
0
0
50.3779
0
0
50.4784
0
0
50.5785
0
0
50.6781
0
0
50.7781
0
0
50.8784
0
0
50.9787
0
0
51.0781
0
0
51.1782
0
0
51.2782
0
0
51.3782
0
0
51.4784
0
0
51.578
0
0
51.6779
0
0
51.7785
0
0
51.8782
0
0
51.9781
0
0
52.0783
0
0
52.1788
0
0
52.2785
0
0
52.3782
0
0
52.4783
0
0
52.5786
0
0
52.6785
0
0
52.7783
0
0
52.8781
0
0
52.9784
0
0
53.0788
0
0
53.1785
0
0
53.2784
0
0
53.3783
0
0
53.4788
0
0
53.5782
0
0
53.6785
0
0
53.7786
0
0
53.878
0
0
53.9779
0
0
54.0784
0
0
54.1783
0
0
54.2785
0
0
54.3789
0
0
54.4785
0
0
54.578
0
0
54.6785
0
0
54.7785
0
0
54.8787
0
0
54.9788
0
0
55.0781
0
0
55.1788
0
0
55.2785
0
0
55.3782
0
0
55.4789
0
0
55.5789
0
0
55.6788
0
0
55.7782
0
0
55.8782
0
0
55.9784
0
0
56.0785
0
0
56.1784
0
0
56.2784
0
0
56.3786
0
0
56.4781
0
0
56.5786
0
0
56.6789
0
0
56.7783
0
0
56.8785
0
0
56.9782
0
0
57.078
0
0
57.1784
0
0
57.2789
0
0
57.3786
0
0
57.4783
0
0
57.5782
0
0
57.6784
0
0
57.7782
0
0
57.8788
0
0
57.9785
0
0
58.0786
0
0
58.1789
0
0
58.2789
0
0
58.3782
0
0
58.4787
0
0
58.5783
0
0
58.6789
0
0
58.7789
0
0
58.8779
0
0
58.978
0
0
59.0781
0
0
59.1788
0
0
59.2788
0
0
59.3781
0
0
59.4781
0
0
59.5789
0
0
59.678
0
0
59.7778
0
0
59.8784
0
0
59.9785
0
0
60.0787
0
0
60.1789
0
0
60.278
0
0
60.3789
0
0
60.4782
0
0
60.5786
0
0
60.6784
0
0
60.7781
0
0
60.8782
0
0
60.9789
0
0
61.0788
0
0
61.1785
0
0
61.2783
0
0
61.3785
0
0
61.4783
0
0
61.5786
0
0
61.678
0
0
61.7781
0
0
61.8782
0
0
61.9782
0
0
62.078
0
0
62.178
0
0
62.2789
0
0
62.3782
0
0
62.4789
0
0
62.5781
0
0
62.6788
0
0
62.7781
0
0
62.8786
0
0
62.9789
0
0
63.0787
0
0
63.178
0
0
63.2781
0
0
63.3786
0
0
63.4788
0
0
63.5789
0
0
63.6781
0
0
63.7785
0
0
63.8781
0
0
63.9789
0
0
64.0781
0
0
64.1782
0
0
64.2786
0
0
64.3788
0
0
64.4782
0
0
64.578
0
0
64.6789
0
0
64.778
0
0
64.8783
0
0
64.978
0
0
65.078
0
0
65.1787
0
0
65.2781
0
0
65.378
0
0
65.4781
0
0
65.5785
0
0
65.6784
0
0
65.7786
0
0
65.8789
0
0
65.9782
0
0
66.0785
0
0
66.1781
0
0
66.2789
0
0
66.3783
0
0
66.4781
0
0
66.5779
0
0
66.6789
0
0
66.778
0
0
66.8787
0
0
66.9787
0
0
67.0782
0
0
67.1785
0
0
67.2788
0
0
67.3782
0
0
67.4782
0
0
67.578
0
0
67.6781
0
0
67.7786
0
0
67.8784
0
0
67.979
0
0
68.0789
0
0
68.178
0
0
68.2787
0
0
68.3785
0
0
68.4785
0
0
68.5784
0
0
68.6784
0
0
68.7785
0
0
68.878
0
0
68.9785
0
0
69.078
0
0
69.1788
0
0
69.278
0
0
69.378
0
0
69.4782
0
0
69.5788
0
0
69.6788
0
0
69.778
0
0
69.8782
0
0
69.9784
0
0
70.0789
0
0
70.1788
0
0
70.278
0
0
70.3783
0
0
70.4786
0
0
70.5799
0
0
70.6782
0
0
70.7788
0
0
70.8788
0
0
70.9783
0
0
71.0794
0
0
71.1782
0
0
71.2788
0
0
71.3781
0
0
71.478
0
0
71.5799
0
0
71.6786
0
0
71.7785
0
0
71.8789
0
0
71.9788
0
0
72.0799
0
0
72.1783
0
0
72.2789
0
0
72.3782
0
0
72.4787
0
0
72.5787
0
0
72.6789
0
0
72.7785
0
0
72.8781
0
0
72.9787
0
0
73.0786
0
0
73.1789
0
0
73.2787
0
0
73.3785
0
0
73.4787
0
0
73.5789
0
0
73.6784
0
0
73.7781
0
0
73.8787
0
0
73.9783
0
0
74.0786
0
0
74.1779
0
0
74.2781
0
0
74.3789
0
0
74.4783
0
0
74.5787
0
0
74.6783
0
0
74.7786
0
0
74.8781
0
0
74.9786
0
0
75.0789
0
0
75.1785
0
0
75.2789
0
0
75.3789
0
0
75.4784
0
0
75.579
0
0
75.6787
0
0
75.7785
0
0
75.8783
0
0
75.978
0
0
76.0783
0
0
76.1786
0
0
76.2781
0
0
76.3783
0
0
76.4788
0
0
76.5782
0
0
76.6784
0
0
76.778
0
0
76.878
0
0
76.9787
0
0
77.0782
0
0
77.1782
0
0
77.2789
0
0
77.3787
0
0
77.478
0
0
77.5786
0
0
77.6788
0
0
77.7784
0
0
77.8786
0
0
77.978
0
0
78.0788
0
0
78.1783
0
0
78.2789
0
0
78.3783
0
0
78.4782
0
0
78.5782
0
0
78.6789
0
0
78.7786
0
0
78.8785
0
0
78.978
0
0
79.078
0
0
79.1789
0
0
79.2781
0
0
79.3787
0
0
79.4781
0
0
79.5781
0
0
79.6781
0
0
79.7783
0
0
79.8784
0
0
79.9784
0
0
80.0781
0
0
80.1785
0
0
80.2782
0
0
80.3782
0
0
80.4782
0
0
80.5784
0
0
80.6783
0
0
80.7785
0
0
80.8783
0
0
80.9783
0
0
81.0781
0
0
81.1781
0
0
81.2779
0
0
81.3784
0
0
81.478
0
0
81.5786
0
0
81.678
0
0
81.778
0
0
81.8784
0
0
81.9783
0
0
82.0786
0
0
82.1783
0
0
82.2786
0
0
82.3789
0
0
82.4787
0
0
82.5786
0
0
82.6779
0
0
82.778
0
0
82.8783
0
0
82.9787
0
0
83.0782
0
0
83.1789
0
0
83.278
0
0
83.3782
0
0
83.4789
0
0
83.5787
0
0
83.6789
0
0
83.7788
0
0
83.8786
0
0
83.9785
0
0
84.0782
0
0
84.1788
0
0
84.278
0
0
84.3784
0
0
84.4785
0
0
84.5787
0
0
84.678
0
0
84.7786
0
0
84.8782
0
0
84.9788
0
0
85.0788
0
0
85.1781
0
0
85.2784
0
0
85.3783
0
0
85.4786
0
0
85.5782
0
0
85.6781
0
0
85.7779
0
0
85.8781
0
0
85.978
0
0
86.0787
0
0
86.1784
0
0
86.2786
0
0
86.3785
0
0
86.4783
0
0
86.5788
0
0
86.6786
0
0
86.7783
0
0
86.8788
0
0
86.9787
0
0
87.0787
0
0
87.1784
0
0
87.278
0
0
87.378
0
0
87.4787
0
0
87.5787
0
0
87.6786
0
0
87.7785
0
0
87.8789
0
0
87.9782
0
0
88.0789
0
0
88.1785
0
0
88.2784
0
0
88.3781
0
0
88.4787
0
0
88.5789
0
0
88.6786
0
0
88.7783
0
0
88.8781
0
0
88.9784
0
0
89.078
0
0
89.178
0
0
89.2786
0
0
89.3785
0
0
89.4785
0
0
89.5781
0
0
89.6781
0
0
89.778
0
0
89.8788
0
0
89.978
0
0
90.0783
0
0
90.1789
0
0
90.2788
0
0
90.3785
0
0
90.4782
0
0
90.5789
0
0
90.6789
0
0
90.7784
0
0
90.8788
0
0
90.9789
0
0
91.0789
0
0
91.1785
0
0
91.2789
0
0
91.3783
0
0
91.4785
0
0
91.5785
0
0
91.6783
0
0
91.7786
0
0
91.8784
0
0
91.9786
0
0
92.0788
0
0
92.1789
0
0
92.2786
0
0
92.378
0
0
92.4785
0
0
92.5784
0
0
92.679
0
0
92.7786
0
0
92.8784
0
0
92.9784
0
0
93.0784
0
0
93.1781
0
0
93.2783
0
0
93.3781
0
0
93.4781
0
0
93.5785
0
0
93.6789
0
0
93.7785
0
0
93.878
0
0
93.9782
0
0
94.0789
0
0
94.1783
0
0
94.2796
0
0
94.3786
0
0
94.4781
0
0
94.578
0
0
94.6784
0
0
94.7785
0
0
94.8789
0
0
94.978
0
0
95.0785
0
0
95.1789
0
0
95.2788
0
0
95.3789
0
0
95.4784
0
0
95.5784
0
0
95.678
0
0
95.7783
0
0
95.8784
0
0
95.9783
0
0
96.0782
0
0
96.1781
0
0
96.2784
0
0
96.3785
0
0
96.4782
0
0
96.5789
0
0
96.6785
0
0
96.7788
0
0
96.8788
0
0
96.9782
0
0
97.0784
0
0
97.1787
0
0
97.2781
0
0
97.3789
0
0
97.4784
0
0
97.5782
0
0
97.6789
0
0
97.7781
0
0
97.8784
0
0
97.978
0
0
98.0785
0
0
98.1789
0
0
98.2786
0
0
98.3785
0
0
98.4787
0
0
98.5781
0
0
98.6785
0
0
98.7784
0
0
98.878
0
0
98.9782
0
0
99.0785
0
0
99.1783
0
0
99.2786
0
0
99.3789
0
0
99.4783
0
0
99.5786
0
0
99.6782
0
0
99.7783
0
0
99.8787
0
0
99.9786
0
0
100.078
0
0
100.178
0
0
100.279
0
0
100.378
0
0
100.479
0
0
100.579
0
0
100.678
0
0
100.779
0
0
100.878
0
0
100.978
0
0
101.078
0
0
101.178
0
0
101.278
0
0
101.378
0
0
101.479
0
0
101.579
0
0
101.679
0
0
101.779
0
0
101.879
0
0
101.978
0
0
102.079
0
0
102.178
0
0
102.278
0
0
102.378
0
0
102.478
0
0
102.578
0
0
102.678
0
0
102.778
0
0
102.878
0
0
102.978
0
0
103.078
0
0
103.179
0
0
103.278
0
0
103.378
0
0
103.479
0
0
103.579
0
0
103.678
0
0
103.778
0
0
103.878
0
0
103.978
0
0
104.079
0
0
104.178
0
0
104.278
0
0
104.379
0
0
104.479
0
0
104.579
0
0
104.678
0
0
104.779
0
0
104.878
0
0
104.978
0
0
105.078
0
0
105.178
0
0
105.278
0
0
105.378
0
0
105.479
0
0
105.579
0
0
105.678
0
0
105.779
0
0
105.878
0
0
105.978
0
0
106.078
0
0
106.178
0
0
106.278
0
0
106.379
0
0
106.479
0
0
106.579
0
0
106.678
0
0
106.779
0
0
106.878
0
0
106.978
0
0
107.078
0
0
107.178
0
0
107.279
0
0
107.379
0
0
107.478
0
0
107.578
0
0
107.679
0
0
107.779
0
0
107.879
0
0
107.979
0
0
108.078
0
0
108.178
0
0
108.278
0
0
108.379
0
0
108.479
0
0
108.579
0
0
108.678
0
0
108.779
0
0
108.878
0
0
108.978
0
0
109.079
0
0
109.178
0
0
109.278
0
0
109.378
0
0
109.478
0
0
109.579
0
0
109.678
0
0
109.778
0
0
109.878
0
0
109.979
0
0
110.079
0
0
110.179
0
0
110.279
0
0
110.379
0
0
110.478
0
0
110.578
0
0
110.678
0
0
110.778
0
0
110.878
0
0
110.978
0
0
111.078
0
0
111.179
0
0
111.278
0
0
111.379
0
0
111.478
0
0
111.579
0
0
111.678
0
0
111.778
0
0
111.878
0
0
111.978
0
0
112.079
0
0
112.179
0
0
112.278
0
0
112.379
0
0
112.478
0
0
112.579
0
0
112.678
0
0
112.778
0
0
112.878
0
0
112.979
0
0
113.078
0
0
113.179
0
0
113.278
0
0
113.379
0
0
113.478
0
0
113.579
0
0
113.678
0
0
113.778
0
0
113.878
0
0
113.979
0
0
114.079
0
0
114.179
0
0
114.278
0
0
114.378
0
0
114.479
0
0
114.579
0
0
114.679
0
0
114.778
0
0
114.878
0
0
114.978
0
0
115.079
0
0
115.179
0
0
115.279
0
0
115.378
0
0
115.479
0
0
115.578
0
0
115.679
0
0
115.778
0
0
115.879
0
0
115.979
0
0
116.079
0
0
116.179
0
0
116.278
0
0
116.378
0
0
116.479
0
0
116.579
0
0
116.679
0
0
116.778
0
0
116.878
0
0
116.978
0
0
117.078
0
0
117.179
0
0
117.278
0
0
117.378
0
0
117.478
0
0
117.579
0
0
117.678
0
0
117.778
0
0
117.878
0
0
117.978
0
0
118.078
0
0
118.179
0
0
118.278
0
0
118.379
0
0
118.479
0
0
118.578
0
0
118.679
0
0
118.778
0
0
118.878
0
0
118.978
0
0
119.078
0
0
119.179
0
0
119.278
0
0
119.378
0
0
119.478
0
0
119.578
0
0
119.678
0
0
119.778
0
0
119.879
0
0
119.978
0
0
120.079
0
0
120.178
0
0
120.279
0
0
120.379
0
0
120.478
0
0
120.579
0
0
120.678
0
0
120.779
0
0
120.878
0
0
120.979
0
0
121.078
0
0
121.178
0
0
121.278
0
0
121.379
0
0
121.478
0
0
121.579
0
0
121.678
0
0
121.778
0
0
121.878
0
0
121.978
0
0
122.079
0
0
122.178
0
0
122.279
0
0
122.378
0
0
122.478
0
0
122.578
0
0
122.678
0
0
122.779
0
0
122.878
0
0
122.979
0
0
123.078
0
0
123.178
0
0
123.279
0
0
123.379
0
0
123.479
0
0
123.579
0
0
123.679
0
0
123.779
0
0
123.878
0
0
123.978
0
0
124.079
0
0
124.179
0
0
124.279
0
0
124.379
0
0
124.478
0
0
124.579
0
0
124.678
0
0
124.779
0
0
124.879
0
0
124.978
0
0
125.078
0
0
125.179
0
0
125.278
0
0
125.379
0
0
125.478
0
0
125.579
0
0
125.679
0
0
125.778
0
0
125.879
0
0
125.978
0
0
126.078
0
0
126.178
0
0
126.279
0
0
126.379
0
0
126.479
0
0
126.579
0
0
126.678
0
0
126.779
0
0
126.878
0
0
126.978
0
0
127.078
0
0
127.178
0
0
127.279
0
0
127.378
0
0
127.478
0
0
127.579
0
0
127.678
0
0
127.778
0
0
127.879
0
0
127.979
0
0
128.078
0
0
128.178
0
0
128.278
0
0
128.378
0
0
128.478
0
0
128.578
0
0
128.679
0
0
128.779
0
0
128.879
0
0
128.979
0
0
129.079
0
0
129.178
0
0
129.279
0
0
129.378
0
0
129.478
0
0
129.579
0
0
129.679
0
0
129.779
0
0
129.878
0
0
129.978
0
0
130.079
0
0
130.178
0
0
130.279
0
0
130.379
0
0
130.479
0
0
130.579
0
0
130.679
0
0
130.779
0
0
130.878
0
0
130.978
0
0
131.078
0
0
131.179
0
0
131.278
0
0
131.379
0
0
131.479
0
0
131.579
0
0
131.679
0
0
131.779
0
0
131.878
0
0
131.979
0
0
132.078
0
0
132.178
0
0
132.278
0
0
132.378
0
0
132.478
0
0
132.578
0
0
132.679
0
0
132.778
0
0
132.878
0
0
132.978
0
0
133.078
0
0
133.179
0
0
133.279
0
0
133.378
0
0
133.479
0
0
133.579
0
0
133.679
0
0
133.779
0
0
133.879
0
0
133.979
0
0
134.078
0
0
134.179
0
0
134.279
0
0
134.378
0
0
134.478
0
0
134.578
0
0
134.679
0
0
134.778
0
0
134.879
0
0
134.979
0
0
135.078
0
0
135.179
0
0
135.279
0
0
135.379
0
0
135.479
0
0
135.578
0
0
135.678
0
0
135.778
0
0
135.878
0
0
135.979
0
0
136.078
0
0
136.179
0
0
136.278
0
0
136.379
0
0
136.478
0
0
136.579
0
0
136.678
0
0
136.779
0
0
136.878
0
0
136.979
0
0
137.078
0
0
137.179
0
0
137.278
0
0
137.378
0
0
137.478
0
0
137.578
0
0
137.679
0
0
137.779
0
0
137.878
0
0
137.979
0
0
138.078
0
0
138.178
0
0
138.278
0
0
138.379
0
0
138.479
0
0
138.579
0
0
138.678
0
0
138.778
0
0
138.878
0
0
138.978
0
0
139.078
0
0
139.178
0
0
139.278
0
0
139.378
0
0
139.478
0
0
139.578
0
0
139.678
0
0
139.779
0
0
139.878
0
0
139.979
0
0
140.078
0
0
140.179
0
0
140.279
0
0
140.379
0
0
140.478
0
0
140.578
0
0
140.678
0
0
140.778
0
0
140.878
0
0
140.979
0
0
141.079
0
0
141.178
0
0
141.278
0
0
141.378
0
0
141.478
0
0
141.579
0
0
141.678
0
0
141.779
0
0
141.879
0
0
141.979
0
0
142.078
0
0
142.179
0
0
142.279
0
0
142.379
0
0
142.478
0
0
142.578
0
0
142.678
0
0
142.778
0
0
142.878
0
0
142.979
0
0
143.078
0
0
143.178
0
0
143.279
0
0
143.378
0
0
143.478
0
0
143.579
0
0
143.679
0
0
143.779
0
0
143.879
0
0
143.979
0
0
144.079
0
0
144.178
0
0
144.279
0
0
144.379
0
0
144.478
0
0
144.579
0
0
144.678
0
0
144.778
0
0
144.878
0
0
144.978
0
0
145.079
0
0
145.178
0
0
145.278
0
0
145.378
0
0
145.478
0
0
145.579
0
0
145.679
0
0
145.779
0
0
145.879
0
0
145.978
0
0
146.079
0
0
146.178
0
0
146.278
0
0
146.378
0
0
146.478
0
0
146.579
0
0
146.678
0
0
146.778
0
0
146.879
0
0
146.979
0
0
147.078
0
0
147.178
0
0
147.278
0
0
147.378
0
0
147.479
0
0
147.578
0
0
147.678
0
0
147.779
0
0
147.878
0
0
147.978
0
0
148.079
0
0
148.178
0
0
148.279
0
0
148.379
0
0
148.478
0
0
148.578
0
0
148.679
0
0
148.778
0
0
148.878
0
0
148.978
0
0
149.078
0
0
149.178
0
0
149.278
0
0
149.378
0
0
149.478
0
0
149.579
0
0
149.679
0
0
149.779
0
0
149.878
0
0
149.979
0
0
150.078
0
0
150.179
0
0
150.279
0
0
150.378
0
0
150.478
0
0
150.578
0
0
150.678
0
0
150.779
0
0
150.878
0
0
150.978
0
0
151.079
0
0
151.179
0
0
151.278
0
0
151.378
0
0
151.478
0
0
151.578
0
0
151.679
0
0
151.778
0
0
151.879
0
0
151.978
0
0
152.078
0
0
152.179
0
0
152.278
0
0
152.379
0
0
152.478
0
0
152.579
0
0
152.678
0
0
152.778
0
0
152.879
0
0
152.978
0
0
153.079
0
0
153.178
0
0
153.279
0
0
153.379
0
0
153.478
0
0
153.579
0
0
153.679
0
0
153.779
0
0
153.878
0
0
153.979
0
0
154.078
0
0
154.178
0
0
154.278
0
0
154.379
0
0
154.478
0
0
154.578
0
0
154.679
0
0
154.778
0
0
154.879
0
0
154.978
0
0
155.078
0
0
155.179
0
0
155.278
0
0
155.379
0
0
155.479
0
0
155.578
0
0
155.678
0
0
155.779
0
0
155.879
0
0
155.978
0
0
156.079
0
0
156.179
0
0
156.278
0
0
156.378
0
0
156.478
0
0
156.578
0
0
156.678
0
0
156.779
0
0
156.878
0
0
156.978
0
0
157.078
0
0
157.178
0
0
157.278
0
0
157.379
0
0
157.478
0
0
157.578
0
0
157.678
0
0
157.779
0
0
157.879
0
0
157.979
0
0
158.078
0
0
158.179
0
0
158.279
0
0
158.379
0
0
158.479
0
0
158.579
0
0
158.678
0
0
158.779
0
0
158.878
0
0
158.979
0
0
159.078
0
0
159.179
0
0
159.278
0
0
159.378
0
0
159.478
0
0
159.578
0
0
159.679
0
0
159.778
0
0
159.878
0
0
159.978
0
0
160.079
0
0
160.179
0
0
160.279
0
0
160.378
0
0
160.479
0
0
160.579
0
0
160.678
0
0
160.779
0
0
160.879
0
0
160.978
0
0
161.079
0
0
161.178
0
0
161.278
0
0
161.378
0
0
161.479
0
0
161.578
0
0
161.679
0
0
161.778
0
0
161.878
0
0
161.978
0
0
162.078
0
0
162.179
0
0
162.279
0
0
162.378
0
0
162.479
0
0
162.579
0
0
162.678
0
0
162.778
0
0
162.878
0
0
162.978
0
0
163.078
0
0
163.178
0
0
163.279
0
0
163.378
0
0
163.478
0
0
163.578
0
0
163.679
0
0
163.778
0
0
163.879
0
0
163.979
0
0
164.078
0
0
164.179
0
0
164.278
0
0
164.378
0
0
164.479
0
0
164.578
0
0
164.678
0
0
164.778
0
0
164.878
0
0
164.978
0
0
165.079
0
0
165.178
0
0
165.278
0
0
165.379
0
0
165.478
0
0
165.579
0
0
165.678
0
0
165.779
0
0
165.878
0
0
165.978
0
0
166.078
0
0
166.178
0
0
166.279
0
0
166.378
0
0
166.478
0
0
166.578
0
0
166.678
0
0
166.778
0
0
166.878
0
0
166.978
0
0
167.079
0
0
167.178
0
0
167.278
0
0
167.378
0
0
167.478
0
0
167.579
0
0
167.679
0
0
167.778
0
0
167.879
0
0
167.978
0
0
168.078
0
0
168.178
0
0
168.278
0
0
168.379
0
0
168.478
0
0
168.579
0
0
168.678
0
0
168.779
0
0
168.878
0
0
168.978
0
0
169.078
0
0
169.178
0
0
169.278
0
0
169.379
0
0
169.478
0
0
169.579
0
0
169.679
0
0
169.778
0
0
169.878
0
0
169.978
0
0
170.078
0
0
170.179
0
0
170.278
0
0
170.378
0
0
170.479
0
0
170.578
0
0
170.678
0
0
170.778
0
0
170.878
0
0
170.979
0
0
171.079
0
0
171.179
0
0
171.279
0
0
171.379
0
0
171.479
0
0
171.578
0
0
171.678
0
0
171.778
0
0
171.879
0
0
171.978
0
0
172.078
0
0
172.179
0
0
172.278
0
0
172.378
0
0
172.479
0
0
172.579
0
0
172.678
0
0
172.779
0
0
172.878
0
0
172.978
0
0
173.078
0
0
173.178
0
0
173.279
0
0
173.379
0
0
173.479
0
0
173.579
0
0
173.678
0
0
173.778
0
0
173.878
0
0
173.978
0
0
174.079
0
0
174.178
0
0
174.278
0
0
174.378
0
0
174.478
0
0
174.579
0
0
174.678
0
0
174.778
0
0
174.878
0
0
174.978
0
0
175.079
0
0
175.178
0
0
175.279
0
0
175.378
0
0
175.479
0
0
175.578
0
0
175.678
0
0
175.779
0
0
175.878
0
0
175.978
0
0
176.078
0
0
176.178
0
0
176.278
0
0
176.378
0
0
176.479
0
0
176.579
0
0
176.678
0
0
176.778
0
0
176.878
0
0
176.979
0
0
177.078
0
0
177.179
0
0
177.279
0
0
177.378
0
0
177.479
0
0
177.578
0
0
177.678
0
0
177.778
0
0
177.878
0
0
177.979
0
0
178.078
0
0
178.179
0
0
178.279
0
0
178.378
0
0
178.479
0
0
178.578
0
0
178.678
0
0
178.778
0
0
178.878
0
0
178.979
0
0
179.078
0
0
179.178
0
0
179.278
0
0
179.379
0
0
179.479
0
0
179.578
0
0
179.678
0
0
179.778
0
0
179.878
0
0
179.979
0
0
180.078
0
0
180.178
0
0
180.278
0
0
180.379
0
0
180.478
0
0
180.578
0
0
180.678
0
0
180.779
0
0
180.879
0
0
180.978
0
0
181.078
0
0
181.178
0
0
181.278
0
0
181.378
0
0
181.479
0
0
181.578
0
0
181.678
0
0
181.778
0
0
181.878
0
0
181.979
0
0
182.079
0
0
182.179
0
0
182.278
0
0
182.378
0
0
182.479
0
0
182.579
0
0
182.678
0
0
182.779
0
0
182.879
0
0
182.979
0
0
183.078
0
0
183.178
0
0
183.278
0
0
183.378
0
0
183.479
0
0
183.578
0
0
183.678
0
0
183.778
0
0
183.878
0
0
183.978
0
0
184.078
0
0
184.178
0
0
184.278
0
0
184.379
0
0
184.478
0
0
184.578
0
0
184.678
0
0
184.778
0
0
184.879
0
0
184.978
0
0
185.078
0
0
185.179
0
0
185.279
0
0
185.379
0
0
185.478
0
0
185.579
0
0
185.678
0
0
185.778
0
0
185.879
0
0
185.979
0
0
186.079
0
0
186.178
0
0
186.278
0
0
186.378
0
0
186.478
0
0
186.578
0
0
186.679
0
0
186.779
0
0
186.878
0
0
186.978
0
0
187.079
0
0
187.178
0
0
187.279
0
0
187.378
0
0
187.478
0
0
187.579
0
0
187.678
0
0
187.778
0
0
187.878
0
0
187.978
0
0
188.079
0
0
188.178
0
0
188.279
0
0
188.378
0
0
188.478
0
0
188.579
0
0
188.678
0
0
188.778
0
0
188.879
0
0
188.978
0
0
189.079
0
0
189.178
0
0
189.278
0
0
189.379
0
0
189.478
0
0
189.579
0
0
189.678
0
0
189.779
0
0
189.879
0
0
189.978
0
0
190.079
0
0
190.178
0
0
190.278
0
0
190.379
0
0
190.478
0
0
190.578
0
0
190.679
0
0
190.778
0
0
190.878
0
0
190.978
0
0
191.078
0
0
191.179
0
0
191.279
0
0
191.379
0
0
191.478
0
0
191.579
0
0
191.679
0
0
191.779
0
0
191.878
0
0
191.978
0
0
192.079
0
0
192.179
0
0
192.279
0
0
192.378
0
0
192.478
0
0
192.578
0
0
192.678
0
0
192.778
0
0
192.878
0
0
192.979
0
0
193.079
0
0
193.179
0
0
193.279
0
0
193.379
0
0
193.479
0
0
193.578
0
0
193.678
0
0
193.778
0
0
193.879
0
0
193.978
0
0
194.078
0
0
194.178
0
0
194.278
0
0
194.378
0
0
194.478
0
0
194.578
0
0
194.679
0
0
194.778
0
0
194.878
0
0
194.978
0
0
195.078
0
0
195.178
0
0
195.279
0
0
195.379
0
0
195.478
0
0
195.578
0
0
195.678
0
0
195.778
0
0
195.879
0
0
195.979
0
0
196.078
0
0
196.179
0
0
196.278
0
0
196.379
0
0
196.478
0
0
196.578
0
0
196.678
0
0
196.779
0
0
196.879
0
0
196.979
0
0
197.079
0
0
197.178
0
0
197.278
0
0
197.379
0
0
197.479
0
0
197.579
0
0
197.678
0
0
197.778
0
0
197.879
0
0
197.979
0
0
198.078
0
0
198.178
0
0
198.279
0
0
198.379
0
0
198.479
0
0
198.578
0
0
198.678
0
0
198.778
0
0
198.879
0
0
198.978
0
0
199.078
0
0
199.179
0
0
199.279
0
0
199.378
0
0
199.478
0
0
199.578
0
0
199.678
0
0
199.779
0
0
199.878
0
0
199.978
0
0
200.078
0
0
200.179
0
0
200.278
0
0
200.379
0
0
200.478
0
0
200.578
0
0
200.679
0
0
200.778
0
0
200.878
0
0
200.978
0
0
201.078
0
0
201.179
0
0
201.279
0
0
201.379
0
0
201.479
0
0
201.579
0
0
201.678
0
0
201.778
0
0
201.878
0
0
201.978
0
0
202.078
0
0
202.179
0
0
202.278
0
0
202.378
0
0
202.478
0
0
202.578
0
0
202.678
0
0
202.779
0
0
202.879
0
0
202.979
0
0
203.079
0
0
203.179
0
0
203.279
0
0
203.379
0
0
203.478
0
0
203.578
0
0
203.678
0
0
203.779
0
0
203.879
0
0
203.978
0
0
204.078
0
0
204.179
0
0
204.279
0
0
204.379
0
0
204.478
0
0
204.579
0
0
204.678
0
0
204.779
0
0
204.879
0
0
204.978
0
0
205.079
0
0
205.178
0
0
205.278
0
0
205.379
0
0
205.478
0
0
205.579
0
0
205.678
0
0
205.778
0
0
205.879
0
0
205.979
0
0
206.078
0
0
206.178
0
0
206.278
0
0
206.379
0
0
206.478
0
0
206.579
0
0
206.678
0
0
206.778
0
0
206.878
0
0
206.979
0
0
207.079
0
0
207.179
0
0
207.278
0
0
207.379
0
0
207.479
0
0
207.579
0
0
207.679
0
0
207.779
0
0
207.878
0
0
207.978
0
0
208.079
0
0
208.179
0
0
208.279
0
0
208.379
0
0
208.479
0
0
208.578
0
0
208.678
0
0
208.779
0
0
208.878
0
0
208.978
0
0
209.078
0
0
209.179
0
0
209.278
0
0
209.378
0
0
209.479
0
0
209.578
0
0
209.678
0
0
209.778
0
0
209.879
0
0
209.979
0
0
210.079
0
0
210.178
0
0
210.279
0
0
210.378
0
0
210.478
0
0
210.578
0
0
210.678
0
0
210.778
0
0
210.879
0
0
210.979
0
0
211.078
0
0
211.178
0
0
211.279
0
0
211.379
0
0
211.478
0
0
211.578
0
0
211.678
0
0
211.778
0
0
211.879
0
0
211.978
0
0
212.079
0
0
212.179
0
0
212.279
0
0
212.379
0
0
212.479
0
0
212.578
0
0
212.678
0
0
212.778
0
0
212.878
0
0
212.978
0
0
213.078
0
0
213.178
0
0
213.279
0
0
213.378
0
0
213.479
0
0
213.578
0
0
213.678
0
0
213.778
0
0
213.878
0
0
213.978
0
0
214.078
0
0
214.179
0
0
214.279
0
0
214.379
0
0
214.479
0
0
214.579
0
0
214.678
0
0
214.778
0
0
214.879
0
0
214.978
0
0
215.078
0
0
215.179
0
0
215.278
0
0
215.378
0
0
215.478
0
0
215.578
0
0
215.678
0
0
215.778
0
0
215.878
0
0
215.978
0
0
216.078
0
0
216.178
0
0
216.279
0
0
216.378
0
0
216.479
0
0
216.578
0
0
216.679
0
0
216.778
0
0
216.879
0
0
216.978
0
0
217.078
0
0
217.178
0
0
217.278
0
0
217.378
0
0
217.478
0
0
217.579
0
0
217.679
0
0
217.779
0
0
217.878
0
0
217.978
0
0
218.079
0
0
218.178
0
0
218.278
0
0
218.378
0
0
218.48
0
0
218.579
0
0
218.678
0
0
218.778
0
0
218.879
0
0
218.978
0
0
219.079
0
0
219.179
0
0
219.278
0
0
219.379
0
0
219.478
0
0
219.578
0
0
219.678
0
0
219.779
0
0
219.878
0
0
219.978
0
0
220.078
0
0
220.178
0
0
220.279
0
0
220.379
0
0
220.479
0
0
220.578
0
0
220.679
0
0
220.778
0
0
220.878
0
0
220.978
0
0
221.079
0
0
221.179
0
0
221.278
0
0
221.379
0
0
221.479
0
0
221.578
0
0
221.679
0
0
221.778
0
0
221.878
0
0
221.978
0
0
222.079
0
0
222.179
0
0
222.278
0
0
222.379
0
0
222.478
0
0
222.578
0
0
222.679
0
0
222.778
0
0
222.878
0
0
222.978
0
0
223.078
0
0
223.178
0
0
223.278
0
0
223.378
0
0
223.479
0
0
223.579
0
0
223.679
0
0
0.014075
0
0
0.0955112
0
0
0.190369
0
0
0.285666
0
0
0.385957
0
0
0.485709
0
0
0.586376
0
0
0.68591
0
0
0.785744
0
0
0.885962
0
0
0.986356
0
0
1.08626
0
0
1.18603
0
0
1.28564
0
0
1.38657
0
0
1.48634
0
0
1.58608
0
0
1.68624
0
0
1.78609
0
0
1.88565
0
0
1.98606
0
0
2.08578
0
0
2.18639
0
0
2.28562
0
0
2.38623
0
0
2.48603
0
0
2.58577
0
0
2.68631
0
0
2.78615
0
0
2.88597
0
0
2.98563
0
0
3.0865
0
0
3.18626
0
0
3.28627
0
0
3.38622
0
0
3.48563
0
0
3.58588
0
0
3.68621
0
0
3.78654
0
0
3.88567
0
0
3.98598
0
0
4.08561
0
0
4.18588
0
0
4.28649
0
0
4.38591
0
0
4.48607
0
0
4.58629
0
0
4.68563
0
0
4.78607
0
0
4.88653
0
0
4.98652
0
0
5.08597
0
0
5.1861
0
0
5.28654
0
0
5.386
0
0
5.48617
0
0
5.58599
0
0
5.68636
0
0
5.78593
0
0
5.88601
0
0
5.98592
0
0
6.08576
0
0
6.18572
0
0
6.28562
0
0
6.38614
0
0
6.48563
0
0
6.58651
0
0
6.68587
0
0
6.78638
0
0
6.88573
0
0
6.98627
0
0
7.08642
0
0
7.18641
0
0
7.28648
0
0
7.38637
0
0
7.48566
0
0
7.58585
0
0
7.68578
0
0
7.7857
0
0
7.88623
0
0
7.98592
0
0
8.08564
0
0
8.18586
0
0
8.2864
0
0
8.38656
0
0
8.48577
0
0
8.58607
0
0
8.68624
0
0
8.7865
0
0
8.88627
0
0
8.98627
0
0
9.08613
0
0
9.18639
0
0
9.28613
0
0
9.38605
0
0
9.48658
0
0
9.58625
0
0
9.68652
0
0
9.78623
0
0
9.88622
0
0
9.98587
0
0
10.0865
0
0
10.1863
0
0
10.2865
0
0
10.3858
0
0
10.4861
0
0
10.5863
0
0
10.6863
0
0
10.7861
0
0
10.8856
0
0
10.9859
0
0
11.0866
0
0
11.1856
0
0
11.2863
0
0
11.3858
0
0
11.4861
0
0
11.586
0
0
11.6863
0
0
11.7856
0
0
11.8863
0
0
11.9858
0
0
12.0862
0
0
12.1857
0
0
12.2862
0
0
12.3862
0
0
12.4859
0
0
12.5862
0
0
12.6862
0
0
12.7856
0
0
12.8864
0
0
12.9866
0
0
13.0857
0
0
13.1856
0
0
13.2856
0
0
13.3858
0
0
13.4864
0
0
13.5857
0
0
13.6859
0
0
13.786
0
0
13.8863
0
0
13.9863
0
0
14.0856
0
0
14.1862
0
0
14.2862
0
0
14.3859
0
0
14.4865
0
0
14.586
0
0
14.6862
0
0
14.7859
0
0
14.8859
0
0
14.9857
0
0
15.0858
0
0
15.1865
0
0
15.2862
0
0
15.3859
0
0
15.4867
0
0
15.5862
0
0
15.6865
0
0
15.7858
0
0
15.8863
0
0
15.9867
0
0
16.0864
0
0
16.1862
0
0
16.2859
0
0
16.3865
0
0
16.4857
0
0
16.5856
0
0
16.6859
0
0
16.7862
0
0
16.8865
0
0
16.9858
0
0
17.0858
0
0
17.1866
0
0
17.2858
0
0
17.3865
0
0
17.4865
0
0
17.586
0
0
17.6857
0
0
17.7859
0
0
17.8859
0
0
17.9863
0
0
18.0857
0
0
18.1863
0
0
18.2864
0
0
18.3865
0
0
18.4859
0
0
18.5865
0
0
18.6859
0
0
18.7861
0
0
18.8856
0
0
18.9863
0
0
19.0859
0
0
19.1861
0
0
19.2864
0
0
19.3865
0
0
19.4866
0
0
19.5859
0
0
19.6861
0
0
19.7863
0
0
19.8862
0
0
19.9861
0
0
20.0865
0
0
20.1856
0
0
20.2859
0
0
20.3865
0
0
20.4867
0
0
20.5856
0
0
20.686
0
0
20.7863
0
0
20.8863
0
0
20.9862
0
0
21.086
0
0
21.1865
0
0
21.2862
0
0
21.3859
0
0
21.4857
0
0
21.5863
0
0
21.6863
0
0
21.7859
0
0
21.8856
0
0
21.9865
0
0
22.0863
0
0
22.1865
0
0
22.2858
0
0
22.3864
0
0
22.4863
0
0
22.586
0
0
22.6861
0
0
22.7862
0
0
22.8858
0
0
22.9864
0
0
23.0859
0
0
23.1858
0
0
23.2861
0
0
23.3859
0
0
23.486
0
0
23.5856
0
0
23.6863
0
0
23.7858
0
0
23.8865
0
0
23.9856
0
0
24.0862
0
0
24.1862
0
0
24.2856
0
0
24.3856
0
0
24.4866
0
0
24.5861
0
0
24.6856
0
0
24.786
0
0
24.8866
0
0
24.9857
0
0
25.0859
0
0
25.1865
0
0
25.2865
0
0
25.3863
0
0
25.4863
0
0
25.5863
0
0
25.6863
0
0
25.7861
0
0
25.8857
0
0
25.9861
0
0
26.0863
0
0
26.1861
0
0
26.2861
0
0
26.3858
0
0
26.4859
0
0
26.586
0
0
26.6857
0
0
26.7865
0
0
26.8862
0
0
26.9858
0
0
27.0857
0
0
27.1865
0
0
27.2859
0
0
27.3856
0
0
27.4861
0
0
27.5863
0
0
27.6865
0
0
27.786
0
0
27.8856
0
0
27.9857
0
0
28.0858
0
0
28.1857
0
0
28.2856
0
0
28.3866
0
0
28.486
0
0
28.5856
0
0
28.6856
0
0
28.7862
0
0
28.8863
0
0
28.9866
0
0
29.0856
0
0
29.1862
0
0
29.2859
0
0
29.3862
0
0
29.4859
0
0
29.5859
0
0
29.6862
0
0
29.7863
0
0
29.8865
0
0
29.9862
0
0
30.086
0
0
30.1863
0
0
30.2859
0
0
30.3863
0
0
30.4857
0
0
30.5864
0
0
30.6856
0
0
30.7864
0
0
30.8859
0
0
30.9865
0
0
31.0863
0
0
31.1858
0
0
31.286
0
0
31.386
0
0
31.4856
0
0
31.5864
0
0
31.6857
0
0
31.7857
0
0
31.8865
0
0
31.9864
0
0
32.0863
0
0
32.1865
0
0
32.2859
0
0
32.3857
0
0
32.4872
0
0
32.5859
0
0
32.6862
0
0
32.7862
0
0
32.886
0
0
32.9865
0
0
33.0863
0
0
33.1861
0
0
33.2865
0
0
33.3857
0
0
33.4863
0
0
33.5863
0
0
33.6865
0
0
33.7861
0
0
33.886
0
0
33.9859
0
0
34.0858
0
0
34.1865
0
0
34.2865
0
0
34.3863
0
0
34.4859
0
0
34.5858
0
0
34.6858
0
0
34.7861
0
0
34.8855
0
0
34.9858
0
0
35.0862
0
0
35.1864
0
0
35.2863
0
0
35.3857
0
0
35.4856
0
0
35.5865
0
0
35.6859
0
0
35.7857
0
0
35.8865
0
0
35.986
0
0
36.0859
0
0
36.1857
0
0
36.2865
0
0
36.386
0
0
36.4859
0
0
36.5861
0
0
36.6861
0
0
36.7858
0
0
36.8863
0
0
36.986
0
0
37.086
0
0
37.1858
0
0
37.2859
0
0
37.3862
0
0
37.4858
0
0
37.586
0
0
37.6865
0
0
37.786
0
0
37.8856
0
0
37.9869
0
0
38.0858
0
0
38.1857
0
0
38.286
0
0
38.3864
0
0
38.486
0
0
38.5855
0
0
38.6859
0
0
38.7864
0
0
38.8856
0
0
38.9857
0
0
39.0864
0
0
39.1857
0
0
39.2859
0
0
39.3864
0
0
39.4865
0
0
39.586
0
0
39.6857
0
0
39.7856
0
0
39.8857
0
0
39.9862
0
0
40.0865
0
0
40.1864
0
0
40.2856
0
0
40.386
0
0
40.4862
0
0
40.5862
0
0
40.6862
0
0
40.7865
0
0
40.8865
0
0
40.9865
0
0
41.0865
0
0
41.1864
0
0
41.286
0
0
41.3858
0
0
41.4861
0
0
41.5863
0
0
41.6859
0
0
41.786
0
0
41.8857
0
0
41.9861
0
0
42.0863
0
0
42.1859
0
0
42.2861
0
0
42.3865
0
0
42.487
0
0
42.5863
0
0
42.6858
0
0
42.7857
0
0
42.8924
0
0
42.9862
0
0
43.0856
0
0
43.1865
0
0
43.2856
0
0
43.3863
0
0
43.4861
0
0
43.5864
0
0
43.6861
0
0
43.7861
0
0
43.8857
0
0
43.9861
0
0
44.0859
0
0
44.1858
0
0
44.2861
0
0
44.3865
0
0
44.4857
0
0
44.5861
0
0
44.6859
0
0
44.7856
0
0
44.8861
0
0
44.986
0
0
45.086
0
0
45.1858
0
0
45.2859
0
0
45.3865
0
0
45.4863
0
0
45.5858
0
0
45.6858
0
0
45.7863
0
0
45.8858
0
0
45.9857
0
0
46.0865
0
0
46.1862
0
0
46.2858
0
0
46.3857
0
0
46.4865
0
0
46.5856
0
0
46.6861
0
0
46.7857
0
0
46.8866
0
0
46.9856
0
0
47.0857
0
0
47.1858
0
0
47.2861
0
0
47.3863
0
0
47.4865
0
0
47.5863
0
0
47.6862
0
0
47.7863
0
0
47.8856
0
0
47.9865
0
0
48.0861
0
0
48.1865
0
0
48.2865
0
0
48.3858
0
0
48.4858
0
0
48.5858
0
0
48.6863
0
0
48.7864
0
0
48.8858
0
0
48.9865
0
0
49.0863
0
0
49.1865
0
0
49.2865
0
0
49.3864
0
0
49.4859
0
0
49.5859
0
0
49.6862
0
0
49.7861
0
0
49.8861
0
0
49.9863
0
0
50.0859
0
0
50.1856
0
0
50.2859
0
0
50.3857
0
0
50.486
0
0
50.5857
0
0
50.6865
0
0
50.786
0
0
50.8858
0
0
50.9857
0
0
51.0865
0
0
51.186
0
0
51.286
0
0
51.3863
0
0
51.4862
0
0
51.5859
0
0
51.6858
0
0
51.7857
0
0
51.8865
0
0
51.9862
0
0
52.0861
0
0
52.1857
0
0
52.286
0
0
52.3859
0
0
52.4864
0
0
52.5859
0
0
52.6862
0
0
52.7862
0
0
52.8862
0
0
52.9863
0
0
53.0859
0
0
53.1857
0
0
53.2861
0
0
53.3858
0
0
53.4856
0
0
53.5862
0
0
53.6859
0
0
53.7864
0
0
53.8862
0
0
53.9863
0
0
54.0863
0
0
54.1862
0
0
54.2865
0
0
54.3863
0
0
54.4861
0
0
54.586
0
0
54.6862
0
0
54.7859
0
0
54.8861
0
0
54.9857
0
0
55.0856
0
0
55.1863
0
0
55.2864
0
0
55.3864
0
0
55.4859
0
0
55.586
0
0
55.6859
0
0
55.7864
0
0
55.8857
0
0
55.9866
0
0
56.086
0
0
56.1865
0
0
56.286
0
0
56.3865
0
0
56.486
0
0
56.5861
0
0
56.6865
0
0
56.7859
0
0
56.8859
0
0
56.9857
0
0
57.0862
0
0
57.1865
0
0
57.286
0
0
57.3862
0
0
57.4858
0
0
57.5863
0
0
57.6861
0
0
57.7859
0
0
57.8866
0
0
57.9863
0
0
58.0866
0
0
58.1859
0
0
58.2862
0
0
58.3864
0
0
58.4865
0
0
58.5864
0
0
58.6865
0
0
58.7856
0
0
58.8859
0
0
58.9859
0
0
59.086
0
0
59.1858
0
0
59.2858
0
0
59.3866
0
0
59.4858
0
0
59.5858
0
0
59.6865
0
0
59.7861
0
0
59.8861
0
0
59.9859
0
0
60.0859
0
0
60.1864
0
0
60.2862
0
0
60.3859
0
0
60.486
0
0
60.5861
0
0
60.686
0
0
60.7858
0
0
60.8862
0
0
60.9856
0
0
61.086
0
0
61.1856
0
0
61.2863
0
0
61.3861
0
0
61.4856
0
0
61.5861
0
0
61.6856
0
0
61.7863
0
0
61.886
0
0
61.9856
0
0
62.0864
0
0
62.1857
0
0
62.286
0
0
62.3859
0
0
62.4863
0
0
62.5866
0
0
62.6859
0
0
62.7865
0
0
62.8862
0
0
62.9864
0
0
63.086
0
0
63.186
0
0
63.2856
0
0
63.3862
0
0
63.4864
0
0
63.5859
0
0
63.6858
0
0
63.7865
0
0
63.8863
0
0
63.9858
0
0
64.0858
0
0
64.186
0
0
64.2857
0
0
64.3858
0
0
64.4866
0
0
64.5858
0
0
64.6857
0
0
64.7864
0
0
64.8857
0
0
64.9863
0
0
65.0857
0
0
65.1859
0
0
65.2859
0
0
65.3862
0
0
65.4864
0
0
65.5861
0
0
65.6856
0
0
65.7856
0
0
65.8859
0
0
65.9865
0
0
66.086
0
0
66.186
0
0
66.2861
0
0
66.3857
0
0
66.4861
0
0
66.586
0
0
66.686
0
0
66.7865
0
0
66.8857
0
0
66.9861
0
0
67.0861
0
0
67.1858
0
0
67.2859
0
0
67.3863
0
0
67.4861
0
0
67.586
0
0
67.686
0
0
67.7859
0
0
67.8861
0
0
67.9866
0
0
68.0858
0
0
68.186
0
0
68.2856
0
0
68.3859
0
0
68.4859
0
0
68.5864
0
0
68.6856
0
0
68.7863
0
0
68.8859
0
0
68.9857
0
0
69.0865
0
0
69.1864
0
0
69.2863
0
0
69.3858
0
0
69.4857
0
0
69.5864
0
0
69.686
0
0
69.7859
0
0
69.886
0
0
69.9864
0
0
70.0861
0
0
70.1857
0
0
70.2862
0
0
70.3864
0
0
70.4858
0
0
70.5864
0
0
70.6856
0
0
70.7862
0
0
70.8857
0
0
70.9861
0
0
71.0856
0
0
71.1865
0
0
71.2856
0
0
71.3859
0
0
71.4865
0
0
71.5858
0
0
71.6861
0
0
71.7858
0
0
71.8861
0
0
71.986
0
0
72.0862
0
0
72.186
0
0
72.2863
0
0
72.386
0
0
72.4858
0
0
72.5862
0
0
72.6859
0
0
72.7856
0
0
72.8865
0
0
72.986
0
0
73.086
0
0
73.1856
0
0
73.2858
0
0
73.3862
0
0
73.4865
0
0
73.5861
0
0
73.6863
0
0
73.7858
0
0
73.8857
0
0
73.9861
0
0
74.0865
0
0
74.1858
0
0
74.286
0
0
74.3858
0
0
74.486
0
0
74.5862
0
0
74.6861
0
0
74.7861
0
0
74.8865
0
0
74.9864
0
0
75.0861
0
0
75.1861
0
0
75.2856
0
0
75.3856
0
0
75.4863
0
0
75.5861
0
0
75.6859
0
0
75.7858
0
0
75.8861
0
0
75.9866
0
0
76.086
0
0
76.1864
0
0
76.2864
0
0
76.3863
0
0
76.4862
0
0
76.5861
0
0
76.6861
0
0
76.7858
0
0
76.8864
0
0
76.9862
0
0
77.0864
0
0
77.1862
0
0
77.2861
0
0
77.3864
0
0
77.4859
0
0
77.5859
0
0
77.6857
0
0
77.7862
0
0
77.8865
0
0
77.9864
0
0
78.086
0
0
78.1859
0
0
78.2857
0
0
78.3856
0
0
78.4861
0
0
78.5865
0
0
78.686
0
0
78.7865
0
0
78.8865
0
0
78.9863
0
0
79.086
0
0
79.1865
0
0
79.286
0
0
79.386
0
0
79.4858
0
0
79.5863
0
0
79.6856
0
0
79.7857
0
0
79.8862
0
0
79.9856
0
0
80.0858
0
0
80.1858
0
0
80.2865
0
0
80.3864
0
0
80.486
0
0
80.5865
0
0
80.6862
0
0
80.7865
0
0
80.8861
0
0
80.9864
0
0
81.0859
0
0
81.186
0
0
81.2864
0
0
81.3862
0
0
81.4865
0
0
81.5863
0
0
81.6863
0
0
81.7859
0
0
81.886
0
0
81.9863
0
0
82.0865
0
0
82.1865
0
0
82.2865
0
0
82.3863
0
0
82.4859
0
0
82.5857
0
0
82.6863
0
0
82.7858
0
0
82.8856
0
0
82.9866
0
0
83.0864
0
0
83.1861
0
0
83.2865
0
0
83.3858
0
0
83.4858
0
0
83.5862
0
0
83.686
0
0
83.786
0
0
83.886
0
0
83.9861
0
0
84.086
0
0
84.1865
0
0
84.2865
0
0
84.3861
0
0
84.486
0
0
84.5863
0
0
84.6858
0
0
84.786
0
0
84.8863
0
0
84.9861
0
0
85.0858
0
0
85.1861
0
0
85.2863
0
0
85.3857
0
0
85.4857
0
0
85.5863
0
0
85.686
0
0
85.786
0
0
85.886
0
0
85.9861
0
0
86.0856
0
0
86.1862
0
0
86.2865
0
0
86.3858
0
0
86.4863
0
0
86.5856
0
0
86.6857
0
0
86.7864
0
0
86.8865
0
0
86.9857
0
0
87.0863
0
0
87.186
0
0
87.2857
0
0
87.3864
0
0
87.4856
0
0
87.5863
0
0
87.6861
0
0
87.7859
0
0
87.8856
0
0
87.9863
0
0
88.0861
0
0
88.1863
0
0
88.2856
0
0
88.3858
0
0
88.4861
0
0
88.5865
0
0
88.6864
0
0
88.7858
0
0
88.8865
0
0
88.986
0
0
89.0866
0
0
89.1861
0
0
89.2859
0
0
89.3871
