0.00118685
0.00109005
0.00121808
0.00118089
0.00135303
0.0013001
0.00113201
0.00140786
0.00114894
0.00117302
0.00114107
0.00252485
0.00133991
0.00113678
0.00127506
0.00127006
0.001266
0.00118303
0.00274897
0.0013392
0.00114298
0.00121117
0.00132704
0.00112414
0.00164509
0.00113487
0.00129008
0.00258899
0.001194
0.00114012
0.00114298
0.00161004
0.00116396
0.00128102
0.00117111
0.00193095
0.00117922
0.00119185
0.00118804
0.00131392
0.00118399
0.00130606
0.00114512
0.00112796
0.00217199
0.00211692
0.00271606
0.00109887
0.00112081
0.001127
0.00168395
0.00107884
0.00118089
0.00191808
0.00111008
0.00162697
0.00113201
0.00114608
0.00122595
0.00131702
0.00114202
0.00112891
0.00112295
0.00128603
0.00134516
0.00313282
0.00113487
0.00118709
0.00125313
0.00111699
0.00111985
0.00119996
0.00115013
0.00176692
0.00114298
0.00121403
0.00115705
0.00129199
0.0011251
0.00112486
0.00118113
0.00119185
0.00134492
0.00132895
0.00120711
0.00114489
0.00310993
0.00114799
0.00131607
0.00147796
0.00126791
0.00116897
0.00115204
0.00128698
0.00111318
0.00114894
0.00121212
0.00119591
0.00121403
0.00118089
0.00120401
0.00114799
0.00114512
0.00130105
0.0012331
0.00113702
0.001127
0.00112009
0.00115705
0.00114608
0.00187898
0.00115681
0.00116086
0.00130486
0.00114107
0.00130916
0.00131416
0.00115013
0.00123191
0.00122499
0.00114679
0.00116301
0.00126886
0.00111699
0.00113797
0.0011251
0.00113106
0.0011251
0.0012989
0.0011301
0.00130796
0.00129414
0.00120711
0.00113797
0.00117397
0.00253391
0.00130701
0.0013659
0.00119901
0.00200796
0.00129008
0.00116301
0.00133896
0.00154305
0.00131702
0.0012188
0.00115108
0.00130296
0.00115681
0.001302
0.00137782
0.00113702
0.0011518
0.00162196
0.00124598
0.00114298
0.00120807
0.00134706
0.00119591
0.00118995
0.00121593
0.00127411
0.001266
0.00114489
0.00121403
0.00127792
0.00133896
0.00122714
0.00111198
0.00111294
0.00127792
0.00117803
0.00156498
0.00116014
0.00118589
0.00110197
0.00143504
0.00146103
0.00125504
0.00130701
0.00124502
0.00134206
0.00117493
0.00114918
0.00117898
0.00118303
0.00135517
0.00121403
0.001158
0.00132704
0.00151992
0.00128412
0.00114489
0.0019691
0.00145006
0.00116801
0.00125599
0.00115609
0.00143099
0.00130415
0.00119114
0.00115299
0.00118494
0.00118303
0.00122499
0.00115108
0.00114393
0.00130701
0.00140309
0.00125599
0.00135398
0.00134301
0.00139904
0.00151014
0.00138903
0.00112891
0.00137687
0.00142002
0.00113201
0.00133395
0.00140786
0.00156283
0.00149798
0.00124693
0.00211501
0.00115013
0.00114012
0.00128007
0.00114799
0.00143313
0.00133991
0.00123596
0.00121999
0.00189805
0.00138998
0.001477
0.00137091
0.00134993
0.0014689
0.00120306
0.00132394
0.00134611
0.00151396
0.00134897
0.0013938
0.00130701
0.00137115
0.00136518
0.00136685
0.00133801
0.00119209
0.00119591
0.00125289
0.00131106
0.00186086
0.00132799
0.00117803
0.00135899
0.00132799
0.00129104
0.00114512
0.00112987
0.00120497
0.00114393
0.00132799
0.00114202
0.0011189
0.00114894
0.00116801
0.00114989
0.00114107
0.00113797
0.00114489
0.00119781
0.00140595
0.00138998
0.00133395
0.00138712
0.00136995
0.00139308
0.0012989
0.00133181
0.0013051
0.00135398
0.00133896
0.00114989
0.00153494
0.00116301
0.00123811
0.00117993
0.00125408
0.00125003
0.00123882
0.00114202
0.00115108
0.00115395
0.00119185
0.00114799
0.00134301
0.00114703
0.00115705
0.00117111
0.00120497
0.00117397
0.00116014
0.00115204
0.00115108
0.00115204
0.00140905
0.00115418
0.00117493
0.00128198
0.00137115
0.00129008
0.0012939
0.00115895
0.00126791
0.00113797
0.00114107
0.00113392
0.00113893
0.00115991
0.00112796
0.00114417
0.00113702
0.001266
0.00118518
0.001297
0.00115991
0.00130105
0.00113416
0.00138593
0.00113606
0.00116396
0.00125694
0.00120592
0.00118589
0.00128412
0.00112009
0.001158
0.00144911
0.00114393
0.00116301
0.00131798
0.00115609
0.00113797
0.00113201
0.00127101
0.00115705
0.00113082
0.00125504
0.00130916
0.00124884
0.00117898
0.00118995
0.00111103
0.00115895
0.00113201
0.00113487
0.00135207
0.0011611
0.00114417
0.00221395
0.00117898
0.00118709
0.00126505
0.00111985
0.00127196
0.00124621
0.00116205
0.00119305
0.00129986
0.00138688
0.00111914
0.00205898
0.00114512
0.00114012
0.00115395
0.00115585
0.00122309
0.00121093
0.00124598
0.00124288
0.00132203
0.00118589
0.00112987
0.00118804
0.00111198
0.00118494
0.00138402
0.00121808
0.00126886
0.0012269
0.00115085
0.00127292
0.0013442
0.00113702
0.00123811
0.00113606
0.00191998
0.00122595
0.00118113
0.00119805
0.00117183
0.00132203
0.00124907
0.00139809
0.00113702
0.00113797
0.00114012
0.00114799
0.00117898
0.00136805
0.00120187
0.0011692
0.00117493
0.00116396
0.00129604
0.00114107
0.0011332
0.00120306
0.0023272
0.00111604
0.0011301
0.00120401
0.00126004
0.00120687
0.0011549
0.00112581
0.00143313
0.00140715
0.00113487
0.00121593
0.00227404
0.0010941
0.00116706
0.00121593
0.00129008
0.00121593
0.00193191
0.00117683
0.00125384
0.00135303
0.00122905
0.00119781
0.00115299
0.00134397
0.00115299
0.0011611
0.00116992
0.00127292
0.00129294
0.00115299
0.00111008
0.00209904
0.00121117
0.00140691
0.00124907
0.00112486
0.0013721
0.00115895
0.00125599
0.00121593
0.00124216
0.00120997
0.00114512
0.00203109
0.00116396
0.00112605
0.00124383
0.00112391
0.00113821
0.00115585
0.00118685
0.00112891
0.00113797
0.00120401
0.00110602
0.00124502
0.00119305
0.00132084
0.00118709
0.00113606
0.00117207
0.0012691
0.00124598
0.0011611
0.00114918
0.00137186
0.00116897
0.00129008
0.00127506
0.00117302
0.0013411
0.00123882
0.00132704
0.00112891
0.00134206
0.00134015
0.00127006
0.00117803
0.00113988
0.00132608
0.00153685
0.00131798
0.00117588
0.00113082
0.00128889
0.00114107
0.00138307
0.00120401
0.00124097
0.00128913
0.00128794
0.00126505
0.00123501
0.00117898
0.00128603
0.00113678
0.00135994
0.00111604
0.0012641
0.00128603
0.00135803
0.00114417
0.00117016
0.00117397
0.00111389
0.00149202
0.00122499
0.00117087
0.00114894
0.00127983
0.00138211
0.00140309
0.00113893
0.00126195
0.00253892
0.00128293
0.00172591
0.001158
0.00133181
0.00220394
0.00168896
0.001127
0.00111103
0.00132203
0.00115204
0.00129294
0.00114703
0.00172687
0.00114679
0.00116086
0.001158
0.00155306
0.00139308
0.00116301
0.00138712
0.00135398
0.001261
0.00210118
0.00134993
0.00132608
0.00133395
0.001369
0.00131702
0.00134397
0.00139308
0.00144005
0.00120306
0.00134301
0.00125909
0.00134587
0.00135398
0.00133991
0.00139999
0.00123096
0.001508
0.00120687
0.00112915
0.001122
0.00131011
0.0012641
0.00117588
0.00119209
0.00116515
0.00111985
0.00123811
0.00130796
0.00109291
0.00116396
0.00114298
0.00129485
0.00114298
0.00111318
0.00121117
0.0011518
0.00111103
0.001127
0.00132704
0.0012238
0.00112391
0.00119281
0.00113297
0.00131297
0.0012362
0.00112987
0.00115895
0.00121903
0.00121403
0.00117517
0.00148392
0.00135303
0.00113297
0.00116706
0.00109506
0.00128579
0.00119805
0.00111389
0.00113988
0.00130296
0.001266
0.00111389
0.00117588
0.00144911
0.00122094
0.00114489
0.00123787
0.0012269
0.001369
0.00113392
0.00118303
0.00113297
0.00109005
0.00248098
0.00106812
0.00111198
0.00113606
0.00129509
0.00152278
0.00193596
0.002038
0.001091
0.00116706
0.00129104
0.00118709
0.00238299
0.00109601
0.00115395
0.00113201
0.001266
0.00195408
0.00119019
0.00123096
0.00131702
0.00128698
0.00131392
0.00234294
0.00112391
0.00117612
0.00252509
0.0013299
0.00123501
0.00118995
0.00120115
0.00114703
0.00124192
0.00117207
0.001122
0.00112486
0.00111008
0.00129509
0.00114012
0.00118589
0.00121284
0.00119495
0.00128388
0.00117517
0.00128603
0.00132585
0.00112891
0.0011301
0.00119805
0.00111604
0.00112104
0.0010891
0.0011971
0.00120902
0.00113201
0.0011301
0.00118017
0.00117779
0.00110984
0.00113916
0.00125003
0.00116301
0.00119901
0.00131202
0.00113201
0.00129199
0.00125408
0.001127
0.00124288
0.00125098
0.00116491
0.00148296
0.00131392
0.00111794
0.00149989
0.00131488
0.00110698
0.00110507
0.00112009
0.00131798
0.00125599
0.00136781
0.00112104
0.0012939
0.0011282
0.00123692
0.00111485
0.00124383
0.00112295
0.00122309
0.0014329
0.00113606
0.00132704
0.00128603
0.0011611
0.00113106
0.00129008
0.00110602
0.00127602
0.00115609
0.00119901
0.0012691
0.00133705
0.0013411
0.00133395
0.0010941
0.00141001
0.00127411
0.0010941
0.001302
0.00111818
0.00109792
0.00198317
0.00116801
0.00114202
0.00125098
0.00132298
0.00132084
0.00113297
0.00128579
0.00119686
0.00117111
0.00113416
0.00114703
0.00129104
0.00127792
0.00116396
0.00130796
0.00114894
0.00113201
0.00116396
0.00125313
0.00137496
0.00124598
0.00146413
0.00118589
0.00111699
0.00133705
0.00132513
0.00114894
0.00115991
0.0013001
0.00115299
0.00114393
0.00127101
0.00118899
0.00175595
0.0011611
0.00114989
0.00114918
0.00115085
0.00114608
0.00111914
0.00112796
0.00132895
0.00118494
0.00114894
0.00131583
0.00114608
0.00128293
0.00117183
0.00116396
0.00314903
0.0012989
0.00114799
0.00117898
0.00116706
0.00116706
0.00143695
0.00122094
0.00127506
0.00128198
0.00117612
0.00136399
0.00119996
0.001194
0.00130701
0.00124598
0.00114703
0.00123191
0.00213099
0.00114608
0.00221014
0.00125313
0.00123286
0.00119781
0.0011642
0.00132608
0.00149393
0.00126004
0.00120091
0.00124192
0.00118899
0.00120592
0.00119805
0.00121188
0.00114298
0.00113606
0.00113797
0.00122404
0.00115299
0.00198412
0.00121403
0.00237799
0.00181198
0.00157404
0.00146008
0.00130606
0.00112486
0.00117683
0.00113797
0.0012641
0.00115108
0.0013082
0.00114298
0.00118685
0.00132394
0.00114202
0.00250888
0.0013299
0.00132179
0.00120711
0.00111604
0.00117707
0.00155497
0.00115085
0.00127101
0.00127888
0.00130701
0.00138497
0.00113487
0.00120902
0.00117278
0.00115609
0.00257993
0.00113392
0.001194
0.00115609
0.00112081
0.00131917
0.00131798
0.00116611
0.00113916
0.00127196
0.00115204
0.00127602
0.0011549
0.00122404
0.0015769
0.00119209
0.00141406
0.00124002
0.00135303
0.00127006
0.00120497
0.00113702
0.00115609
0.00114703
0.00121689
0.00121617
0.00114489
0.00164223
0.00180292
0.00170207
0.00146008
0.00167394
0.00129414
0.00169992
0.00131083
0.00135684
0.00133705
0.00125504
0.00112486
0.001122
0.00129414
0.00110507
0.00111413
0.00136995
0.0013082
0.00138307
0.00109482
0.00113297
0.00112891
0.00114512
0.00110412
0.00113702
0.00113201
0.001086
0.00120091
0.00116205
0.00126195
0.00113606
0.00116801
0.0011189
0.00111413
0.0011251
0.00118589
0.00111985
0.00112391
0.00112414
0.00127316
0.001122
0.0011692
0.00113392
0.00112295
0.00113702
0.00117493
0.00136399
0.00119591
0.00116992
0.00122285
0.00116897
0.00109601
0.0011189
0.00116086
0.00111604
0.00129986
0.001091
0.00113511
0.00125289
0.00119114
0.00113201
0.00117517
0.00112009
0.00112891
0.00113678
0.00113201
0.00114083
0.00108886
0.00113606
0.00110412
0.00126719
0.001158
0.00114894
0.00112414
0.00110388
0.00125504
0.00114489
0.00127387
0.00112796
0.00128078
0.00113511
0.001261
0.00114584
0.00114584
0.001158
0.00118494
0.001127
0.00114202
0.00113702
0.00116706
0.00114202
0.00131011
0.00115991
0.00132895
0.00135922
0.00129104
0.001158
0.00124502
0.00113201
0.00114489
0.00111818
0.00124884
0.00118113
0.00115299
0.00132704
0.00113487
0.00142193
0.00119495
0.00112414
0.00127983
0.00134206
0.00129294
0.00140405
0.00132585
0.0012629
0.00132394
0.00112915
0.00118494
0.00114703
0.00113416
0.00121307
0.00114202
0.00112009
0.0012331
0.00136995
0.00137687
0.00134802
0.00147891
0.00114012
0.00128412
0.0015161
0.00130391
0.00118685
0.00113893
0.00130415
0.00116992
0.00156617
0.0011251
0.00137401
0.001472
0.00131392
0.00135994
0.00128388
0.00128818
0.00113106
0.0012331
0.00137401
0.00118113
0.00132298
0.00111508
0.00113583
0.00111699
0.00123286
0.00122499
0.001122
0.0011158
0.00111294
0.00116205
0.00141907
0.00114512
0.00132298
0.00133896
0.00130296
0.00111699
0.00120401
0.00112486
0.00127602
0.00112414
0.00116205
0.00116706
0.00111198
0.00123501
0.00110197
0.00109792
0.00112104
0.00114179
0.00115204
0.00113702
0.00116897
0.00116682
0.00126982
0.00113988
0.00116515
0.00121403
0.0010941
0.00112391
0.00115299
0.00110292
0.00119805
0.00118589
0.00114012
0.00108695
0.00111318
0.00111508
0.00111604
0.00117993
0.00118613
0.00112104
0.00116706
0.00113416
0.00113678
0.00121379
0.00110912
0.00115609
0.00118303
0.00117302
0.00111103
0.00113797
0.00126004
0.00127101
0.00109911
0.00124311
0.00127506
0.00191689
0.00180411
0.00119996
0.00111008
0.00111985
0.0011189
0.00134087
0.00111008
0.00158691
0.00136113
0.00115085
0.00111103
0.00111699
0.00112009
0.00112987
0.00112796
0.00123715
0.00110698
0.00124478
0.00114894
0.00113606
0.00113487
0.00113511
0.00115299
0.00117087
0.00112009
0.0011251
0.00112796
0.00117517
0.0013032
0.00121689
0.00135088
0.00120091
0.00113392
0.00110412
0.00131512
0.00111699
0.00122499
0.001158
0.00120211
0.00114012
0.00112414
0.001127
0.00120997
0.0011251
0.00113606
0.00149012
0.00114179
0.00117397
0.00114799
0.00118089
0.00125694
0.00122905
0.00145507
0.00115991
0.00132298
0.00108814
0.00109076
0.00165606
0.00127602
0.00113201
0.00241303
0.00127387
0.00120306
0.00113606
0.00208616
0.00246692
0.00113297
0.00113201
0.00119185
0.0011301
0.00110102
0.00113487
0.00117588
0.001122
0.00111794
0.00112295
0.00113797
0.00124407
0.00123692
0.00114918
0.00112295
0.00124216
0.00113201
0.00113487
0.00109315
0.00112486
0.00114703
0.00114012
0.00111008
0.00120997
0.00118804
0.00112987
0.00114202
0.00116897
0.00113392
0.00133896
0.00109696
0.00115609
0.00118613
0.00113988
0.00124502
0.00113702
0.00113297
0.00113893
0.001297
0.00113201
0.00152993
0.00124002
0.0012238
0.00114083
0.00114179
0.00125098
0.00204802
0.0015111
0.00119305
0.00114393
0.00114202
0.00124002
0.00124907
0.00113988
0.00123787
0.00131702
0.0013988
0.00189686
0.00110221
0.00113797
0.00113201
0.0023241
0.00207806
0.00190687
0.001194
0.00121307
0.00113201
0.00131893
0.00137806
0.00114489
0.00129008
0.00131989
0.00113297
0.00117016
0.00114107
0.00111914
0.00136018
0.00124192
0.00122309
0.00115085
0.00116515
0.00122905
0.00131798
0.00110722
0.00113201
0.00202298
0.00112605
0.00196791
0.00112891
0.00120592
0.00139093
0.00172997
0.00131011
0.0011189
0.00121689
0.00112891
0.00171614
0.001266
0.00115609
0.00114083
0.00110698
0.0013392
0.00114608
0.00112391
0.001122
0.00134301
0.0013001
0.00112486
0.0011251
0.00131392
0.00119591
0.00112009
0.00113082
0.00115108
0.00112104
0.00112605
0.00112104
0.00111794
0.00124812
0.00111485
0.00112081
0.001158
0.00126195
0.00115585
0.00114822
0.0011189
0.00113297
0.00112391
0.00111294
0.001261
0.00127316
0.00115609
0.00112605
0.00161099
0.00130796
0.00131702
0.00133896
0.00118804
0.00132704
0.00133896
0.00130606
0.00124907
0.00136781
0.00112796
0.00112605
0.00133514
0.00132203
0.00110006
0.0011301
0.00116301
0.00135708
0.00130701
0.001194
0.00113797
0.00133705
0.00134802
0.00139189
0.00115895
0.00139308
0.00128603
0.00134802
0.00135207
0.00112391
0.00135303
0.001436
0.00129199
0.00130606
0.00113082
0.00119805
0.00129795
0.00132394
0.00120115
0.0015471
0.00139022
0.00136209
0.0013361
0.00116181
0.001122
0.00135493
0.00146317
0.00113511
0.00117683
0.0011909
0.00111914
0.00111604
0.00115395
0.00113916
0.001122
0.00124002
0.00121284
0.00136495
0.00122499
0.00127912
0.00116706
0.00129104
0.00121784
0.00114083
0.00127316
0.0012989
0.00113201
0.00117779
0.00133395
0.00136113
0.001297
0.00113177
0.00114608
0.00122285
0.00138998
0.00180697
0.00187302
0.00146699
0.00119519
0.00136209
0.00108409
0.00210118
0.0011189
0.00121188
0.00118995
0.00225401
0.00152087
0.00115609
0.00125003
0.00111818
0.001127
0.00143099
0.00118208
0.00159097
0.00280499
0.00114012
0.00111985
0.00108218
0.00107288
0.0012939
0.00119591
0.00124192
0.00178599
0.00120401
0.00142002
0.00314093
0.00113797
0.00137591
0.00107503
0.00174618
0.00193095
0.00110602
0.001472
0.00110292
0.00112295
0.00118709
0.00121593
0.00109601
0.00121999
0.00124598
0.00206399
0.00152302
0.0010798
0.00130987
0.00187087
0.00103402
0.00200295
0.00137591
0.00125694
0.00181293
0.00146294
0.00109887
0.00110507
0.00195408
0.00110507
0.00122213
0.00114107
0.00111699
0.00108409
0.00108409
0.001194
0.00110888
0.0012219
0.00105596
0.00305986
0.00125003
0.00106502
0.00110197
0.00111985
0.00112605
0.00114608
0.00112391
0.00131011
0.001194
0.00110197
0.00111198
0.00110793
0.00115991
0.001261
0.0011301
0.00110888
0.00111389
0.00110292
0.00122309
0.00113606
0.00118613
0.00110579
0.00110698
0.00107718
0.00107908
0.00130606
0.00111294
0.00130916
0.00128484
0.00154018
0.00130391
0.00135112
0.00131392
0.00126696
0.00111699
0.00112104
0.00112915
0.00114799
0.00115108
0.0011971
0.00154686
0.00111198
0.00113702
0.00112605
0.001127
0.00114989
0.00112295
0.00118399
0.00113702
0.00116801
0.00126314
0.00112081
0.00112081
0.00111794
0.00115299
0.001127
0.00125313
0.00131702
0.00137305
0.0013268
0.00116396
0.00136209
0.00121999
0.00110888
0.0011189
0.00114107
0.00114799
0.00111508
0.00112486
0.00128698
0.00112987
0.00123191
0.00118613
0.00112295
0.00111985
0.00125718
0.00115299
0.00108695
0.00128198
0.00124788
0.00136399
0.00120592
0.00127912
0.00137115
0.00110793
0.00114608
0.00115514
0.00113201
0.00128293
0.00110006
0.0011301
0.00141287
0.00127292
0.0011251
0.00113583
0.00132179
0.00112796
0.00114489
0.00111604
0.00119901
0.00111389
0.00112104
0.00128913
0.00120902
0.001127
0.00130916
0.00126195
0.00114703
0.00137997
0.00114608
0.00114202
0.0013051
0.00111508
0.00113606
0.00122499
0.00112295
0.00140595
0.00123692
0.00122809
0.0011332
0.00119185
0.00113702
0.00112605
0.00125599
0.00109386
0.00112391
0.0011549
0.00128698
0.00112605
0.00119305
0.0010891
0.001302
0.00121212
0.00113797
0.00118089
0.00111508
0.00120211
0.00114298
0.00118804
0.00112605
0.00110006
0.00111413
0.00114608
0.00112104
0.0011251
0.00112605
0.00130391
0.00115204
0.00113392
0.00115299
0.00112319
0.00113797
0.00116396
0.00109696
0.00112891
0.00115299
0.00116491
0.00115919
0.00109792
0.00115013
0.00119495
0.00116897
0.00112891
0.00111103
0.00133801
0.00127292
0.00109696
0.0010879
0.00140285
0.00113511
0.00127006
0.00136018
0.00133395
0.001333
0.00118399
0.00130296
0.00115204
0.00112295
0.00111723
0.00114894
0.001261
0.00115514
0.00112796
0.00112319
0.00111389
0.00122809
0.00113392
0.00110102
0.00113297
0.00111794
0.00113392
0.00112891
0.00115108
0.00122619
0.00117183
0.00112796
0.00112891
0.00117707
0.00111699
0.00122499
0.00113797
0.00113606
0.00119209
0.0013299
0.00113201
0.00114489
0.00111008
0.00125003
0.00117612
0.00113511
0.00118089
0.00116611
0.00114202
0.00122094
0.0012238
0.00113106
0.00134397
0.00118184
0.001158
0.00133014
0.00114393
0.00111294
0.0013659
0.00127006
0.00135493
0.00114298
0.001122
0.001127
0.00133085
0.00128484
0.00110698
0.001122
0.00112414
0.00110388
0.001158
0.00133514
0.00116491
0.00112391
0.00124288
0.00128698
0.00124288
0.001405
0.00133204
0.00130701
0.00159192
0.00109982
0.00113106
0.00256491
0.00123096
0.00211716
0.00113201
0.00130796
0.00112391
0.00117397
0.00110412
0.00118518
0.00107193
0.00128698
0.00123596
0.00113893
0.00119495
0.00111794
0.00111485
0.00204802
0.00111914
0.00115514
0.00114608
0.00215197
0.00112391
0.00113988
0.00113201
0.00148892
0.00112414
0.001127
0.00134683
0.00120902
0.00110698
0.00114799
0.00131202
0.00217104
0.0011971
0.00131488
0.00109792
0.00114202
0.00109005
0.00114202
0.00180984
0.00119019
0.00126195
0.00120711
0.00140595
0.001302
0.00107813
0.00111198
0.00114393
0.001369
0.00111604
0.00114608
0.00110912
0.00121498
0.00114512
0.0012331
0.00110483
0.00114489
0.00121593
0.00113702
0.00131392
0.00142384
0.00125694
0.00118113
0.00125313
0.00116396
0.00110006
0.00110197
0.00113797
0.00116587
0.00118399
0.00143886
0.001158
0.00110412
0.00124097
0.00113916
0.00111818
0.00119185
0.00116396
0.00120115
0.00119901
0.00117493
0.00117111
0.00131011
0.00107408
0.00125885
0.00111198
0.00128698
0.00114489
0.00110817
0.00111198
0.00107503
0.00132799
0.00111389
0.00117493
0.00119591
0.00113702
0.00123191
0.00125384
0.00119781
0.00205588
0.0024271
0.00110698
0.00130606
0.00111389
0.00109386
0.00128794
0.00114512
0.00112104
0.00132203
0.00110221
0.0011251
0.0011158
0.0012548
0.00111103
0.00111985
0.00111103
0.00133586
0.00114012
0.00115204
0.00127101
0.00114799
0.00113583
0.00121307
0.00130606
0.00123
0.00148892
0.00113916
0.00114417
0.00123405
0.00112796
0.00116801
0.0011251
0.00117087
0.00122905
0.00119495
0.00133085
0.00125003
0.00120306
0.00124812
0.00131083
0.00113416
0.00116301
0.00112104
0.00120902
0.00113487
0.00129104
0.00114799
0.00124788
0.00123096
0.00112605
0.0010879
0.00113606
0.00114679
0.00112605
0.00123405
0.00126004
0.00119114
0.00131297
0.00139809
0.00142097
0.00112605
0.00119305
0.00127101
0.00120997
0.001369
0.00131702
0.00116086
0.00108194
0.00153613
0.00123501
0.00112391
0.00114703
0.00115395
0.0012002
0.00135994
0.00113893
0.00117898
0.00119901
0.00142097
0.00129986
0.0013411
0.00107598
0.00134015
0.00128078
0.00112891
0.00112605
0.00108123
0.00123
0.00117207
0.00130796
0.00128102
0.00111914
0.00120807
0.00133681
0.00110817
0.00118589
0.00113106
0.00110698
0.00118089
0.00113797
0.00137591
0.00131106
0.00129509
0.00112891
0.00128889
0.00117421
0.00113606
0.00129509
0.00113487
0.00115895
0.00120282
0.00119591
0.00201106
0.00147986
0.00122404
0.00116491
0.00112891
0.0012269
0.001127
0.00162292
0.00116992
0.0010891
0.00132895
0.00225711
0.00131202
0.00113297
0.00124788
0.00112605
0.00134182
0.00144005
0.00114703
0.00171685
0.00112605
0.00138211
0.00112486
0.00128508
0.00114012
0.00240088
0.00122595
0.00131488
0.00115299
0.00127411
0.00116396
0.00136995
0.00109291
0.00132799
0.00134087
0.00112891
0.00112009
0.00133586
0.00113893
0.00113606
0.00110483
0.00133586
0.00121784
0.00237393
0.00123715
0.00111294
0.00130606
0.00111198
0.00112915
0.00113297
0.00131202
0.00112581
0.00124693
0.00117898
0.00128913
0.00112891
0.00127196
0.00113392
0.00118279
0.00157499
0.00306582
0.00127888
0.00111198
0.00111699
0.00132108
0.00112081
0.00109196
0.00112104
0.00129318
0.00132585
0.001127
0.00115514
0.00120306
0.00121999
0.00120807
0.00111294
0.00145197
0.00120616
0.00163293
0.00204396
0.00113201
0.00133991
0.00129986
0.00134206
0.00133204
0.00114298
0.00127006
0.00113606
0.00118303
0.00139999
0.001086
0.002918
0.00120401
0.00125694
0.00185108
0.00132203
0.00123692
0.00139999
0.00127888
0.00111794
0.00134802
0.00108695
0.00112414
0.00118804
0.00134921
0.00150418
0.00114417
0.00112104
0.00131607
0.001333
0.00134301
0.00152493
0.00114703
0.00121593
0.00141716
0.00116801
0.00114202
0.00124192
0.00128913
0.001261
0.00112796
0.00112319
0.00141001
0.0013659
0.001122
0.0013752
0.00123215
0.00118995
0.00117493
0.00113392
0.00112104
0.00114202
0.00113916
0.00109982
0.00117207
0.00113821
0.00119686
0.00112605
0.00111985
0.00117612
0.00109911
0.00111389
0.0010922
0.00117302
0.00113988
0.00120115
0.00111914
0.00111794
0.00113201
0.00125504
0.00122213
0.00124121
0.00113797
0.00127196
0.00172091
0.00119495
0.00133491
0.00131607
0.00128913
0.00126386
0.00134492
0.00133491
0.00135088
0.0012989
0.00129294
0.001127
0.00122881
0.00111699
0.00152802
0.00128317
0.00112295
0.00126195
0.00217104
0.00228596
0.00121021
0.00122499
0.00113416
0.00209689
0.00125909
0.00110793
0.0018909
0.00222492
0.00124598
0.00123191
0.00128603
0.00140214
0.00113606
0.00131392
0.00113297
0.00134397
0.0011251
0.00125885
0.00135303
0.00123382
0.00124311
0.00134015
0.00112295
0.002244
0.00114799
0.00136089
0.00115108
0.00136304
0.00117707
0.00131392
0.00118017
0.00128794
0.00146008
0.00128388
0.00139904
0.001261
0.00112796
0.00113416
0.001302
0.00243592
0.00114202
0.00135207
0.00119615
0.00116301
0.00113106
0.00223708
0.001261
0.0011189
0.00114202
0.00129199
0.00116611
0.00118709
0.00135994
0.00112915
0.00128698
0.00117397
0.00132704
0.00125813
0.00132799
0.00194597
0.00117207
0.00126696
0.00129986
0.00121593
0.00112796
0.00114799
0.00130987
0.00213909
0.00145602
0.00137401
0.0012989
0.00133014
0.00135803
0.00192904
0.00135183
0.00121403
0.00220299
0.00112581
0.00110698
0.00115919
0.001405
0.00114107
0.001261
0.00111914
0.00118208
0.00117898
0.00287795
0.00116611
0.00185299
0.00127602
0.00117803
0.0013361
0.001158
0.00132799
0.00123906
0.00114489
0.00130916
0.00126791
0.00113416
0.0012219
0.00118017
0.00148296
0.00119209
0.00114107
0.00109005
0.00243688
0.00108719
0.00148392
0.00108409
0.00127292
0.00136185
0.00129795
0.00113511
0.00133419
0.00112891
0.00134492
0.00128293
0.00114608
0.00116587
0.00126314
0.00113511
0.00111485
0.00116992
0.00111985
0.00225616
0.00118995
0.00112891
0.00251079
0.00130296
0.00111699
0.00123096
0.00111604
0.00165892
0.00116086
0.00127792
0.00169492
0.00118208
0.00113201
0.00113606
0.00112486
0.00201297
0.00118279
0.00113082
0.00129104
0.00113606
0.00212288
0.00110483
0.00133491
0.00127697
0.00211382
0.00264406
0.00109601
0.00151205
0.00133014
0.00141096
0.00131202
0.001616
0.00155306
0.00166082
0.00136518
0.0029459
0.00133705
0.00149322
0.001194
0.00109792
0.00136495
0.00130701
0.00125098
0.00112391
0.00124192
0.00127506
0.00137401
0.00115991
0.00138593
0.00138688
0.00113678
0.00126719
0.001194
0.00111294
0.001127
0.00131702
0.00112605
0.00108504
0.00156903
0.00125384
0.00111699
0.00111699
0.00111604
0.00263
0.00112414
0.00210881
0.00130987
0.00119209
0.00113702
0.00118399
0.00113606
0.00113392
0.00133705
0.00117993
0.00113297
0.00142908
0.00191903
0.00113082
0.00173497
0.0014739
0.00130415
0.00124192
0.00133109
0.0012722
0.00122404
0.00115705
0.00128412
0.00137305
0.00116897
0.00118089
0.00195694
0.00125098
0.00130606
0.00132895
0.00155497
0.00118709
0.00114083
0.0011251
0.00120783
0.00139499
0.00110912
0.00117612
0.00115705
0.00134706
0.00182796
0.0011189
0.00143218
0.00128317
0.00113201
0.00131702
0.00113893
0.00303483
0.00121903
0.00113702
0.00118589
0.00113702
0.00112796
0.00235295
0.00126815
0.00137782
0.00136495
0.00122905
0.00113416
0.00116992
0.00114679
0.0012579
0.00113106
0.00113893
0.00118613
0.00122404
0.00112391
0.00131202
0.00113893
0.00110888
0.0011301
0.00118709
0.00127578
0.00121403
0.00115585
0.00128579
0.00140309
0.0011282
0.00115085
0.00111318
0.00112295
0.00112605
0.001261
0.00124002
0.00118613
0.00109291
0.00122094
0.00133204
0.00113583
0.001127
0.00110984
0.00114083
0.00142217
0.00113583
0.00113392
0.00127196
0.00123501
0.001194
0.00133705
0.00115609
0.00120401
0.00135612
0.00123
0.00122881
0.00140405
0.00114298
0.00115204
0.0010848
0.001122
0.00114489
0.00111985
0.00113392
0.00117898
0.00109792
0.00114703
0.00127816
0.00112391
0.00128102
0.00115609
0.00133705
0.00116086
0.00114202
0.00137687
0.00127196
0.00126481
0.00112891
0.00114298
0.0011611
0.00133014
0.00134182
0.00113606
0.00132012
0.00123096
0.00114608
0.00111699
0.00111508
0.00124502
0.00112414
0.00111914
0.00138307
0.00123906
0.00124407
0.00120807
0.00113606
0.00112319
0.00110006
0.00113487
0.00112391
0.00114584
0.00110602
0.00118399
0.00111389
0.00115895
0.00113106
0.001086
0.001122
0.00113702
0.00124407
0.0013001
0.00117683
0.00133109
0.00110984
0.00113893
0.0010941
0.00121093
0.00119209
0.00131893
0.0011282
0.0011518
0.00113106
0.00118685
0.00118685
0.00116086
0.00124502
0.00128818
0.00125194
0.00112009
0.00113511
0.00112009
0.00118208
0.00113988
0.00116086
0.00125694
0.00112104
0.00112295
0.001122
0.00121498
0.00123215
0.00117302
0.00121593
0.0011189
0.00129795
0.00116611
0.00113297
0.00115585
0.0010879
0.00112891
0.00111699
0.00145602
0.00113487
0.00130105
0.00121403
0.001127
0.00273895
0.0010798
0.00124383
0.00240183
0.00109887
0.00117302
0.00123405
0.0010941
0.00117588
0.0013721
0.001091
0.00111008
0.00111794
0.00114799
0.00111604
0.00120497
0.001122
0.00107098
0.00122499
0.001091
0.00122094
0.00126696
0.00139213
0.00183201
0.00110507
0.00117397
0.00120282
0.00108314
0.00114393
0.00111985
0.00124907
0.00119209
0.00141907
0.00121903
0.00297689
0.00141001
0.00109601
0.00113297
0.00137401
0.00129008
0.00124717
0.00112414
0.00114608
0.00128794
0.00113416
0.00238395
0.00119996
0.00124311
0.00116396
0.00104284
0.0014019
0.00116801
0.00115299
0.00115609
0.00201702
0.00127983
0.00115299
0.00173497
0.00135684
0.00109005
0.00117111
0.00113606
0.00109982
0.00115204
0.00119686
0.00125599
0.0011611
0.00107789
0.00118709
0.00137305
0.00115705
0.00116801
0.0012989
0.00118685
0.001513
0.00112796
0.00113416
0.00136304
0.00118303
0.00116897
0.00179386
0.00110817
0.00116515
0.00111699
0.00113606
0.001127
0.00113988
0.00121498
0.00114703
0.00113511
0.00115299
0.00125909
0.00116611
0.0013051
0.00113201
0.0014689
0.00111699
0.00119019
0.00113416
0.0013299
0.00119495
0.00112295
0.00125098
0.00141096
0.00112391
0.00132585
0.00117683
0.00113511
0.00217891
0.00225902
0.00120592
0.00112391
0.00125098
0.00113297
0.00111699
0.00119495
0.00114489
0.00187898
0.00117183
0.00114107
0.0011611
0.00112295
0.00169992
0.001158
0.00112796
0.00123405
0.00107694
0.00139594
0.00117922
0.00117993
0.00126386
0.00119901
0.00113583
0.00113297
0.00133419
0.001127
0.00116301
0.00123286
0.00109005
0.00115395
0.00110197
0.00117803
0.00114012
0.00111699
0.00118899
0.00112009
0.00131702
0.00111103
0.00107884
0.00143504
0.00120997
0.00113297
0.00130296
0.00130606
0.00160384
0.00125194
0.00108099
0.00126696
0.00107908
0.00135303
0.00111294
0.00116706
0.00135088
0.00113893
0.0012641
0.00138378
0.00112104
0.00135493
0.00209904
0.00127387
0.00107098
0.00112319
0.00114012
0.00114417
0.00128508
0.00124407
0.00110078
0.00120115
0.00212288
0.00130582
0.00104094
0.00197911
0.00126195
0.00121498
0.00144386
0.00146484
0.00114202
0.00127506
0.00128293
0.00113297
0.001127
0.00113297
0.00122595
0.00208092
0.00111222
0.00111818
0.0020709
0.00117993
0.00109887
0.0015769
0.00106502
0.00109911
0.00109005
0.00287008
0.00108695
0.00108886
0.00112796
0.00158095
0.00194311
0.00109696
0.00111604
0.00201797
0.00120378
0.0011251
0.00123
0.00112605
0.00171304
0.00113201
0.00111914
0.00144196
0.00112104
0.00126004
0.00124907
0.00110412
0.00117803
0.00110602
0.001086
0.00112295
0.00112104
0.00120997
0.00117302
0.001302
0.001122
0.0012362
0.00114202
0.00123787
0.00120306
0.00131607
0.00114012
0.00131202
0.00114799
0.00110793
0.00111818
0.00117087
0.00116587
0.00110793
0.00110197
0.00108099
0.00110793
0.00117517
0.00113392
0.00108385
0.0011251
0.00114298
0.00117302
0.00117397
0.00114608
0.0011642
0.00128889
0.00133395
0.00112581
0.00112581
0.00133991
0.00117183
0.00136805
0.0011189
0.00112295
0.00131297
0.00130701
0.00123096
0.00127912
0.00123286
0.00138807
0.0011251
0.00123906
0.00112605
0.00131607
0.00129294
0.00114107
0.00115895
0.00132203
0.00124097
0.00117397
0.00118613
0.00114918
0.00119305
0.00124502
0.00116897
0.00112391
0.00122809
0.00131607
0.00120306
0.0011301
0.00113583
0.00143695
0.00124907
0.00132298
0.0010941
0.00115299
0.00138211
0.00127482
0.00125623
0.00110602
0.00113893
0.00129604
0.00133419
0.00117302
0.00112987
0.00113606
0.00123906
0.00123906
0.00110388
0.00124097
0.00118494
0.0013001
0.00121307
0.00114799
0.00111222
0.001647
0.00135899
0.00114107
0.00149608
0.00124407
0.00134397
0.00123405
0.00134397
0.00132489
0.00130296
0.00129986
0.00123286
0.0017581
0.00117683
0.0011909
0.00118899
0.00114512
0.00112605
0.00114799
0.0011282
0.00198388
0.00134587
0.00130105
0.00132585
0.00131416
0.00115395
0.00128603
0.001369
0.00116706
0.00131106
0.00126505
0.00116706
0.00111079
0.00114703
0.001266
0.00128388
0.00111198
0.00125504
0.00128198
0.00117397
0.00113702
0.00112295
0.00127983
0.00112987
0.00127482
0.00132203
0.001477
0.00133204
0.00131989
0.001122
0.00113392
0.00146794
0.00133085
0.00124002
0.00137186
0.00117683
0.00112009
0.00108695
0.00115681
0.00113511
0.00108695
0.00112414
0.00121117
0.00113392
0.00112796
0.00124097
0.00118208
0.00120902
0.00111413
0.00118804
0.00113106
0.00132298
0.00135589
0.001333
0.00128007
0.00124812
0.0013299
0.00123692
0.00128412
0.00131011
0.00132012
0.00148392
0.00135899
0.001297
0.00137091
0.00131297
0.00135207
0.001158
0.00113297
0.00111985
0.00132298
0.00119615
0.00120711
0.00126386
0.00112891
0.0013659
0.00113392
0.00141692
0.00113106
0.00113392
0.00114799
0.0011189
0.00116515
0.00113297
0.00117612
0.0012579
0.00113606
0.0011692
0.00122881
0.00121689
0.0011878
0.00113297
0.00112486
0.00114083
0.00140214
0.00114012
0.00111818
0.001158
0.00110102
0.00119209
0.00110793
0.00118709
0.00126719
0.001194
0.001127
0.00112915
0.00119495
0.00231791
0.00117803
0.00124502
0.00230718
0.00130415
0.001194
0.00110507
0.00117803
0.00113893
0.00120187
0.00246501
0.00120401
0.00125384
0.00139689
0.00111008
0.00110006
0.00113893
0.0013032
0.00112796
0.00113511
0.00114512
0.00116897
0.00127006
0.00113893
0.00118017
0.00131011
0.00136614
0.00115204
0.00113511
0.0010972
0.001266
0.00118494
0.00124502
0.001194
0.00123596
0.00230885
0.00109911
0.00118184
0.00129199
0.00113511
0.00113487
0.00109887
0.00111008
0.00120282
0.00112391
0.00237799
0.00112295
0.00119901
0.00112486
0.00118494
0.00112295
0.00138283
0.0011189
0.00111485
0.00113702
0.00109601
0.001158
0.00114012
0.00124788
0.00118804
0.00117207
0.0012002
0.00118685
0.00112581
0.00117302
0.00125384
0.00133991
0.00118494
0.00252891
0.00117898
0.0012238
0.00129819
0.00106812
0.00117016
0.00111485
0.00111604
0.00120687
0.00118709
0.00131392
0.00127792
0.00124311
0.00124693
0.00119185
0.00124288
0.00122905
0.00113201
0.00111389
0.00110316
0.00111508
0.00118303
0.00115514
0.0010941
0.00119305
0.00129223
0.00111008
0.00124598
0.00116992
0.00113511
0.0011282
0.00115895
0.00110507
0.00116396
0.00135112
0.00113106
0.00142193
0.00120902
0.00113106
0.0011251
0.00113106
0.00116396
0.0011189
0.00114393
0.001508
0.00109601
0.00142193
0.00111485
0.00253105
0.00114703
0.0010891
0.00124693
0.00114083
0.00190806
0.00121403
0.00133395
0.00166798
0.00531793
0.00137401
0.0011189
0.00111604
0.00112104
0.00108004
0.00158596
0.00136495
0.00189781
0.0010829
0.00115299
0.00157905
0.00111604
0.00123787
0.00111794
0.00125408
0.00175405
0.0011611
0.00123405
0.00125003
0.00298095
0.00153899
0.00121403
0.00113106
0.00113416
0.00113797
0.00128794
0.00118995
0.00113511
0.00228095
0.00130796
0.00111413
0.00301003
0.00123191
0.00109386
0.00137997
0.00113201
0.0011189
0.00132608
0.00138211
0.00117803
0.00150299
0.00112104
0.00112009
0.001122
0.00112796
0.00127316
0.00118709
0.00132084
0.00116587
0.00125694
0.00112915
0.00113797
0.00130916
0.0011332
0.0013299
0.00124884
0.001127
0.00113297
0.00113916
0.00112295
0.00114918
0.00123501
0.00114202
0.00113106
0.00118399
0.00128412
0.00204706
