0.00153613
0.00147605
0.00150895
0.00158501
0.00142217
0.00153303
0.00165606
0.00154591
0.00240016
0.00140095
0.00138092
0.001719
0.00137687
0.00153112
0.00139999
0.00164008
0.00137901
0.00224209
0.00141788
0.00143003
0.00166202
0.00139117
0.00157189
0.00140619
0.00147581
0.00140905
0.00143385
0.00230098
0.00144291
0.00162196
0.00140905
0.00157094
0.00138497
0.00142002
0.00147104
0.00140309
0.00309396
0.00138307
0.00251317
0.00285482
0.001369
0.00163198
0.001441
0.0037961
0.00137997
0.00162601
0.00140381
0.00149202
0.00141096
0.001405
0.0030179
0.00138593
0.00176311
0.0028131
0.00146794
0.0014441
0.00159192
0.00316215
0.00144887
0.00176597
0.00178313
0.00138378
0.00134492
0.00139213
0.00151706
0.00133395
0.00141907
0.00150013
0.00154591
0.00141501
0.001436
0.00144196
0.00155807
0.00143814
0.00153089
0.00139809
0.00153279
0.00141406
0.00156283
0.00200605
0.00155902
0.00158787
0.00199199
0.00157785
0.00162196
0.00169992
0.00148821
0.00163102
0.00138688
0.001508
0.00144792
0.00167012
0.00162911
0.00168896
0.00137687
0.00164318
0.00142002
0.00136209
0.00147104
0.00245094
0.00144005
0.00149298
0.00149584
0.00172591
0.00166392
0.00147009
0.00146198
0.0015502
0.00171804
0.00142407
0.00142002
0.00146508
0.00160193
0.00175714
0.00166607
0.00138998
0.00170112
0.00174999
0.00169492
0.00143003
0.00174689
0.00167418
0.00147104
0.00158787
0.00143695
0.00137782
0.00201821
0.00158691
0.00231004
0.00153613
0.00157285
0.00161386
0.00147009
0.00140905
0.00157905
0.00144386
0.00156498
0.00139284
0.00144005
0.00155687
0.00153208
0.00158215
0.00141001
0.00159287
0.00142694
0.0017128
0.00156689
0.001441
0.00138307
0.00150204
0.00147104
0.001436
0.00146198
0.00140309
0.00144792
0.00192881
0.00137305
0.00165391
0.00155497
0.00142121
0.00143194
0.00146413
0.00158501
0.00164104
0.00165606
0.00171494
0.00173903
0.00166106
0.00148582
0.00148702
0.00149107
0.001544
0.00156498
0.00171494
0.0014112
0.00154305
0.0015409
0.00153589
0.00167894
0.00149798
0.0016582
0.00160694
0.00139999
0.00172997
0.00260305
0.00138688
0.00232506
0.00140214
0.00149202
0.00139308
0.00195789
0.00139213
0.00171518
0.00150394
0.00156903
0.00164104
0.001405
0.00140619
0.00147104
0.00158
0.00144196
0.00142503
0.00161195
0.0014081
0.00146008
0.00145006
0.0017581
0.00158787
0.00159502
0.0015831
0.00169182
0.00160003
0.00163794
0.00158596
0.00146484
0.00157499
0.00169301
0.00174904
0.00141907
0.00139403
0.0015502
0.00157499
0.00171804
0.00161481
0.00162911
0.00141597
0.00169587
0.00166798
0.00168705
0.00172901
0.00169492
0.00225711
0.00218105
0.00189686
0.00166893
0.00251007
0.00142717
0.00237298
0.00232887
0.00143814
0.001436
0.0014708
0.00232196
0.00141287
0.0014801
0.00145102
0.00169587
0.00145102
0.00148702
0.00215197
0.00156999
0.0024128
0.00166106
0.00204682
0.00144696
0.00269914
0.00250793
0.00139999
0.00144005
0.00137711
0.00157619
0.00142598
0.00142884
0.00170803
0.00138903
0.0016799
0.00145602
0.00146818
0.00170588
0.00167704
0.00170779
0.00157595
0.00167012
0.00195599
0.00172019
0.00167704
0.00161099
0.00197101
0.00162601
0.00197196
0.00175095
0.00162506
0.0022881
0.00297904
0.00166917
0.00144196
0.00140309
0.00146389
0.00141191
0.00145197
0.00141406
0.00142407
0.00149894
0.00147605
0.00160789
0.00164294
0.00156617
0.00145602
0.00160909
0.00143504
0.001405
0.00162387
0.00139213
0.00136399
0.00154805
0.00159287
0.001436
0.00148582
0.00144005
0.00142407
0.00147009
0.00141692
0.00150084
0.00158596
0.0015409
0.0014689
0.00140595
0.00162005
0.00142288
0.00142193
0.00148082
0.00142384
0.0014019
0.0016911
0.00159502
0.00140905
0.00162888
0.00279808
0.00137377
0.00208783
0.00138307
0.00144696
0.00310588
0.00336909
0.00139499
0.00147295
0.00200105
0.00140786
0.00267816
0.00153112
0.00143409
0.00160885
0.00182796
0.00141788
0.00145102
0.00144005
0.00197005
0.00142384
0.00142598
0.00220394
0.0028789
0.00145006
0.00153804
0.00150895
0.00149798
0.00150609
0.00141382
0.0018568
0.00162196
0.00141883
0.00144291
0.00261402
0.00165892
0.00151205
0.00258398
0.00170112
0.00158906
0.00141501
0.00157905
0.00171518
0.00142288
0.00138497
0.00158787
0.00142884
0.00160289
0.00142193
0.00142717
0.00152397
0.00144601
0.00176191
0.00150204
0.00208497
0.00183988
0.00158381
0.00139499
0.00141096
0.00146317
0.00159907
0.00154591
0.0015471
0.00283289
0.00154114
0.00142503
0.00178123
0.00295496
0.00154185
0.00143981
0.00153804
0.002563
0.00161695
0.00193405
0.00141788
0.00142002
0.00243711
0.00151896
0.00144291
0.00148511
0.00156784
0.0015099
0.00141311
0.00157595
0.00170803
0.00164986
0.00139999
0.001508
0.00152588
0.00141907
0.0015049
0.00140285
0.00139403
0.00149107
0.00143313
0.00141001
0.0014379
0.001652
0.00143385
0.00160599
0.00158906
0.00157905
0.00141692
0.00137401
0.00142503
0.00164485
0.0015471
0.001688
0.00167704
0.001683
0.00141597
0.00144315
0.00145316
0.00174403
0.00159788
0.0014689
0.00198698
0.00155115
0.001544
0.00171304
0.00145197
0.00142789
0.00145197
0.00140882
0.00147486
0.00154495
0.0014472
0.00156903
0.00142908
0.00142097
0.00139403
0.001508
0.00160694
0.00152707
0.00140595
0.00165796
0.00171685
0.00138903
0.00145698
0.00160789
0.00141692
0.00138998
0.00139594
0.001513
0.00169301
0.00138688
0.00164509
0.00144386
0.00148201
0.00142694
0.00143695
0.00140691
0.00141597
0.00143099
0.00139904
0.00160599
0.00149179
0.00145698
0.00158811
0.00141311
0.00142598
0.00140595
0.00148702
0.00161099
0.00175691
0.00151777
0.00152993
0.0016551
0.001858
0.00148392
0.001405
0.00159311
0.00174093
0.00170493
0.00165319
0.001755
0.00248098
0.00204086
0.00190997
0.00142503
0.00159788
0.00164008
0.00141907
0.00149107
0.00170493
0.0014689
0.00148392
0.00153995
0.0014379
0.00143814
0.00144792
0.00170493
0.00171018
0.00152707
0.001647
0.00166321
0.0016849
0.0014472
0.00145411
0.00181603
0.00137401
0.00148916
0.00144005
0.00139689
0.0015769
0.00144315
0.00141287
0.00162005
0.0014782
0.00161195
0.00167298
0.00251293
0.00154495
0.00140405
0.00145483
0.00148916
0.00203705
0.00144291
0.00169802
0.00156403
0.00194216
0.00145793
0.00165105
0.002388
0.00164485
0.0014441
0.00158095
0.0016861
0.00169992
0.00165296
0.00153184
0.00167418
0.00156593
0.00140595
0.00145388
0.00142622
0.00144601
0.00142694
0.00156593
0.00144482
0.00172305
0.00165296
0.00190592
0.0016582
0.00170612
0.00177407
0.0016489
0.00166917
0.00166798
0.00168586
0.00166202
0.00166297
0.00164914
0.0015049
0.00159812
0.00279689
0.00164485
0.00162196
0.00174499
0.00142002
0.00257206
0.00143099
0.00148296
0.001544
0.00173593
0.00159597
0.0014112
0.00171995
0.0015521
0.00187898
0.00334811
0.00163388
0.00142002
0.00145483
0.00288701
0.00144601
0.00140619
0.00201488
0.00266504
0.00261116
0.00140405
0.00160694
0.00142717
0.0032239
0.00138402
0.00155997
0.00139618
0.00278687
0.00142908
0.00154781
0.00272083
0.00149488
0.00138402
0.00290895
0.00159287
0.00136495
0.0015161
0.00143099
0.00138593
0.00142193
0.00154901
0.00278902
0.00315309
0.00167799
0.00148296
0.00146794
0.00170302
0.00141716
0.00148201
0.00234604
0.00147295
0.00212693
0.00150514
0.00174809
0.00148487
0.00171995
0.00166202
0.001405
0.00165606
0.00142694
0.00168085
0.00149393
0.00142908
0.00146103
0.00139689
0.001441
0.00136089
0.001405
0.00145817
0.00145817
0.00176907
0.00144887
0.00143695
0.00280714
0.00137997
0.0013721
0.00208807
0.00139904
0.00142694
0.00321293
0.00137496
0.00142193
0.00317502
0.00139904
0.00139499
0.00284719
0.00167799
0.00137496
0.001441
0.00217605
0.00146699
0.00143504
0.00174618
0.00144196
0.00152493
0.00194502
0.00165892
0.00140381
0.00162792
0.00139689
0.00227594
0.00187206
0.00139904
0.00149298
0.00172591
0.00141597
0.00157094
0.00154996
0.0015552
0.00171304
0.00166392
0.00148916
0.00230002
0.00138092
0.00169897
0.00140786
0.00162721
0.001724
0.00149488
0.00152493
0.00165606
0.00174212
0.00142598
0.00171709
0.00153399
0.00139904
0.00173807
0.00146985
0.00141788
0.00164199
0.00170398
0.00162601
0.00144315
0.00152779
0.00216985
0.00139189
0.00139999
0.00140214
0.00139213
0.00144506
0.00150704
0.00140405
0.00170684
0.00167012
0.00167012
0.00167394
0.00165582
0.0014441
0.00144792
0.00167298
0.00145197
0.00163889
0.00148416
0.00137901
0.00138903
0.00144005
0.00153685
0.00141191
0.00135994
0.00281286
0.00144911
0.00167012
0.00139785
0.00156212
0.00170612
0.00147581
0.0014801
0.00247288
0.00139904
0.00141311
0.00162196
0.00138116
0.00172901
0.00146794
0.00155592
0.00152707
0.00145292
0.00165582
0.00140405
0.00171709
0.00137615
0.00172496
0.00142503
0.00141788
0.00145316
0.00143719
0.00147915
0.00169086
0.00166583
0.00148702
0.00173187
0.0018661
0.00161505
0.00159287
0.00139713
0.00145888
0.00143313
0.00141501
0.00173092
0.00144601
0.00146914
0.00149894
0.00171208
0.00228
0.00171208
0.00143409
0.00139999
0.00198698
0.00151491
0.00141287
0.00162196
0.00174308
0.0016582
0.00184298
0.00145602
0.00246692
0.00143099
0.00142884
0.00147414
0.00142312
0.00141597
0.00161695
0.00163913
0.00169611
0.00155497
0.00168705
0.00144506
0.00142598
0.00144601
0.00138903
0.00144196
0.00145888
0.00149322
0.00143385
0.00144601
0.00248003
0.00150609
0.00145292
0.00150108
0.00166798
0.00160098
0.0016911
0.00162721
0.00186396
0.00143886
0.00155497
0.00141501
0.00148797
0.00167394
0.00257516
0.00159287
0.00177908
0.00201392
0.00143409
0.00167799
0.00139189
0.00142312
0.00140905
0.00141001
0.00161386
0.00138712
0.00140309
0.00225115
0.00160694
0.00180101
0.001369
0.0014298
0.00148916
0.00137305
0.00151801
0.00165296
0.0016582
0.00143099
0.00157094
0.00142193
0.00161099
0.001647
0.00141811
0.00137901
0.00208807
0.00235319
0.00141907
0.00170708
0.00149608
0.00156593
0.0016768
0.00149703
0.00156093
0.00196791
0.00162816
0.00172806
0.00153804
0.00152516
0.00142694
0.0014329
0.00159597
0.00162911
0.00162601
0.00160193
0.00141382
0.00149298
0.00149989
0.00145793
0.00160122
0.00141501
0.00388098
0.00143409
0.00163198
0.00153017
0.00136805
0.00143313
0.00269818
0.00140905
0.00139499
0.0015161
0.00139689
0.00166392
0.00141001
0.00145698
0.00261283
0.00149798
0.00139499
0.00163794
0.001369
0.00156808
0.002635
0.00160003
0.00140786
0.00144219
0.00141883
0.0014298
0.00140691
0.00152993
0.00140691
0.00149584
0.00147605
0.00164986
0.00247383
0.00139308
0.00283504
0.00153995
0.00139999
0.00147009
0.00141215
0.00142312
0.00141382
0.00166702
0.00137401
0.00156808
0.0015409
0.00169992
0.00157213
0.00230503
0.00135803
0.00156689
0.00142002
0.00171685
0.0016191
0.00229096
0.00139499
0.00215507
0.00150299
0.00171995
0.00143886
0.00158286
0.00136709
0.00139618
0.00141001
0.00155687
0.00230503
0.00174618
0.00143504
0.00272989
0.00162601
0.00165606
0.00215912
0.001724
0.00140619
0.00170588
0.001683
0.00156808
0.00156999
0.00167608
0.00173998
0.00149918
0.00174093
0.00167203
0.00165796
0.00172806
0.00191712
0.00160313
0.00154996
0.00159788
0.00191998
0.00141287
0.00145817
0.00202799
0.00140595
0.00158
0.00141406
0.00241399
0.00170398
0.00291395
0.00145698
0.00167704
0.0016911
0.00168991
0.00174308
0.00150704
0.00169086
0.00169706
0.00169897
0.00157094
0.00152612
0.00211692
0.00207901
0.0016489
0.00173783
0.00160789
0.0015018
0.00143385
0.00176692
0.0017581
0.00192499
0.00142479
0.00165892
0.00178289
0.00141692
0.00161695
0.00253892
0.00178504
0.00145507
0.00141811
0.00160193
0.00137305
0.00162196
0.00144196
0.00137782
0.00141001
0.00174308
0.00140595
0.00141096
0.00159979
0.00165987
0.00143194
0.00141096
0.00234509
0.00190997
0.00162411
0.00169706
0.00148487
0.00155711
0.0016489
0.00146198
0.001616
0.00276303
0.00179386
0.00147891
0.00145793
0.00145006
0.00172591
0.00141382
0.00175786
0.001894
0.00223303
0.001405
0.00139022
0.00153494
0.001369
0.00141096
0.0014019
0.00299883
0.00174117
0.00138879
0.0013659
0.00171995
0.00179005
0.0015099
0.00181603
0.0015471
0.00189805
0.00141501
0.00147605
0.00152707
0.00145698
0.00162601
0.00238085
0.00139093
0.00141406
0.00236201
0.00139093
0.00145316
0.00140595
0.00140691
0.00144887
0.00138497
0.00144005
0.00145197
0.00144315
0.00153184
0.00156689
0.00180793
0.00167203
0.00195503
0.00146699
0.00145698
0.00167489
0.00187802
0.00257492
0.00152016
0.00155401
0.00231099
0.00156188
0.00173783
0.00171208
0.001791
0.00219393
0.00168586
0.00142407
0.00154996
0.00190997
0.00156593
0.00154996
0.00169206
0.0018158
0.0017941
0.00206113
0.00144601
0.00150394
0.00140595
0.00166512
0.00141883
0.00224614
0.00148487
0.00153303
0.00184894
0.00166321
0.0015831
0.00173616
0.00151801
0.001863
0.00162792
0.00157094
0.00142598
0.0015769
0.00137687
0.00145292
0.00136399
0.00139689
0.00169778
0.00143504
0.00170207
0.00179696
0.0014379
0.00139189
0.00152111
0.00140905
0.00160313
0.00163484
0.00152087
0.001508
0.00138283
0.00153184
0.00140095
0.00146604
0.00147915
0.0015049
0.00156188
0.00145817
0.0015521
0.00229907
0.00154805
0.0015161
0.00141811
0.00140309
0.00173497
0.00145102
0.00153899
0.00146794
0.00153303
0.00172591
0.00138116
0.00144792
0.00278616
0.00159097
0.00158596
0.00154305
0.00149393
0.00256515
0.00167298
0.00145197
0.00140595
0.00137687
0.00143003
0.00156116
0.00142097
0.0014689
0.00141096
0.00141215
0.00139904
0.00153303
0.00159311
0.00140214
0.00148916
0.00145698
0.00141096
0.001441
0.00136423
0.0014081
0.00145912
0.00183105
0.00144315
0.00149393
0.00158906
0.00140119
0.00158906
0.00155902
0.00140285
0.00167394
0.00147891
0.00163507
0.00147605
0.00158882
0.00165296
0.00161481
0.00137401
0.00142813
0.00139308
0.00152302
0.00160694
0.00142789
0.00172806
0.00160789
0.00154018
0.00149202
0.001652
0.00153899
0.00157619
0.00163102
0.00187612
0.00168085
0.00208211
0.00167608
0.00152206
0.00264096
0.00156307
0.00141406
0.0014379
0.00156093
0.00136995
0.00251508
0.00199986
0.00160718
0.001647
0.00163698
0.00183892
0.00141501
0.0014658
0.00150084
0.00166607
0.00141215
0.001616
0.00144315
0.00146413
0.00153017
0.00159407
0.00145793
0.00146103
0.001405
0.00145793
0.00177097
0.00155401
0.00151491
0.00157785
0.00141501
0.00152707
0.00154305
0.00141215
0.00141406
0.00145292
0.00172591
0.00155807
0.00177193
0.00151801
0.00166392
0.00146818
0.0016439
0.00166297
0.00148511
0.00142813
0.00138998
0.00144219
0.00161886
0.00168109
0.00176907
0.00164604
0.00158405
0.00168204
0.00143218
0.00154901
0.00157189
0.00140405
0.00304294
0.00151992
0.00151896
0.00143409
0.00166202
0.00141621
0.00164604
0.00172186
0.00178099
0.00158501
0.00148582
0.00173402
0.00158119
0.00165987
0.00169802
0.00209904
0.00159097
0.00184393
0.00162005
0.00153804
0.00154686
0.0015099
0.00174499
0.00158906
0.00139904
0.00166512
0.00160193
0.0024271
0.00144196
0.00157189
0.00138903
0.00142908
0.00160813
0.00160503
0.00166607
0.001513
0.001472
0.00175405
0.00174999
0.00139809
0.00156093
0.0015161
0.00150418
0.0014441
0.00179505
0.00146699
0.00157499
0.00143814
0.00140309
0.00156498
0.00160623
0.00142407
0.00156283
0.00145602
0.00151205
0.00161982
0.00140905
0.00299311
0.00141811
0.00167298
0.00164509
0.0014081
0.00187087
0.00162816
0.00234199
0.00141096
0.0014379
0.00141501
0.00156116
0.00277901
0.00174809
0.00145388
0.00145698
0.00144696
0.00168204
0.00150299
0.00149298
0.00161314
0.00138521
0.00142813
0.00149512
0.00166798
0.00168896
0.00142193
0.001683
0.00172997
0.001647
0.00219107
0.00163603
0.00255203
0.00270414
0.00140595
0.00154996
0.00151587
0.00212979
0.00143409
0.00137186
0.00167704
0.00149202
0.00162482
0.00163388
0.00164604
0.00162697
0.00171995
0.00163507
0.00150418
0.00170183
0.00158596
0.00194788
0.0015099
0.0016129
0.00293612
0.00175881
0.00251102
0.00184798
0.001441
0.00155091
0.00141692
0.00139594
0.00173688
0.00157595
0.00383186
0.00142407
0.00138021
0.00158405
0.00139713
0.00174904
0.00190783
0.00139904
0.00187016
0.0014751
0.00150108
0.00161386
0.00163102
0.00159597
0.00137901
0.00140309
0.00138903
0.00147414
0.00241494
0.0014801
0.0016849
0.00162101
0.00142097
0.00141597
0.00166798
0.00148511
0.00139093
0.0014019
0.00139809
0.001513
0.0022378
0.00131512
0.00270104
0.00172281
0.00152206
0.00141096
0.00137019
0.00138998
0.00338006
0.00164318
0.00139689
0.00142407
0.00140285
0.00183606
0.00136685
0.00173593
0.00140309
0.00151491
0.00189304
0.00144315
0.00141382
0.00139999
0.00205398
0.00171709
0.00165701
0.00153112
0.001405
0.00143003
0.00157404
0.00144005
0.00139809
0.00144792
0.00141501
0.00338507
0.00162506
0.00141907
0.00142598
0.00152802
0.001755
0.00138497
0.00247216
0.00135183
0.00181699
0.00135684
0.00155401
0.00241613
0.00267506
0.00146484
0.00156903
0.00150108
0.00139499
0.00138307
0.00142789
0.00147104
0.00139189
0.00145698
0.00171399
0.00162911
0.00164604
0.00160694
0.00145888
0.00143003
0.00161695
0.00149703
0.00162911
0.00154209
0.00171304
0.00170088
0.00141287
0.00138497
0.00136304
0.00145698
0.00165486
0.00163198
0.00167203
0.00148821
0.0016191
0.00168109
0.00220394
0.00236392
0.00142312
0.001405
0.00168705
0.00160289
0.00161314
0.00155306
0.00170588
0.00197196
0.00164294
0.0016551
0.0015142
0.00195312
0.00190401
0.00163579
0.00142598
0.00188708
0.00146103
0.00142789
0.00154495
0.00151014
0.00236297
0.00141501
0.00156498
0.00142789
0.00267291
0.00140977
0.0014019
0.00145602
0.00145411
0.00156808
0.00150895
0.0014081
0.00141096
0.00141096
0.00146198
0.00141692
0.00155902
0.00274801
0.00143504
0.00151515
0.00164413
0.00142217
0.00143099
0.00142884
0.00141716
0.0015099
0.00146103
0.00159717
0.00147891
0.00142908
0.00163007
0.00146103
0.00141001
0.00143003
0.00294399
0.00152493
0.00261497
0.00140905
0.00144005
0.00151086
0.001405
0.00138307
0.00153995
0.00181389
0.00142789
0.00149798
0.00140595
0.00143003
0.00144601
0.00143695
0.00139499
0.00138307
0.0014329
0.00151706
0.00146079
0.00141978
0.00142813
0.00148797
0.00288606
0.0016849
0.00143504
0.0014689
0.00143385
0.00269794
0.00151205
0.00171399
0.00166702
0.00145721
0.00168395
0.00155687
0.00142407
0.00143385
0.00146699
0.00142503
0.00159883
0.00144887
0.00161505
0.0014298
0.00140786
0.00139999
0.00137997
0.00153208
0.00141096
0.00140405
0.00156403
0.00138307
0.001688
0.00143886
0.00163078
0.00159407
0.00135398
0.00166106
0.00156093
0.00159097
0.00140595
0.00138593
0.00149012
0.00155997
0.00139284
0.00155711
0.00141096
0.00141692
0.00148201
0.00145507
0.00144506
0.00154519
0.0015409
0.00163293
0.00170302
0.00160813
0.00147605
0.00155187
0.00147009
0.00145602
0.00143719
0.00139999
0.00149202
0.00146508
0.00139904
0.00151491
0.00148988
0.00162816
0.00139403
0.00137997
0.00143099
0.00200605
0.00153112
0.00148606
0.00142717
0.00138998
0.00159001
0.00143003
0.00137901
0.00137615
0.00158
0.0015471
0.0016439
0.00163984
0.00161505
0.0014689
0.00146604
0.00242496
0.00180197
0.00158691
0.00170302
0.001333
0.00133681
0.00139403
0.00166821
0.0014689
0.00145388
0.00142598
0.00136089
0.00160193
0.00148296
0.0014782
0.00140214
0.00140214
0.00161099
0.00140095
0.00166297
0.00155783
0.00141382
0.00150681
0.00283504
0.00153613
0.00139403
0.00216985
0.00144792
0.00152898
0.00143909
0.00160503
0.00164199
0.00158405
0.00138783
0.00157309
0.00139117
0.00153899
0.00135398
0.00151801
0.00145698
0.00137401
0.00143194
0.00141597
0.0023849
0.0014348
0.00141907
0.00142002
0.00142193
0.00136709
0.00152683
0.00157595
0.00153613
0.00170803
0.00140381
0.00144291
0.00139809
0.00138807
0.00169396
0.00159192
0.00156212
0.00138688
0.00139904
0.00139499
0.00157499
0.00151491
0.00152588
0.00138879
0.00136805
0.00181508
0.00144005
0.00139189
0.00137806
0.00152493
0.00149512
0.00136995
0.00153017
0.0016129
0.00138807
0.00149393
0.00135994
0.00150013
0.00136018
0.00155091
0.00143003
0.00157285
0.00138402
0.00139308
0.0014801
0.0015161
0.0014801
0.00141215
0.00163293
0.00156093
0.00139809
0.00150895
0.00145793
0.00142598
0.00139189
0.00136781
0.00164199
0.00138998
0.00140405
0.00137019
0.00151896
0.00163913
0.00154805
0.00143099
0.001405
0.00171304
0.00146103
0.00144982
0.00160909
0.00139499
0.00164509
0.00137091
0.00142002
0.00173283
0.0015111
0.00145006
0.00139594
0.00154996
0.00271392
0.00132489
0.00143719
0.00149584
0.00140095
0.00137687
0.00150299
0.00141811
0.00157785
0.00138211
0.00163889
0.00138307
0.001405
0.00147319
0.00157189
0.00135183
0.00141096
0.00139213
0.00143909
0.0014441
0.00143003
0.00142694
0.00135398
0.00139213
0.00139999
0.00138187
0.00151396
0.00152183
0.00154495
0.00163007
0.00136185
0.00157094
0.00164199
0.00144911
0.00139093
0.00157714
0.00150299
0.00137091
0.00140691
0.00140715
0.00152898
0.00140309
0.0014019
0.00166988
0.0014019
0.00140214
0.00139499
0.00145197
0.00138807
0.00170803
0.00152683
0.00142097
0.00140691
0.00148296
0.00153208
0.00138783
0.00151801
0.001652
0.00148892
0.00163817
0.00146699
0.00150394
0.00141811
0.00140595
0.00179291
0.00150394
0.00154901
0.00145197
0.00136614
0.0018239
0.00139093
0.00138903
0.00139594
0.00140691
0.00144005
0.00136518
0.00139713
0.00139213
0.00144696
0.001441
0.00145102
0.001472
0.00169802
0.00162506
0.00139594
0.00148702
0.00135303
0.00145292
0.0015049
0.00153303
0.00140905
0.00147295
0.00164104
0.00143313
0.00168204
0.00157213
0.00142598
0.00137091
0.00140905
0.00154281
0.00151706
0.00162292
0.00167203
0.00154495
0.00165391
0.00138807
0.00143409
0.00146604
0.00143504
0.00144911
0.00145388
0.00162005
0.00145197
0.00149608
0.00145984
0.00146294
0.00167394
0.0014081
0.00158405
0.00136685
0.00162101
0.00140715
0.00144815
0.00139403
0.00146699
0.00154614
0.00156021
0.00166202
0.00141096
0.00158405
0.00143814
0.0016439
0.00161219
0.00144005
0.00161314
0.00153518
0.00148988
0.00154018
0.00142097
0.00145912
0.00154901
0.00139809
0.00167418
0.00153303
0.00138187
0.00145507
0.00158215
0.00141191
0.0015161
0.00155997
0.00142002
0.00139618
0.00144386
0.00143099
0.00144005
0.00141287
0.00145602
0.00149393
0.0014019
0.00143909
0.00146198
0.00160003
0.00161695
0.00142694
0.00138307
0.00144911
0.00154591
0.00151014
0.00138497
0.00147295
0.00153899
0.00141501
0.00200105
0.00165892
0.00153804
0.00157094
0.00142813
0.00136995
0.00139022
0.00148392
0.00142503
0.00157714
0.00146008
0.00145602
0.00161195
0.00162411
0.00153208
0.00147581
0.00144601
0.00157714
0.00153184
0.00150609
0.00137806
0.00138116
0.00263691
0.00151205
0.00138688
0.00156403
0.00144196
0.00165915
0.00136304
0.00140905
0.00139499
0.00148487
0.00135303
0.00142908
0.00159693
0.00149107
0.00142384
0.00140214
0.00145388
0.00141907
0.00141692
0.00168204
0.00165486
0.00141788
0.00161982
0.00168896
0.00143003
0.00145316
0.00139093
0.00139999
0.00142217
0.00146103
0.00139499
0.00140619
0.00163102
0.00143313
0.0014081
0.00153089
0.00258207
0.00152016
0.0014081
0.00180793
0.00166011
0.00188279
0.00142097
0.00151205
0.00309491
0.0019052
0.00164008
0.00154209
0.0014801
0.00240111
0.00138593
0.0016191
0.00142002
0.00201702
0.00169492
0.00165606
0.00195408
0.00276303
0.00160289
0.00171208
0.00196314
0.00173497
0.00152516
0.001477
0.00164914
0.0016582
0.0016582
0.00159812
0.00154901
0.00194001
0.00165391
0.00163984
0.00146484
0.00170708
0.00302696
0.00156999
0.00148511
0.00141311
0.00270295
0.00199485
0.00322294
0.00151706
0.00289106
0.00141191
0.00145102
0.00156713
0.00157881
0.00201082
0.00163794
0.00142407
0.00154185
0.00146508
0.00152302
0.00152898
0.00142717
0.00151801
0.00137997
0.00209498
0.00140095
0.00227809
0.00226617
0.00154805
0.00145793
0.00157595
0.00161099
0.00166297
0.00218105
0.00141907
0.0016489
0.00214791
0.00187302
0.00140905
0.00159001
0.00186205
0.00153399
0.00143099
0.00152397
0.00139689
0.00138712
0.00149202
0.00148702
0.00137401
0.00143695
0.00162697
0.00156903
0.00153184
0.00143719
0.00140595
0.00223708
0.00141382
0.00155497
0.00215602
0.00199914
0.00156808
0.00164008
0.00160098
0.00149202
0.00159001
0.00169492
0.00176191
0.00153899
0.00282407
0.00232506
0.00184894
0.0022459
0.00138879
0.00138402
0.001472
0.00172305
0.00137401
0.00142288
0.00184298
0.00158215
0.00169206
0.00167203
0.00165582
0.00216103
0.00144815
0.001688
0.00170302
0.00147796
0.00166702
0.00178909
0.00158596
0.00151706
0.00155497
0.00139809
0.00142908
0.00135589
0.00153303
0.00138283
0.00311899
0.00142503
0.001513
0.00139999
0.00244689
0.00152898
0.00158
0.00157499
0.00139904
0.00136495
0.00144887
0.00218701
0.00257206
0.00143099
0.0016799
0.00165892
0.00145984
0.00158095
0.00139999
0.00194907
0.00141907
0.001724
0.0014689
0.00139904
0.00143909
0.00143814
0.00139189
0.00142813
0.00160003
0.00137591
0.00159597
0.00159192
0.00149393
0.00143313
0.00137711
0.00150013
0.00165296
0.0014348
0.00139785
0.00139308
0.00146818
0.00138998
0.00144887
0.00145411
0.00138807
0.00158691
0.00159907
0.00146508
0.00154996
0.00148106
0.00162101
0.00145197
0.00145602
0.00142503
0.00156903
0.00141001
0.00141788
0.00146389
0.00166893
0.00140905
0.00157905
0.00145793
0.00137615
0.00140095
0.00137496
0.00153804
0.00141406
0.00150704
0.00141692
0.00159907
0.00144601
0.00173807
0.00158906
0.00198007
0.00221086
0.00159121
0.00148821
0.00155997
0.00158381
0.00166106
0.00154805
0.00142598
0.001508
0.00140905
0.00162601
0.00161004
0.00155091
0.00176597
0.001544
0.00139809
0.00145006
0.00141811
0.001508
0.00140691
0.00153017
0.0014379
0.00139785
0.00142813
0.00149202
0.00148296
0.00142002
0.00138116
0.00142908
0.0014019
0.00138402
0.00140405
0.00138402
0.00138283
0.00138712
0.00153494
0.00141406
0.00145006
0.00154901
0.00139499
0.0014441
0.00138903
0.00143194
0.0014832
0.00145507
0.00165701
0.00143099
0.001477
0.00142503
0.00137496
0.00139093
0.00142407
0.00154805
0.00149894
0.00137711
0.00145411
0.00156307
0.00137997
0.00158596
0.00152993
0.00144601
0.00136185
0.00142097
0.00152087
0.00159001
0.00143218
0.001647
0.00143003
0.00142097
0.00136304
0.00166011
0.00156713
0.00145102
0.00158501
0.00142312
0.00158787
0.00139904
0.00154901
0.001405
0.00149107
0.00139594
0.00149107
0.0013752
0.00141811
0.00175214
0.00160098
0.00146198
0.00141692
0.00139499
0.00144792
0.00162601
0.00140309
0.00150394
0.00135016
0.00165081
0.00139785
0.00158596
0.00148582
0.00139403
0.0014081
0.0015862
0.00161695
0.00155592
0.00159502
0.00139713
0.00159121
0.00141001
0.00153804
0.00170708
0.00137305
0.00154996
0.00142694
0.00146198
0.00141597
0.00139999
0.00136113
0.00140595
0.00141287
0.00146413
0.00172091
0.00158405
0.00140405
0.00151801
0.00142407
0.00157285
0.00143909
0.00144601
0.00139308
0.00143886
0.00153279
0.00141406
0.00158596
0.00155902
0.00153089
0.00139999
0.00142503
0.00152898
0.00139809
0.00165009
0.00138998
0.00158
0.00176191
0.00162101
0.00141501
0.00142097
0.00162601
0.00139785
0.00137711
0.00144506
0.00147009
0.00139594
0.00146914
0.00145388
0.00145292
0.00136399
0.00141001
0.00139594
0.00141191
0.00145411
0.00156403
0.00149798
0.00143194
0.00159311
0.00164104
0.00225186
0.00162816
0.00178289
0.001652
0.00142097
0.00138593
0.00162911
0.00134397
0.00136113
0.00142407
0.00146699
0.00149202
0.00151014
0.00170016
0.00140691
0.00146794
0.00140905
0.00143409
0.00148988
0.0014441
0.00168681
0.001477
0.00157905
0.00145197
0.00141907
0.00205708
0.00145793
0.00140595
0.00139689
0.00152206
0.00140309
0.00161099
0.00154305
0.003016
0.00210094
0.00157094
0.00143003
0.00148797
0.00145197
0.00142717
0.00144887
0.00169611
0.00177312
0.00154686
0.00156116
0.00179195
0.00141191
0.00142694
0.00148392
0.0013659
0.00135493
0.00216508
0.00146985
0.00142503
0.00141096
0.00153399
0.00141311
0.00142097
0.00145006
0.00151086
0.00144601
0.00142217
0.00141692
0.00177097
0.00140405
0.00228119
0.00136709
0.00151992
0.001405
0.00206685
0.00137496
0.00176215
0.00140595
0.00178599
0.00155401
0.00136614
0.00251198
0.00155997
0.00155997
0.00161195
0.00159311
0.00142288
0.00138903
0.0014689
0.0014298
0.00165391
0.00147986
0.0015099
0.00143099
0.00140619
0.00141096
0.00150394
0.00282907
0.00194788
0.0016551
0.00139499
0.00143504
0.00168705
0.00148511
0.00148201
0.00141597
0.00142694
0.001508
0.00290298
0.0015521
0.0014739
0.00164008
0.00158
0.00137591
0.001405
0.00148296
0.00334716
0.00136185
0.00168991
0.00150609
0.00148392
0.00168991
0.00156212
0.00268698
0.001477
0.00159597
0.00142407
0.00174594
0.001858
0.00161099
0.00137091
0.00138783
0.00142407
0.00156903
0.00198793
0.0016911
0.00158501
0.00166893
0.00142789
0.00146198
0.00152397
0.00150919
0.00284982
0.00141788
0.00290394
0.00174594
0.00149679
0.00179696
0.00141716
0.00242209
0.00145006
0.00157809
0.00150299
0.00141311
0.00166202
0.0014019
0.00152087
0.00137806
0.00171685
0.00147295
0.00140905
0.0016911
0.001441
0.00141692
0.00144982
0.00140214
0.00136614
0.00167704
0.001405
0.00156593
0.00146985
0.00160193
0.001472
0.00138712
0.00138903
0.00140309
0.00147295
0.00163293
0.00159097
0.00175405
0.00143409
0.00134587
0.00152779
0.00178599
0.00162697
0.00156593
0.00143695
0.00152087
0.00141311
0.00133586
0.00146508
0.00138021
0.00169015
0.002527
0.00145721
0.00137496
0.00134087
0.0013442
0.00134015
0.00163198
0.00157499
0.00162911
0.00161099
0.00156999
0.00152993
0.00139904
0.00139809
0.00141501
0.00137687
0.00140214
0.00143504
0.00166392
0.00162816
0.00165915
0.00138903
0.00141096
0.00144815
0.0014019
0.00144196
0.00155497
0.00139999
0.001477
0.00155783
0.00161004
0.00154495
0.00151706
0.00145578
0.00138116
0.00138211
0.00159001
0.00152206
0.001369
0.00140619
0.00138307
0.0014081
0.00138497
0.00140715
0.001405
0.00146604
0.00143003
0.00152898
0.00134802
0.00184798
0.00196385
0.00156593
0.0013721
0.00163603
0.00141215
0.00139999
0.00148487
0.00276303
0.00150609
0.00149298
0.00140691
0.00140285
0.00140214
0.00181603
0.00138903
0.00147796
0.0015049
0.00174809
0.00145102
0.00138807
0.00176907
0.00145912
0.0014739
0.00140405
0.00151086
0.00149512
0.00173903
0.00233698
0.00138593
0.00173688
0.0014689
0.00143003
0.00139499
0.00135803
0.00145102
0.00168705
0.00154495
0.00142407
0.00244808
0.00139022
0.0016098
0.00144506
0.00154209
0.00161695
0.00148296
0.00139403
0.00165606
0.00137496
0.00141716
0.00140309
0.00139809
0.00176716
0.00141215
0.00242114
0.00137806
0.00146985
0.00139189
0.00280905
0.00167584
0.00147796
0.00140715
0.00153804
0.00142312
0.00167084
0.00142789
0.00149298
0.00141907
0.00256014
0.00137281
0.00151992
0.00167513
0.001441
0.00146723
0.00144005
0.00149894
0.00146794
0.00175309
0.00144696
0.00318003
0.00141907
0.00136304
0.00142503
0.00147891
0.00141811
0.00144815
0.00139689
0.00160599
0.00163293
0.00141883
0.00261712
0.00140882
0.00159097
0.00159287
0.00149608
0.00156498
0.001544
0.00173306
0.00159597
0.00142384
0.0017879
0.00138688
0.00141692
0.00174999
0.00183892
0.00154996
0.00155401
0.00140786
0.001441
0.00181007
0.00140691
0.00140405
0.00140691
0.00144696
0.00153708
0.00162506
0.00139689
0.00163102
0.00172615
0.00147414
0.00163794
0.00142694
0.001688
0.00144315
0.00161791
0.00167394
0.001441
0.00155807
0.0014112
0.00146604
0.00161219
0.00151086
0.0017128
0.00176501
0.00162292
0.00138021
0.00153708
0.00176001
0.00148487
0.00143099
0.00163412
0.00203395
0.00152993
0.00169706
0.00160003
0.00164318
0.00138903
0.00199103
0.00139499
0.00239801
0.00293112
0.0018568
0.00142193
0.00167704
0.00152087
0.00157905
0.00149703
0.00152588
0.0015862
0.00156808
0.00166106
0.00162506
0.00188494
0.00310302
0.00165987
0.00285101
0.001652
0.00147104
0.00141811
0.0015552
0.001827
0.00147986
0.0019691
0.00237513
0.00152898
0.0018208
0.00179911
0.00242591
0.00167418
0.0016191
0.00159287
0.00141811
0.00156188
0.00159788
0.00147605
0.00146604
0.00153708
0.001683
0.00164199
0.00139594
0.00161982
0.00144506
0.00165892
0.00165606
0.0016191
0.00164199
0.00202394
0.00198793
0.00149393
0.00171685
0.0016222
0.00159788
0.00138593
0.00145507
0.00149298
0.00180197
0.00167418
0.00144792
0.00169706
0.00173306
0.00182319
0.00296998
0.00197506
0.00165296
0.00236392
0.00145006
0.00145602
0.0016849
0.00156903
0.00219893
0.00175881
0.00140309
0.00203109
0.00167608
0.00173593
0.00164914
0.00138211
0.00145197
0.00144196
0.00145102
0.001441
0.00141501
0.001405
0.00139022
0.00149512
0.001405
0.001436
0.00156999
0.00140595
0.00143695
0.00146699
0.00135207
0.00149393
0.00136709
0.00143504
0.00135994
0.0014441
0.00138497
0.00143385
0.00143814
0.00143504
0.00143385
0.00138807
0.001441
0.00157905
0.00160599
0.00146389
0.00176501
0.00171304
0.00214505
0.00163984
0.00166512
0.00186491
0.00160599
0.00169396
0.00166392
0.00141215
0.00168896
0.00148392
0.00136304
0.001441
0.00136805
0.0014441
0.00147295
0.00161409
0.0014708
0.00149107
0.00152898
0.00136614
0.00156903
0.00142884
0.00156808
0.00149703
0.00145507
0.00160003
0.00140285
0.0014379
0.00139117
0.00140095
0.00139499
0.00157499
0.00152016
0.00158811
0.00137496
0.00160694
0.00145102
0.00139499
0.00145292
0.00139904
0.00148511
0.00152493
0.0014689
0.00145984
0.00145197
0.001441
0.00145912
0.00139499
0.00140309
0.00137997
0.00154996
0.00170302
0.00137615
0.00153089
0.00135112
0.00156903
0.00158405
0.00142694
0.00140715
0.00140119
0.0014019
0.00162506
0.00170112
0.00144815
0.00152397
0.00168109
0.00153422
0.00160813
0.00140405
0.00152612
0.001791
0.00161695
0.00140285
0.00154209
0.00142193
0.00158405
0.00158
0.00218296
0.00162601
0.00234103
0.00163984
0.00138187
0.00173783
0.00144696
0.00156498
0.00139403
0.00142598
0.00142503
0.00142884
0.00144196
0.00154901
0.00138617
0.00139403
0.00156188
0.00143385
0.00181913
0.00143504
0.00142503
0.00171709
0.00136805
0.00150108
0.00159693
0.00146818
0.00162315
0.00140405
0.0014689
0.00153804
0.00139213
0.00153589
0.00154686
0.00143695
0.00154805
0.00141788
0.00139904
0.001477
0.00154805
0.00143909
0.00145102
0.00149488
0.001544
0.00166202
0.00138998
0.00168681
0.00148797
0.0014441
0.00145102
0.00138807
0.00139594
0.00151896
0.00138307
0.00138998
0.00147009
0.00165296
0.00155711
0.00157189
0.00141501
0.00170398
0.00142407
0.00160909
0.0016489
0.00148678
0.00166798
0.00155711
0.00139189
0.00150514
0.00145197
0.00139594
0.00145912
0.00157905
0.00157809
0.00137591
0.00158501
0.00139999
0.00149298
0.00158095
0.00143695
0.00166011
0.00139689
0.00151014
0.00153685
0.00143719
0.00163102
0.00162792
0.00143909
0.00139093
0.00146794
0.00139499
0.00140285
0.00138807
0.00138903
0.00144887
0.00162816
0.00138807
0.00149298
0.00143123
0.00138092
0.00190997
0.00143194
0.00183487
0.0014708
0.00140905
0.0013659
0.00139093
0.00160003
0.00132489
0.00157309
0.00151896
0.0014801
0.00167608
0.00143719
0.00155687
0.00141597
0.00139618
0.00142908
0.00143003
0.00138998
0.0014019
0.00138998
0.00162292
0.00146508
0.00143695
0.00149083
0.00139093
0.0015099
0.00160789
0.00136399
0.00143099
0.00160885
0.00140095
0.00142097
0.00140691
0.00139093
0.00145984
0.00140905
0.00144696
