0.001405
0.00115299
0.00120687
0.00113702
0.00119686
0.00111699
0.00129199
0.00130296
0.00106192
0.00125098
0.00112319
0.00121117
0.00110698
0.0012641
0.00126505
0.00125408
0.00128603
0.00112414
0.00130796
0.00110602
0.00131917
0.00118399
0.00126004
0.00115705
0.00141191
0.00115585
0.00128984
0.00109887
0.00135899
0.00110888
0.00127888
0.00114703
0.00119114
0.00108814
0.0011189
0.00122094
0.00105715
0.00124288
0.00121999
0.001297
0.00131512
0.00129199
0.0010941
0.00111389
0.00132394
0.00116611
0.00111794
0.00125599
0.00111699
0.00127101
0.00105619
0.00115108
0.00132108
0.00129604
0.00127387
0.00126791
0.00125885
0.00131011
0.00124478
0.00104284
0.0011549
0.001297
0.00114489
0.00116205
0.00122905
0.00118303
0.00111818
0.00114703
0.00110412
0.00108504
0.00117707
0.0013411
0.00112605
0.00119305
0.00106692
0.00135899
0.00110698
0.00115895
0.001055
0.00108099
0.00106406
0.00130701
0.00133395
0.00103092
0.00111103
0.00109506
0.00113988
0.00115204
0.0011549
0.00117302
0.00216389
0.00141597
0.00194192
0.00286007
0.00224805
0.00151992
0.00144005
0.00250006
0.00166488
0.00140405
0.00159693
0.00136995
0.001127
0.00139403
0.00149202
0.001858
0.00147295
0.00139308
0.00164008
0.00147796
0.00121093
0.00195789
0.00139308
0.00152493
0.00137901
0.00167322
0.00210309
0.00134611
0.0013299
0.00146484
0.00146294
0.00148702
0.00116587
0.00137496
0.0012579
0.00145984
0.00177598
0.00142694
0.00143218
0.00188088
0.0015142
0.00152206
0.00146389
0.00212789
0.00162792
0.00165915
0.00188994
0.00137901
0.00129914
0.00120616
0.001369
0.00148511
0.00177002
0.00200915
0.00247788
0.0012989
0.00135207
0.00120807
0.00157213
0.00162411
0.00130987
0.00138593
0.0027101
0.00202298
0.00138307
0.00143218
0.00169492
0.00139308
0.00109386
0.00138998
0.00127912
0.00143409
0.00139189
0.00141883
0.00150418
0.00163889
0.00136399
0.00159693
0.00135899
0.00131106
0.00174689
0.00140095
0.00169206
0.00198889
0.00149798
0.00138807
0.00148821
0.00140691
0.00181293
0.00120902
0.001683
0.00273609
0.00179696
0.00165081
0.00178003
0.00134397
0.00140095
0.00147104
0.00145984
0.00144005
0.0014019
0.00155711
0.00163102
0.00148916
0.00143981
0.00171018
0.00148702
0.00137186
0.00196409
0.00151801
0.00138998
0.00139093
0.00133801
0.00152206
0.00170994
0.0014739
0.00258613
0.00142598
0.00136995
0.00135684
0.00139904
0.00172496
0.00199318
0.00131202
0.0016489
0.00163794
0.00178885
0.00142503
0.00163603
0.00141501
0.00161695
0.00193501
0.00143385
0.00220108
0.00151801
0.00146079
0.00155807
0.00193119
0.00151515
0.00145888
0.00135803
0.00162506
0.00128007
0.00132108
0.00149989
0.00146699
0.00172591
0.00143695
0.0014081
0.00141406
0.0017848
0.00162411
0.0016849
0.00138807
0.00142002
0.00141716
0.00137997
0.00143909
0.00165796
0.00137401
0.00153708
0.00146103
0.00169206
0.001441
0.00149512
0.00193596
0.00127888
0.00142717
0.00211406
0.00141978
0.00131083
0.001369
0.00137997
0.001472
0.00224113
0.00144982
0.00163794
0.002213
0.00148892
0.00201607
0.00331712
0.00138593
0.00202894
0.00120902
0.00154901
0.00134802
0.0023849
0.00330687
0.00140786
0.00223207
0.0015049
0.00135088
0.001652
0.00198603
0.00155091
0.00119519
0.00132298
0.00140309
0.00354314
0.00139904
0.00132418
0.00154805
0.00192785
0.00126195
0.00171494
0.00125504
0.00125194
0.00127602
0.00206494
0.0015111
0.00177693
0.001297
0.00147104
0.001297
0.00138593
0.00188994
0.00106907
0.00129318
0.00141907
0.00134993
0.00124693
0.00174212
0.00181985
0.00144386
0.00124002
0.00149298
0.00148892
0.00146914
0.00252008
0.00156116
0.00231481
0.00141382
0.00176096
0.00149107
0.00226903
0.00142097
0.00162506
0.00288415
0.00243378
0.00169301
0.00268507
0.00196886
0.00198197
0.00131202
0.00136495
0.00153995
0.00122499
0.00143099
0.00182104
0.00137115
0.00144601
0.00200891
0.00131416
0.00164485
0.00143695
0.00244904
0.00131202
0.00145602
0.00160313
0.00138617
0.00138998
0.00138497
0.00160098
0.00170803
0.00155902
0.00144887
0.00119901
0.00133514
0.00111485
0.00136805
0.00135994
0.00137186
0.00141692
0.00137305
0.00142598
0.00150704
0.00139689
0.00147486
0.00130796
0.00136209
0.00100613
0.00109315
0.000967026
0.00115013
0.000948906
0.00108886
0.00099802
0.000934839
0.000957966
0.00103283
0.000952005
0.00107312
0.001194
0.0009799
0.000972033
0.00110412
0.000967979
0.000962973
0.001019
0.00102997
0.00103116
0.00100803
0.000967026
0.00296593
0.00104284
0.00111604
0.000993013
0.00129104
0.00130606
0.00117993
0.000952005
0.000941038
0.00115085
0.000921965
0.000925064
0.0009408
0.00095892
0.00103617
0.0010159
0.00106907
0.00095892
0.000975132
0.000957966
0.00100207
0.00104213
0.00144792
0.00111198
0.00111103
0.000986814
0.00104618
0.00275898
0.00102901
0.000917912
0.00100708
0.0011189
0.00116491
0.00111818
0.00100017
0.00195718
0.00119185
0.00127506
0.00111914
0.000961065
0.000927925
0.000906944
0.000938892
0.00102305
0.000929117
0.00105405
0.000898123
0.000926971
0.000919104
0.00091815
0.00110698
0.00104594
0.00111389
0.00089097
0.00116992
0.00104809
0.00107789
0.00122404
0.00113106
0.00111699
0.001055
0.00120807
0.00100303
0.00117707
0.00111294
0.00108314
0.00106716
0.00109005
0.000921011
0.00110412
0.000966787
0.00107884
0.00110698
0.000936985
0.000967979
0.00102305
0.0010829
0.00102997
0.00113511
0.00100303
0.000929117
0.00100589
0.000983
0.00102496
0.00124812
0.001122
0.0010941
0.00116014
0.00118399
0.00105786
0.00113606
0.0011301
0.00103116
0.00103498
0.000960112
0.00109482
0.00111794
0.000932217
0.000947952
0.00103402
0.000962019
0.000917912
0.00114489
0.00106001
0.000927925
0.00105715
0.000932932
0.00113606
0.000941992
0.00114202
0.00120115
0.00102496
0.00125694
0.00115991
0.00097394
0.00111699
0.00124002
0.000931025
0.00100398
0.000942945
0.000928164
0.000964165
0.000923872
0.00201607
0.00108385
0.00130892
0.000939846
0.00176787
0.000929117
0.00106215
0.00109506
0.00125122
0.00119305
0.00102091
0.00261593
0.00110006
0.00121713
0.00111389
0.000962019
0.00137687
0.000922918
0.00102592
0.00107312
0.000956059
0.00102401
0.00095892
0.00108385
0.00094986
0.00100899
0.00103903
0.00161791
0.000990868
0.000905991
0.000946999
0.00120616
0.00113297
0.00110316
0.00106788
0.00107789
0.0013299
0.000936031
0.000979185
0.00103402
0.001019
0.00193405
0.00097394
0.00103092
0.000952005
0.000948191
0.000987053
0.000951052
0.001019
0.000993013
0.00176311
0.00166798
0.000926971
0.00131583
0.000924826
0.00108814
0.00100899
0.00107193
0.00123382
0.00110793
0.00130606
0.000974894
0.00134301
0.0012691
0.00103688
0.00100398
0.00218892
0.00097084
0.00107408
0.00102115
0.00103807
0.00257993
0.00135303
0.00108194
0.000962019
0.00100708
0.00286698
0.00113201
0.00304008
0.000994921
0.000960827
0.000934124
0.000947952
0.00103593
0.000997066
0.00118494
0.000970125
0.00117493
0.00103807
0.000930071
0.00103688
0.00113392
0.00100493
0.000908852
0.000904083
0.00122404
0.000976086
0.00101185
0.000962019
0.00130606
0.00144005
0.00146699
0.00139403
0.00155997
0.00115609
0.0016799
0.00100303
0.000995874
0.00101185
0.000978947
0.00126195
0.000930071
0.000991106
0.000909805
0.0016551
0.002527
0.00115895
0.00102901
0.000986099
0.0011611
0.00138307
0.0010159
0.00133896
0.00131106
0.00105
0.00102806
0.00256395
0.00104904
0.00135684
0.00134802
0.00103188
0.00122595
0.00118899
0.000984192
0.00127602
0.00100493
0.000939846
0.00121307
0.00100493
0.000948906
0.00107098
0.000926971
0.000970125
0.000941038
0.00106502
0.00106192
0.00100017
0.00107718
0.00107503
0.00100994
0.000913143
0.00121212
0.00120497
0.000976801
0.00105691
0.000991106
0.000946999
0.000977039
0.00100613
0.00103903
0.000942945
0.001019
0.00092411
0.00119996
0.00102711
0.000917912
0.00101709
0.00100303
0.00106096
0.0012579
0.00104117
0.00102401
0.000990868
0.000988007
0.001086
0.00118399
0.0010519
0.00113297
0.00105095
0.00102019
0.001086
0.00103402
0.00111604
0.000998974
0.00101495
0.00139904
0.00125504
0.00112104
0.000965118
0.00101399
0.00097084
0.000974894
0.00101495
0.000945091
0.00107789
0.00102496
0.00152898
0.000925064
0.00109196
0.00162005
0.00106502
0.000956059
0.00109792
0.000969887
0.00100398
0.000951052
0.0011189
0.00101185
0.00114202
0.00111794
0.00157714
0.000988007
0.0013051
0.000989914
0.000957012
0.00107908
0.0014441
0.00104403
0.00116706
0.0010519
0.00100017
0.00135493
0.00111604
0.00112081
0.00105596
0.00114799
0.00108218
0.000927925
0.00135899
0.00110197
0.00117803
0.00101495
0.00120282
0.000926018
0.00125599
0.00100303
0.00109911
0.00113106
0.000926971
0.00124598
0.00109887
0.00108004
0.00253892
0.00109005
0.00102878
0.00100207
0.00122595
0.0010829
0.0011251
0.000964165
0.00108004
0.000995874
0.000901937
0.001091
0.000970125
0.000921011
0.0010159
0.00125694
0.00107193
0.00090313
0.00101519
0.000984907
0.00102687
0.000946999
0.000929117
0.000912905
0.000950098
0.000966072
0.000921965
0.0011611
0.00188398
0.000983
0.00111294
0.000941992
0.000930786
0.000970125
0.00111413
0.000928879
0.00121188
0.000937939
0.000951052
0.001086
0.00118303
0.00111794
0.000926971
0.00112104
0.000929832
0.00107598
0.00116897
0.000918865
0.000922918
0.00113511
0.000957012
0.000990152
0.000910997
0.00104713
0.00110388
0.0010159
0.00223112
0.00259399
0.00109291
0.00100613
0.00115991
0.00106382
0.00111914
0.000977993
0.00263286
0.00117898
0.00129104
0.00102305
0.00100708
0.00117803
0.00111485
0.00110793
0.00254607
0.00110888
0.00112391
0.00103998
0.00118685
0.00122309
0.00119495
0.00135612
0.00113606
0.00118494
0.00102806
0.00112295
0.000899076
0.000960112
0.00104594
0.00110507
0.00193095
0.00100398
0.00112391
0.0011971
0.00110698
0.00105309
0.00174284
0.000929117
0.0020659
0.00106502
0.000946045
0.00106311
0.000915051
0.000961065
0.000985861
0.00120306
0.000951052
0.00106621
0.000903845
0.00101519
0.00092411
0.000982046
0.000990868
0.00118518
0.00113702
0.000967979
0.00110197
0.00131798
0.00116396
0.000931025
0.001266
0.00108004
0.00102091
0.000937939
0.00112605
0.00103903
0.00102401
0.0010221
0.000917912
0.0011692
0.000975847
0.00100112
0.00121498
0.00128889
0.00110602
0.00099206
0.000927925
0.00104117
0.00292301
0.000980139
0.0012629
0.00137401
0.00307584
0.00166702
0.0015409
0.00278306
0.00105405
0.00114489
0.00150108
0.00124192
0.00111198
0.00102305
0.00116086
0.00111198
0.00107098
0.00110912
0.0010891
0.00111198
0.00122881
0.00113106
0.00249004
0.00253105
0.00103593
0.00107503
0.00116205
0.00128293
0.00111103
0.000949144
0.00115299
0.00119495
0.00100398
0.00129986
0.000979185
0.0009799
0.00103903
0.00101399
0.000948906
0.00101614
0.00111604
0.00115514
0.000983
0.000966072
0.00100589
0.000966787
0.00265098
0.000964165
0.00148487
0.00107098
0.0011189
0.000983
0.00250506
0.00105691
0.00116611
0.00112605
0.00110102
0.00116611
0.00100112
0.000998974
0.00109911
0.000971079
0.00142884
0.00113583
0.00103617
0.000993967
0.00125313
0.00121689
0.00119686
0.000951052
0.00102186
0.00114703
0.000957966
0.00132799
0.00103092
0.001647
0.00198221
0.00107813
0.00094986
0.00124311
0.000980854
0.00196886
0.0010221
0.00117612
0.00112295
0.000962973
0.00134897
0.000944138
0.000998974
0.000975132
0.00117803
0.000957966
0.00106287
0.00102901
0.001127
0.00139499
0.00140691
0.0012598
0.00101995
0.00101614
0.00130105
0.000995874
0.00109506
0.00148797
0.00100899
0.00113201
0.00100923
0.000980854
0.000950098
0.00130081
0.00159216
0.000954151
0.000999928
0.00151515
0.00260806
0.00100994
0.0010848
0.00101805
0.00119686
0.00100803
0.000928164
0.00107098
0.000983953
0.000954866
0.00319791
0.0012331
0.00111985
0.00111198
0.00102592
0.000969887
0.000941992
0.00104499
0.00107694
0.000907183
0.000934124
0.000962973
0.00106597
0.00105596
0.000948906
0.000941038
0.00097394
0.0027101
0.000899076
0.000969887
0.000966072
0.000931978
0.000956059
0.00104618
0.00112391
0.00110793
0.00103903
0.00128102
0.00105405
0.000960112
0.000957012
0.00107098
0.0011971
0.000985861
0.00114202
0.00113797
0.00101709
0.000991821
0.00123119
0.00109506
0.00217199
0.00117898
0.00113797
0.0010469
0.00133085
0.00100613
0.00111008
0.00104618
0.00314999
0.00104713
0.00103307
0.00100493
0.00120807
0.0013051
0.00108004
0.00106883
0.00293589
0.00102305
0.00109291
0.000921011
0.000921011
0.00105786
0.000897169
0.000913858
0.00106096
0.0010891
0.00112414
0.000989914
0.001127
0.000946999
0.00109911
0.00096488
0.00120902
0.000889063
0.000991106
0.00105
0.00105619
0.00093317
0.00110292
0.00127983
0.00115895
0.000938177
0.00129485
0.00100803
0.000927925
0.000937939
0.00135899
0.00121593
0.000943899
0.000910997
0.000913143
0.000895977
0.000906944
0.000921011
0.00090909
0.000946999
0.000963926
0.00089097
0.0010221
0.00100708
0.000933886
0.000915051
0.00110579
0.00102615
0.00110507
0.00110698
0.00109911
0.00110602
0.00123
0.00119185
0.00110698
0.0010469
0.00095892
0.000946999
0.00111604
0.00106883
0.000928879
0.001297
0.00125694
0.001091
0.00111604
0.00092411
0.00243211
0.00112009
0.00123596
0.00101995
0.00102592
0.00112391
0.00091815
0.00109291
0.000983
0.00202394
0.00106621
0.00102711
0.00119185
0.00108504
0.00116801
0.00285602
0.00101995
0.00138187
0.0010469
0.00124598
0.001652
0.00128293
0.00103092
0.000951052
0.00105095
0.00115108
0.0011549
0.00114012
0.001122
0.00105715
0.00100994
0.00113511
0.000941992
0.00100493
0.00092411
0.00102496
0.00107193
0.000993967
0.00111508
0.000911951
0.000935793
0.000960112
0.000941038
0.00112319
0.000937939
0.00110912
0.000950098
0.000936031
0.000939131
0.00105309
0.000969172
0.00107813
0.000922918
0.00116396
0.0010879
0.000960827
0.00110793
0.00111389
0.00112987
0.00165701
0.00102282
0.000931025
0.00104904
0.00103188
0.00113797
0.00101089
0.00110292
0.00112391
0.00115991
0.00100303
0.000979185
0.00169206
0.00109601
0.00100994
0.00113797
0.00110698
0.00111389
0.00141382
0.000945091
0.000887871
0.000965118
0.000939131
0.000916004
0.000946045
0.000919104
0.00100088
0.000927925
0.00104618
0.000930071
0.00112295
0.00134087
0.00119901
0.00112915
0.000936031
0.00112605
0.00111413
0.001055
0.00118923
0.0011158
0.00111604
0.00123692
0.00109506
0.00109792
0.00119209
0.00111699
0.00107288
0.000948906
0.00112391
0.00118804
0.00105882
0.00105405
0.001091
0.00109792
0.00162196
0.001055
0.00108194
0.000948906
0.0009799
0.000938892
0.00103903
0.00110006
0.00106406
0.00167012
0.000978947
0.00103593
0.000943899
0.00148106
0.00108695
0.00135922
0.00100589
0.00100398
0.0013361
0.00120902
0.00168896
0.00102901
0.00112081
0.00170994
0.000910997
0.00121188
0.0009799
0.00102091
0.000952959
0.00142908
0.000982046
0.00117207
0.00100708
0.00106812
0.00102592
0.00270581
0.000961065
0.00123596
0.00160003
0.000993967
0.00111508
0.00103593
0.001019
0.00113416
0.00101495
0.00126505
0.000920773
0.000922918
0.001055
0.0010159
0.00124311
0.00116301
0.0013268
0.00181699
0.002424
0.00115108
0.00122881
0.0009799
0.00127697
0.00117588
0.000972033
0.000983953
0.00137305
0.00119901
0.00134206
0.00141001
0.0010879
0.0010519
0.00161481
0.000965118
0.00110698
0.000975132
0.00127602
0.00100994
0.000952005
0.000950098
0.00102997
0.000997066
0.00101686
0.00111008
0.000954866
0.00113487
0.00140786
0.000990868
0.0010469
0.00100994
0.00118899
0.000902176
0.000921965
0.000926971
0.000935078
0.00104785
0.00100207
0.000921011
0.00102401
0.00124502
0.001091
0.000904083
0.000961065
0.000940084
0.000985861
0.001086
0.00103116
0.000939846
0.000959158
0.00115418
0.00115013
0.000970125
0.000914097
0.000896931
0.00107503
0.000966072
0.00125098
0.00117898
0.00108504
0.000916958
0.000895977
0.000967026
0.00092411
0.00115609
0.00105119
0.00115204
0.00103402
0.00110102
0.000957966
0.00101304
0.00104713
0.00171089
0.000931025
0.000977993
0.000942945
0.00101399
0.00110912
0.000891209
0.00104213
0.00108409
0.00100493
0.000985146
0.00105405
0.00106096
0.000907898
0.00116897
0.000962973
0.00110292
0.00105405
0.00132298
0.00117683
0.0010469
0.00145507
0.000960112
0.00134706
0.00103807
0.00100493
0.00105619
0.00101399
0.00103498
0.00105715
0.00100398
0.00100899
0.000951052
0.000993013
0.00120711
0.000880957
0.000998974
0.000910997
0.00101805
0.00109696
0.00100803
0.000993013
0.00105596
0.00128722
0.0010848
0.000942945
0.00108004
0.00102592
0.00102901
0.00109577
0.00104213
0.0018301
0.00125408
0.00113511
0.000935078
0.00100994
0.00108099
0.0010891
0.000907898
0.000959873
0.00095892
0.000921011
0.00100017
0.000916958
0.00102615
0.00102997
0.000940084
0.00102091
0.00107908
0.000917912
0.000989914
0.000921965
0.000957966
0.00107312
0.000906944
0.00102401
0.000930071
0.00103498
0.000912905
0.000957966
0.000931025
0.00109482
0.000915051
0.00101209
0.000920057
0.00107694
0.00101709
0.000962019
0.000910997
0.00119996
0.00103402
0.00110888
0.000997066
0.00107598
0.00092411
0.000972986
0.00104094
0.00105
0.00139904
0.00112295
0.00100613
0.001858
0.000987053
0.00120902
0.00108099
0.000928879
0.000936031
0.00103784
0.00121593
0.00110197
0.00102997
0.00111699
0.000964165
0.000936031
0.000937939
0.0010159
0.000934839
0.000886917
0.00103807
0.000890017
0.0009408
0.00105882
0.00094986
0.00100207
0.000951052
0.00107193
0.00108695
0.000952005
0.0010519
0.00104284
0.000941038
0.00103807
0.000956059
0.00107002
0.000951052
0.00116777
0.00092411
0.000928879
0.00097394
0.00112796
0.00109696
0.00103903
0.00102401
0.00103116
0.0009799
0.000919104
0.00119114
0.000916958
0.00115299
0.000927925
0.00111294
0.00107789
0.00113392
0.000957012
0.00121903
0.00115991
0.00124288
0.00116992
0.00113988
0.000922918
0.001091
0.00109792
0.00107408
0.00111103
0.000943899
0.00119901
0.00109887
0.00102997
0.00106096
0.00101399
0.000917912
0.000921011
0.00103188
0.000950813
0.00105119
0.0010829
0.00128794
0.000905991
0.000956059
0.00110197
0.00100899
0.00106096
0.00132799
0.00139785
0.0010829
0.001158
0.00132799
0.00250697
0.000946999
0.00107503
0.00113392
0.00111699
0.00112104
0.00144482
0.00127888
0.00171804
0.00115705
0.00166798
0.0011251
0.00152779
0.00108194
0.000994921
0.0014441
0.00132489
0.00115299
0.00117087
0.00114512
0.00107098
0.0010252
0.00096488
0.00125813
0.0010469
0.00110984
0.00105405
0.000967026
0.00109601
0.00102019
0.00121617
0.00152898
0.00111699
0.000940084
0.0010519
0.000952959
0.000993967
0.00107718
0.00107598
0.000923157
0.00105
0.00102401
0.00094986
0.00106907
0.00104809
0.00102901
0.000922203
0.000895023
0.00109506
0.000918865
0.000910044
0.000913143
0.000956059
0.000941992
0.000930071
0.000963926
0.00110006
0.00111914
0.00109291
0.00111699
0.000911951
0.00125194
0.0011549
0.00105405
0.00117397
0.00111699
0.00106502
0.00109196
0.000956059
0.00127602
0.00109601
0.00100207
0.00107002
0.00135183
0.00125003
0.000946999
0.0009799
0.00102711
0.00107002
0.000965834
0.00107217
0.000995874
0.000983
0.000999928
0.001055
0.00102305
0.000946999
0.00099206
0.00104809
0.00101995
0.00102091
0.00109291
0.000993967
0.000998974
0.000914097
0.000932932
0.0012269
0.000940084
0.000936985
0.00113392
0.000972033
0.001122
0.00112796
0.00112104
0.0010848
0.00115204
0.00106502
0.00107503
0.00134802
0.000957966
0.000925064
0.000899076
0.00120997
0.00111485
0.00117993
0.00103593
0.00110888
0.00113678
0.00111723
0.00107598
0.00149202
0.000950098
0.00111699
0.00107503
0.00103593
0.00105906
0.00134301
0.00107503
0.00113106
0.000952959
0.0021801
0.00126195
0.00095582
0.00105095
0.000947952
0.00105786
0.00112486
0.00106192
0.00114179
0.00101614
0.00136113
0.00105906
0.00160384
0.00106406
0.000954151
0.00120497
0.0011301
0.00124884
0.00100422
0.000915051
0.00111103
0.000965118
0.00118995
0.00118589
0.00113702
0.00106311
0.00107813
0.000931978
0.0011332
0.000896931
0.00104499
0.000910997
0.00123
0.00109601
0.00121713
0.000987053
0.0011189
0.000979185
0.00120401
0.00112391
0.000932932
0.00107908
0.001261
0.000923157
0.00096488
0.00132179
0.00125289
0.00128889
0.00126195
0.00102878
0.000942945
0.00102806
0.00109982
0.00124311
0.000948906
0.000997066
0.0011909
0.000915051
0.0010581
0.000981092
0.00119781
0.00241208
0.000953197
0.00112295
0.000983
0.00107503
0.00100613
0.00120306
0.00283003
0.00102592
0.000983
0.000905037
0.00258994
0.00119305
0.00100088
0.000996828
0.00101304
0.00159001
0.00109386
0.00110698
0.00162601
0.000997066
0.00314784
0.00111699
0.00212884
0.000981092
0.0010128
0.00103521
0.00102186
0.00125098
0.000982046
0.00105405
0.00104904
0.000999928
0.0014379
0.00099802
0.00103092
0.00105906
0.00102496
0.00091815
0.00100279
0.00102282
0.00139403
0.000963926
0.00101995
0.00216794
0.00109315
0.00100183
0.00263691
0.00101399
0.00102282
0.00165319
0.00125122
0.000921965
0.00108409
0.000998974
0.001194
0.00316286
0.00100684
0.00138402
0.000967026
0.00107908
0.00107884
0.00105
0.00102901
0.000892878
0.00117493
0.001683
0.00105405
0.00105596
0.000988007
0.00100303
0.00202203
0.00120306
0.00101209
0.000916004
0.000971079
0.00102592
0.000917912
0.000993967
0.001297
0.00109911
0.000937939
0.000923157
0.00107503
0.000898123
0.00090313
0.00106192
0.000967026
0.00100493
0.000948906
0.001055
0.000892162
0.000950098
0.000919104
0.000977039
0.000945091
0.00106692
0.00101495
0.00096488
0.000977993
0.00101614
0.000953197
0.000951052
0.000940084
0.000892878
0.00103188
0.00105715
0.000908136
0.00105
0.000926018
0.00106502
0.000929832
0.000939131
0.00105405
0.00111222
0.00108504
0.00286508
0.00115395
0.000969172
0.00149798
0.00109005
0.000983
0.00104594
0.00105786
0.0010922
0.00131512
0.00110102
0.00109315
0.00115395
0.000946999
0.00215697
0.000919104
0.00104284
0.000940084
0.000999928
0.00106406
0.000989199
0.000918865
0.00100303
0.000946045
0.000915051
0.00103307
0.00100708
0.00100493
0.00125384
0.00111413
0.00108218
0.00132799
0.0010941
0.00134206
0.001261
0.000930071
0.000916958
0.000959158
0.00111008
0.00107908
0.00101781
0.000920057
0.00103188
0.000920057
0.00124097
0.000910044
0.0010612
0.000962973
0.00101399
0.00108004
0.000950098
0.000962973
0.000977039
0.000926971
0.00149703
0.00107098
0.000982046
0.00103498
0.00109315
0.00111699
0.000967026
0.000981092
0.00119209
0.00108004
0.00126791
0.00104499
0.00100803
0.00098896
0.00162911
0.00132704
0.00099802
0.00102496
0.00133204
0.0010438
0.00090909
0.00150204
0.000931978
0.00113893
0.001019
0.00126004
0.00105882
0.00125313
0.00122905
0.00111604
0.00109291
0.001194
0.00104809
0.00113797
0.00097084
0.00120902
0.00112796
0.000947952
0.000972033
0.00206017
0.00101209
0.00147009
0.00139904
0.000915051
0.00288701
0.00114489
0.00175786
0.00100398
0.001019
0.00106907
0.00103903
0.00101805
0.00121117
0.00136614
0.00107908
0.000914097
0.000999928
0.00101495
0.00135493
0.00168419
0.00127196
0.000952005
0.00115514
0.00143003
0.001091
0.0013001
0.00178885
0.00293088
0.0030849
0.001086
0.001477
0.00139713
0.00105882
0.00103402
0.00100398
0.000993013
0.00190592
0.00169897
0.00131083
0.002388
0.000921011
0.00098896
0.000945091
0.00124788
0.00100708
0.00108099
0.00116897
0.000960112
0.000983953
0.000952959
0.0017519
0.000937939
0.000952959
0.00118899
0.00102186
0.00111198
0.00119686
0.00120592
0.00172496
0.0010488
0.00112104
0.00116396
0.00237799
0.000949144
0.000999928
0.000999928
0.00105882
0.0013721
0.00101185
0.000983953
0.000952005
0.00106788
0.00100684
0.00104499
0.000952959
0.00128698
0.00101113
0.00116301
0.00101995
0.000915051
0.00112104
0.00120091
0.00108886
0.001122
0.00163794
0.000968933
0.00101686
0.00103688
0.00103283
0.00232697
0.000991106
0.000976086
0.000996113
0.000942945
0.000957012
0.00101686
0.00100207
0.000955105
0.00113606
0.00116801
0.00110006
0.000984907
0.00131607
0.000921011
0.00106096
0.00118899
0.00113297
0.000926971
0.000996113
0.00128102
0.00106311
0.00173903
0.00100708
0.000970125
0.00171304
0.00103807
0.000962019
0.00116205
0.00124121
0.00104809
0.00094986
0.000941992
0.000997066
0.00108504
0.00102401
0.000989199
0.000971794
0.00113511
0.00115895
0.00100112
0.000967979
0.000976086
0.00104308
0.000944138
0.00116301
0.00141811
0.0014019
0.00103498
0.000952959
0.00164104
0.000983
0.00110793
0.00164509
0.000996113
0.00125504
0.00101304
0.000965118
0.000954866
0.00137091
0.000986814
0.00122118
0.00116682
0.000952959
0.00115204
0.000977993
0.00155115
0.000934124
0.00107098
0.00109601
0.00122213
0.00147009
0.00160408
0.00101686
0.00101995
0.00132585
0.00100303
0.000967979
0.00189304
0.0010612
0.00157714
0.00112104
0.00140285
0.00153208
0.00124598
0.00198197
0.000940084
0.00100112
0.00128007
0.00146794
0.000969887
0.00107789
0.000974894
0.00122309
0.0010879
0.00101209
0.00095892
0.00102401
0.0010829
0.00141215
0.0011251
0.00115013
0.00108314
0.00110507
0.00124311
0.00104594
0.00123
0.00107598
0.00101399
0.00128508
0.001055
0.00101089
0.00124884
0.00174379
0.00114298
0.00107598
0.00170088
0.00100803
0.00126696
0.00109506
0.00123286
0.00118804
0.00103807
0.00177884
0.0017519
0.0020349
0.000928164
0.00102615
0.00120711
0.000882149
0.00111508
0.000941038
0.00101495
0.00236893
0.00099206
0.00116301
0.00106096
0.00221491
0.00129199
0.00105882
0.00117803
0.00136805
0.00100303
0.00107598
0.00107598
0.0012629
0.00122619
0.00103092
0.00093317
0.00113201
0.000942945
0.00218987
0.00100398
0.000932932
0.00109506
0.00246906
0.000987053
0.00101709
0.00109315
0.000957966
0.000986099
0.000991106
0.00141311
0.00122499
0.00198793
0.00102401
0.000974894
0.00236917
0.00152612
0.00103092
0.000913143
0.000982046
0.00121689
0.00100398
0.00113201
0.00110793
0.00097394
0.000966787
0.00101614
0.00112104
0.000974178
0.00125313
0.000939131
0.000941992
0.000932932
0.00105405
0.00098896
0.00112605
0.00136304
0.000991821
0.000997782
0.00112391
0.000952959
0.00101686
0.00155187
0.00130486
0.00104403
0.00120401
0.00115609
0.00105715
0.00229311
0.00276113
0.000921965
0.00102615
0.00109911
0.00102115
0.00115013
0.00110817
0.00314784
0.00106406
0.00120997
0.00108194
0.00166512
0.00128102
0.000971079
0.00102997
0.00150394
0.00102806
0.001472
0.000942945
0.00142789
0.00113082
0.00140786
0.00100613
0.00105286
0.00119615
0.00137591
0.00106192
0.00172281
0.00103998
0.00104499
0.000948906
0.00102496
0.00101495
0.00186086
0.00183892
0.00107598
0.00187612
0.001055
0.00101995
0.00157619
0.00104904
0.00105119
0.00103903
0.00103784
0.000993013
0.000906944
0.00100517
0.00114393
0.000916958
0.00107002
0.00120521
0.000988007
0.00327206
0.00173688
0.00100493
0.00101089
0.00103521
0.00104499
0.000953197
0.00101399
0.00103188
0.00126481
0.00102401
0.00203919
0.000997782
0.00102305
0.00108981
0.00106192
0.00102091
0.00207901
0.00113702
0.00299716
0.000902176
0.00274801
0.00244403
0.00110292
0.00245714
0.000965834
0.000981092
0.00112987
0.00110102
0.00108004
0.00116587
0.001019
0.00110102
0.000987053
0.000946045
0.00109982
0.000981092
0.000922918
0.00103092
0.00101495
0.000918865
0.000919104
0.00099206
0.000971079
0.00107908
0.00106907
0.00110602
0.00103307
0.000996113
0.00109315
0.00102711
0.000941992
0.00131798
0.00125194
0.00100398
0.00111699
0.00116396
0.00108814
0.000939131
0.00191689
0.00107479
0.00105
0.001086
0.000962973
0.00100207
0.000963926
0.00113201
0.00113893
0.00110102
0.00108409
0.00106692
0.000904799
0.00154185
0.000935078
0.00125289
0.00129104
0.00116205
0.00106287
0.00119996
0.00199103
0.00279117
0.00118899
0.0010879
0.00103402
0.00106382
0.001122
0.00110102
0.000997066
0.00128293
0.00107002
0.00106096
0.00111008
0.00171399
0.00103283
0.00117683
0.00100994
0.00121307
0.00114298
0.00119495
0.00102305
0.00102806
0.00106907
0.00114012
0.00100207
0.00180006
0.000996113
0.000946999
0.0010221
0.000923157
0.00184298
0.00106502
0.00115895
0.00107193
0.00113392
0.00118017
0.00115299
0.00114202
0.00112891
0.000941038
0.00105715
0.00117183
0.00107193
0.00108695
0.00105596
0.00112581
0.0009799
0.00123096
0.000956059
0.00118208
0.00132012
0.00109005
0.000955105
0.00109005
0.00118709
0.00132895
0.00107503
0.00126696
0.00100589
0.00168896
0.00100589
0.00118399
0.00110722
0.000949144
0.00118208
0.00114107
0.00114298
0.001055
0.00104594
0.00104904
0.00101113
0.00144792
0.00140214
0.00122905
0.001055
0.00127506
0.00123119
0.000983
0.00110412
0.00176787
0.00130606
0.00114489
0.00125384
0.00116611
0.00123811
0.00133705
0.00225616
0.00102687
0.00233102
0.00107408
0.00100708
0.00137997
0.00104809
0.00101995
0.00103903
0.00208902
0.00130391
0.00128984
0.00104403
0.00098896
0.00102401
0.00110006
0.00103807
0.00102401
0.000957012
0.00112486
0.0011251
0.00105119
0.000919104
0.000921965
0.00106192
0.00102401
0.00107479
0.00128198
0.000972033
0.00111008
0.00111294
0.00100493
0.00101089
0.000978947
0.000996113
0.00107002
0.00101519
0.00099206
0.000967026
0.000914812
0.000942945
0.00102401
0.000911951
0.000957012
0.000931978
0.00114107
0.00102878
0.00103498
0.00124812
0.00100708
0.00107002
0.00129199
0.00108099
0.00102901
0.00104308
0.00100493
0.00101089
0.000986099
0.000971079
0.00120616
0.00108504
0.00109196
0.00124097
0.00101304
0.00103116
0.000995874
0.00110912
0.000983
0.00101209
0.00101209
0.00106907
0.00102305
0.00185609
0.00106192
0.00121498
0.00094986
0.00103402
0.000919104
0.00106502
0.00105
0.00107813
0.0010829
0.00167799
0.000941992
0.000961065
0.000946999
0.0012939
0.00113702
0.00109482
0.000977993
0.000995159
0.00115108
0.00111294
0.00107598
0.00106096
0.00190616
0.00124598
0.000952959
0.001652
0.000987053
0.00110006
0.00111508
0.00103092
0.00125813
0.00106788
0.00102782
0.00101089
0.00217915
0.00178218
0.00104785
0.00130916
0.001055
0.00122595
0.00100803
0.00134301
0.001266
0.00116992
0.00340104
0.00103807
0.0012269
0.00101399
0.00102401
0.00118303
0.00113201
0.00113583
0.00099802
0.00117803
0.00111079
0.00111794
0.000952005
0.00211
0.00113082
0.00214386
0.00130987
0.00131798
0.00163507
0.000988007
0.00109315
0.00107503
0.00220299
0.00125408
0.00111294
0.00115895
0.00110888
0.00127006
0.00107002
0.00105309
0.00125813
0.00108218
0.00103712
0.000924826
0.00517797
0.001261
0.00138998
0.00167203
0.00144386
0.00103092
0.00107884
0.00125504
0.00115585
0.00105691
0.00104809
0.000905037
0.000897884
0.00114107
0.00121403
0.0010891
0.00114918
0.00108314
0.00109196
0.000982046
0.00111294
0.001091
0.00116181
0.00111318
0.00113392
0.00131702
0.00115395
0.00102615
0.00114799
0.0011611
0.00121903
0.000962019
0.00114202
0.000997066
0.00174713
0.00131512
0.00120616
0.00156093
0.00128508
0.00141788
0.00110602
0.00112009
0.00109696
0.00110698
0.000950098
0.00146699
0.00100899
0.00101519
0.00106192
0.00150895
0.00100899
0.00103307
0.00113392
0.0015161
0.00116897
0.000994921
0.00135183
0.00172687
0.00234103
0.000991106
0.00103807
0.0018568
0.00107002
0.00142312
0.00102401
0.00127792
0.00111103
0.00135899
0.00173903
0.00121284
0.00142813
0.00221896
0.00105381
0.00107193
0.00103998
0.001441
0.00105
0.000981092
0.0011611
0.00113487
0.00101495
0.00187683
0.00100493
0.00253487
0.00131297
0.00098896
0.00141191
0.0021069
0.00103402
0.00125289
0.0013659
0.00237203
0.00107694
0.00101709
0.001194
0.0010159
0.00129604
0.000993967
0.00107193
0.000972986
0.00106788
0.000934124
0.00105
0.00105691
0.00102186
0.00105095
0.000988007
0.00106001
0.000928879
0.00103211
0.000911951
0.00103116
0.00116587
0.000925064
0.00125194
0.000976801
0.000962973
0.0011518
0.000931025
0.00092721
0.000966072
0.00102687
0.00106788
0.000915051
0.000913858
0.000959873
0.000945091
0.00103879
0.00101709
0.00172901
0.00116301
0.00100303
0.000941038
0.000963926
0.000936031
0.00196195
0.00106502
0.000946999
0.00112295
0.000953913
0.00149512
0.00101805
0.0009799
0.000955105
0.00105596
0.000962019
0.00101614
0.00190711
0.00110507
0.000924826
0.00109291
0.00102997
0.00299001
0.00104809
0.000952005
0.000862122
0.0010829
0.00109506
0.00103521
0.000906944
0.000921965
0.00138402
0.00104904
0.00127411
0.0010252
0.00114894
0.000959873
0.000970125
0.00103188
0.00107479
0.000932932
0.000961065
0.00111985
0.000968933
0.00101495
0.00103712
0.00100207
0.00127292
0.00111485
0.0011971
0.00105596
0.00109982
0.00112104
0.0011611
0.001055
0.000923157
0.00105214
0.00107002
0.000955105
0.00106907
0.00124907
0.000937223
0.000932932
0.00102019
0.000891209
0.00103903
0.000923872
0.000920057
0.000925064
0.00116014
0.000926971
0.000946045
0.00117612
0.000940084
0.000933886
0.000921965
0.000901937
0.001827
0.00146222
0.00189209
0.000936031
0.0018301
0.00111485
0.000912905
0.000962973
0.000931025
0.00103211
0.000930071
0.00100994
0.00108409
0.001091
0.000972986
0.00106812
0.00105095
0.00110698
0.000974894
0.000921011
0.000977039
0.00102496
0.00104403
0.000956059
0.00155783
0.00123405
0.000998974
0.000941038
0.00123096
0.00108981
0.00104213
0.00106597
0.00102997
0.00127697
0.00101495
0.00110388
0.00159216
0.00110793
0.00145388
0.00106597
0.00120401
0.00111294
0.0010252
0.00169492
0.00115395
0.001019
0.00112391
0.001086
0.00115895
0.001127
0.00143409
0.0012362
0.00111604
0.00116801
0.00114417
0.00111198
0.0018692
0.000997782
0.00101995
0.00107288
0.00110817
0.00110197
0.00120401
0.00201201
0.00124216
0.00112414
0.00101399
0.000952005
0.00112605
0.00092721
0.000935078
0.000962019
0.00101495
0.00124907
0.00102496
0.000976086
0.0012641
0.00110006
0.000966072
0.000910997
0.00110507
0.0010972
0.00111198
0.000911951
0.00110412
0.000921965
0.00112009
0.000928879
0.00104094
0.000962019
0.00111699
0.00104904
0.000946045
0.000906944
0.00116587
0.00112391
0.000931025
0.00112104
0.00110817
0.0010128
0.00125813
0.000925064
0.00105882
0.001122
0.000980139
0.00096488
0.000928164
0.00115395
0.00115299
0.00101495
0.00111699
0.00116205
0.000893116
0.000910044
0.00102901
0.000931025
0.000890017
0.000998974
0.00124192
0.00102615
0.00115514
0.00270009
0.000981092
0.000910997
0.00139189
0.00112295
0.00100803
0.0011189
0.00119185
0.00110006
0.00100994
0.00112009
0.00102711
0.0014019
0.00105596
0.00103307
0.000970125
0.0012579
0.00108695
0.00114918
0.00127101
0.00102687
0.00132799
0.00109911
0.000959158
0.00174785
0.00121617
0.00136518
0.00121689
0.00109911
0.00113082
0.00101209
0.000924826
0.00104594
0.00101209
0.00103116
0.00109005
0.00109386
0.00105
0.000970125
0.000991106
0.00124311
0.000982046
0.000880003
0.00100899
0.00101089
0.001086
0.0011189
0.000931978
0.000943899
0.000921011
0.000884056
0.000931025
0.00110507
0.00107789
0.000917196
0.000948906
0.000916004
0.00090003
0.000946999
0.00101805
0.001261
0.000983
0.00229216
0.00124216
0.00102592
0.00112295
0.00285721
0.00111389
0.000987053
0.000950098
0.000962973
0.00288606
0.00100398
0.000926018
0.00102806
0.00108409
0.00106001
0.000911951
0.00102997
0.00192881
0.00145197
0.00102997
0.00144601
0.000971079
0.00164509
0.00105715
0.000952959
0.00275087
0.00134706
0.00165987
0.000921965
0.000998974
0.00134993
0.00097394
0.00103688
0.00174093
0.00099206
0.000990868
0.00101209
0.000974894
0.00199986
0.00102901
0.00097394
0.000978947
0.00112486
0.00105
0.00208998
0.00100398
0.000947952
0.000914097
0.000908136
0.00120807
0.000916004
0.00123286
0.000972033
0.00118709
0.00165105
0.00100994
0.00107718
0.00104213
0.00115204
0.001019
0.00111604
0.00107217
0.000995874
0.00090313
0.000890017
0.00112295
0.00101495
0.000878096
0.000873089
0.000959158
0.00113511
0.000981808
0.00107098
0.000962019
0.000987053
0.00102687
0.00093317
0.00103521
0.000887871
0.000919104
0.000928164
0.000963926
0.00127697
0.00107884
0.000952005
0.00167489
0.00102186
0.00119114
0.00110102
0.0010891
0.00145698
0.00115395
0.00111818
0.00107288
0.00110316
0.00109482
0.00114918
0.00110412
0.0010891
0.00109982
