0.00398803
0.00311089
0.00353408
0.00328994
0.00345397
0.00338006
0.00340581
0.00346804
0.00381303
0.00310206
0.00440311
0.00462985
0.00379086
0.00405812
0.00508595
0.00386906
0.00353003
0.00342011
0.00422192
0.00334096
0.005826
0.00342607
0.00467896
0.00484204
0.00331187
0.00416398
0.005193
0.00426602
0.00399899
0.00475502
0.004457
0.00379705
0.00591516
0.003757
0.00503993
0.0061779
0.00358415
0.00411916
0.00496984
0.0043149
0.00374198
0.00341988
0.00406814
0.00430512
0.00453186
0.00417304
0.00380588
0.00473189
0.00349307
0.00504398
0.00551796
0.00465298
0.00387597
0.00571394
0.00443196
0.00346398
0.00405002
0.00313783
0.00425386
0.00419283
0.004071
0.00361514
0.00351501
0.00437403
0.00395608
0.00362921
0.00424695
0.00409913
0.00314593
0.0046339
0.00347495
0.00539207
0.00417304
0.00399709
0.00379419
0.00339699
0.00414801
0.00361514
0.00425506
0.004529
0.00346804
0.00359988
0.00510192
0.00387788
0.00423193
0.00415802
0.00425911
0.00357795
0.00348496
0.00358105
0.00328088
0.00414991
0.00379109
0.00306106
0.00311899
0.0030961
0.00318503
0.00304294
0.003479
0.00313306
0.00345898
0.00311995
0.00309706
0.00322008
0.00359392
0.00365305
0.00345898
0.00482988
0.00360703
0.00344801
0.00336003
0.00405312
0.00317907
0.00341988
0.00344896
0.00388002
0.00375509
0.00341296
0.00471616
0.00385308
0.00346112
0.00337291
0.00393009
0.00341201
0.00351
0.00481391
0.00343108
0.00336504
0.004673
0.00345898
0.00333405
0.00411797
0.00345421
0.00376296
0.0047009
0.00372791
0.00366616
0.00384903
0.00354505
0.00399399
0.00357199
0.00424886
0.00368309
0.00346398
0.00457406
0.00413918
0.00362301
0.00408077
0.00495291
0.00423479
0.00375891
0.00404906
0.00353408
0.00358605
0.003088
0.00380421
0.00339603
0.00396395
0.00472999
0.00404692
0.00395584
0.00375009
0.00367999
0.00365305
0.00405788
0.00389409
0.00448203
0.00423908
0.00405979
0.00391698
0.00344896
0.00366902
0.00349998
0.00320888
0.00341487
0.00378799
0.00371599
0.00364304
0.00539517
0.00371003
0.00452399
0.00417209
0.00458217
0.003968
0.00380492
0.00377703
0.00440693
0.0030489
0.00486183
0.00359488
0.00355101
0.00521708
0.00338006
0.00433803
0.00378084
0.00453591
0.00443697
0.00372291
0.00420403
0.00403595
0.00422692
0.00362301
0.00312686
0.00344205
0.00311303
0.00310802
0.00337601
0.00353122
0.00370216
0.00334501
0.00349402
0.00397801
0.00384808
0.00338793
0.00398803
0.00389695
0.00347304
0.00377893
0.00357199
0.00341392
0.00332499
0.00320005
0.003093
0.00334692
0.00313997
0.00343513
0.00303102
0.00305915
0.00311303
0.00310493
0.00307703
0.00312805
0.00328803
0.00311995
0.00336409
0.00296688
0.00338888
0.00309992
0.00342393
0.00321603
0.00366902
0.0036819
0.00340414
0.00332999
0.00325084
0.00331807
0.00332308
0.00345898
0.00334597
0.00338697
0.00376391
0.00337911
0.00325799
0.00345206
0.00322008
0.00338411
0.00367212
0.00327802
0.00306487
0.00337195
0.00307512
0.0034709
0.00334001
0.00417805
0.00406981
0.00419807
0.00386596
0.00329995
0.00492287
0.00366902
0.00356102
0.00436401
0.00422502
0.00431895
0.00338292
0.0045712
0.00409389
0.00356817
0.00452495
0.00337696
0.00422812
0.00460386
0.0038631
0.00386405
0.00421095
0.00485992
0.00409794
0.00405717
0.00421381
0.00444293
0.00411892
0.00357509
0.00467491
0.00359917
0.00361514
0.00515199
0.0042119
0.0043931
0.00333905
0.00407791
0.00460219
0.00377202
0.00355911
0.00431299
0.00468302
0.00410008
0.00472617
0.00420499
0.00356603
0.00381589
0.00470781
0.003335
0.00441599
0.00443006
0.00490308
0.00396204
0.00475311
0.00498581
0.00367403
0.00391889
0.00429082
0.00350404
0.00335979
0.00374079
0.00363803
0.00387597
0.00510287
0.00398803
0.00301504
0.00310588
0.00339413
0.00304794
0.00341201
0.00309396
0.00331998
0.00343895
0.00324392
0.00377798
0.00316811
0.00310993
0.00325918
0.00317693
0.00317407
0.0031302
0.00356293
0.003685
0.00324297
0.003546
0.00315714
0.00336599
0.00316191
0.00315714
0.00344396
0.00342321
0.00349402
0.00341105
0.00310111
0.00353694
0.00300407
0.00310802
0.00339794
0.00311708
0.00310183
0.00307512
0.00322008
0.00306201
0.00374007
0.00312686
0.00311613
0.00311399
0.00323796
0.00317407
0.00311708
0.003613
0.00318003
0.003685
0.00403094
0.00310397
0.00356483
0.00312495
0.00313401
0.00365305
0.00316906
0.00312686
0.0036912
0.00314116
0.00348902
0.003407
0.00351
0.00307393
0.00311184
0.00309396
0.00359106
0.00326014
0.00336409
0.00308204
0.00337386
0.00340509
0.00310612
0.00354886
0.003263
0.0033679
0.00312209
0.00348377
0.00311208
0.00342083
0.00330019
0.00342607
0.00304508
0.00341892
0.00341201
0.00336099
0.00309396
0.00346613
0.00433707
0.00310802
0.00325394
0.00340605
0.00353193
0.00349593
0.00337315
0.00397015
0.00430608
0.00314283
0.00372195
0.00324512
0.00313807
0.00310707
0.00358105
0.00314403
0.00317216
0.00316381
0.00303102
0.00315118
0.00352001
0.0037291
0.00451398
0.00356913
0.00437617
0.00338197
0.00425601
0.00363302
0.00405097
0.00399494
0.00380206
0.00328398
0.00380707
0.00462985
0.00371408
0.00360298
0.00495195
0.00363183
0.00434089
0.00412297
0.00336289
0.00361395
0.00390005
0.00474906
0.00379896
0.00403214
0.00528693
0.00410199
0.00367498
0.00506902
0.00347209
0.004637
0.00377798
0.00402904
0.00421214
0.00539899
0.00373292
0.00500298
0.00416803
0.00574303
0.004035
0.00409913
0.00399804
0.00390697
0.00388288
0.00351501
0.00428915
0.00376201
0.00364494
0.0037241
0.00374889
0.00394607
0.00432491
0.004179
0.00410986
0.00372601
0.00379419
0.00345111
0.00368214
0.00376987
0.00460887
0.00422788
0.00353384
0.00437713
0.00346494
0.00351
0.00325513
0.00335884
0.00331903
0.00343299
0.0032351
0.00460696
0.00331497
0.00383186
0.00403309
0.00357199
0.00370908
0.00515914
0.00391912
0.00365996
0.00414515
0.00383997
0.00354385
0.00315094
0.00313902
0.00522804
0.00402308
0.00385904
0.00316095
0.003546
0.003824
0.00392485
0.00352407
0.00312901
0.00348902
0.00316095
0.00311685
0.00339198
0.00316691
0.00328112
0.00326586
0.003093
0.00329113
0.003479
0.00304389
0.003268
0.00334501
0.00351906
0.00328088
0.003196
0.00322795
0.00396204
0.00321293
0.00356793
0.00334096
0.00309515
0.00306988
0.00330186
0.00341892
0.00314593
0.00307608
0.00318503
0.00342703
0.00310612
0.00325322
0.00336003
0.00318098
0.00322008
0.00310993
0.00330687
0.0030632
0.00307178
0.00342202
0.00345802
0.00396991
0.00448394
0.00469303
0.00365496
0.00376105
0.00384808
0.00409007
0.00379395
0.00410891
0.00406408
0.00479698
0.00418901
0.00364995
0.00367308
0.00418401
0.00377703
0.00318098
0.00333095
0.00308514
0.00342798
0.00304818
0.00350094
0.00307298
0.00347996
0.00314689
0.00336099
0.00312495
0.00342989
0.00340295
0.00342584
0.00305295
0.00342298
0.00324392
0.00370693
0.00308704
0.0034132
0.00344706
0.00306702
0.003371
0.00340104
0.00307488
0.00337601
0.00308084
0.00342679
0.00306487
0.00349617
0.00330591
0.00385499
0.00314903
0.00335693
0.00314593
0.00366592
0.00306606
0.00337696
0.00310683
0.00364995
0.00338984
0.00309896
0.00341702
0.00344491
0.0033679
0.00330114
0.00316095
0.00339317
0.00336289
0.00314283
0.00370598
0.00359106
0.00320816
0.00338912
0.00331402
0.00344706
0.00329494
0.0036521
0.00342917
0.003479
0.00339508
0.00414491
0.00453997
0.00343204
0.00556612
0.00317311
0.00385213
0.00413585
0.00329304
0.00495791
0.0034399
0.00496101
0.00439501
0.00423908
0.00494909
0.00339794
0.00325203
0.00390792
0.00338793
0.00378585
0.00386381
0.00380707
0.00331402
0.00370812
0.00380111
0.00519609
0.00353289
0.00336099
0.00379395
0.00391293
0.00401092
0.00459194
0.00324488
0.00459099
0.00398016
0.00461292
0.00347495
0.00353408
0.00522804
0.00376821
0.0036521
0.00374889
0.00326705
0.00561905
0.00367904
0.00368285
0.00374699
0.00504708
0.00436616
0.00391603
0.00328088
0.00324702
0.00414419
0.00409985
0.00355983
0.00433207
0.00528693
0.00480294
0.00395513
0.00422311
0.00377703
0.00341201
0.00345016
0.00324297
0.0036099
0.00392985
0.00448298
0.00394392
0.00339413
0.00382781
0.003654
0.0048449
0.00437403
0.00331521
0.00333309
0.00366092
0.00429606
0.00403214
0.00400305
0.00407219
0.00345111
0.00391102
0.00388908
0.00476003
0.0042429
0.003613
0.00432205
0.00364804
0.00405502
0.00393581
0.00352001
0.00370908
0.00318503
0.00338793
0.00360489
0.00316501
0.00459409
0.0036428
0.003227
0.00449204
0.00500512
0.00486898
0.00501513
0.00334787
0.00495601
0.0035181
0.00349092
0.00417805
0.00354195
0.00485492
0.00353599
0.00370383
0.0034039
0.00449705
0.00369287
0.00411415
0.00391412
0.00457001
0.00357294
0.00336385
0.00527716
0.00442696
0.00486898
0.0034399
0.00352907
0.00359821
0.00404
0.00353289
0.0044682
0.00391102
0.00383615
0.00346804
0.00338197
0.00388193
0.00313592
0.00350714
0.00339484
0.00432992
0.00383997
0.00350499
0.00405002
0.00399899
0.00411296
0.00383902
0.00407004
0.00444698
0.00318313
0.00365996
0.00421786
0.00382495
0.00399208
0.0037179
0.0034852
0.00430012
0.00398993
0.00310087
0.00388885
0.00305295
0.003268
0.0030899
0.00413394
0.00335908
0.00312901
0.00301194
0.00312304
0.00304818
0.00335598
0.00330496
0.00302601
0.0037272
0.0031352
0.0030961
0.00319195
0.003793
0.00308919
0.00364995
0.00330806
0.00308299
0.00327682
0.00314903
0.00431514
0.00353408
0.00335693
0.00402498
0.00444579
0.00461912
0.00460696
0.00404596
0.00307012
0.00315213
0.00312209
0.00317717
0.0031631
0.00331402
0.00344896
0.00322604
0.00314808
0.0031321
0.00316
0.00317216
0.00348282
0.00308895
0.00350809
0.00315499
0.00305796
0.00306797
0.00308895
0.00304699
0.00324702
0.00295281
0.00314903
0.00322795
0.00332808
0.00307989
0.00336099
0.003268
0.00320101
0.0035131
0.0031209
0.00330997
0.0030818
0.003304
0.00350404
0.00306416
0.0031321
0.00351095
0.00316811
0.00353789
0.0034399
0.00352001
0.00310111
0.00310898
0.00335789
0.003088
0.00345302
0.00335908
0.00357008
0.00361705
0.00531316
0.00376892
0.0049839
0.00356817
0.00461698
0.00393105
0.00301695
0.00345683
0.00297999
0.00343895
0.00464702
0.00319695
0.00376296
0.00369692
0.00363588
0.00347686
0.00384593
0.00348997
0.00330305
0.00374603
0.00336695
0.00345182
0.00344205
0.00377893
0.00332689
0.00387692
0.00312901
0.003371
0.00341988
0.0031302
0.00311089
0.00319481
0.00300908
0.00339699
0.00304699
0.00310707
0.00356007
0.00341392
0.00309014
0.00325394
0.00353384
0.00363588
0.00307918
0.00308895
0.00345016
0.00338817
0.00297284
0.00312304
0.00383997
0.00337887
0.0032742
0.00309706
0.00330901
0.00327802
0.00341201
0.00358891
0.00311804
0.00343108
0.00300503
0.00331402
0.00354409
0.00306606
0.003263
0.00335908
0.00345707
0.00323606
0.00342107
0.00350595
0.00338197
0.00338793
0.00313711
0.00337601
0.00319219
0.00322795
0.00366211
0.00306892
0.00327301
0.00437212
0.00471115
0.00408792
0.00306797
0.00351691
0.00462508
0.00309396
0.00411701
0.00367689
0.00440192
0.00417995
0.00464296
0.00370812
0.00376892
0.00396514
0.00422502
0.00409889
0.00402403
0.0041039
0.0040369
0.00410008
0.00375485
0.00369406
0.00458908
0.00422096
0.00442004
0.00432515
0.00395989
0.00479102
0.00396991
0.00454187
0.00383401
0.00347304
0.00384712
0.00429487
0.00425696
0.00461292
0.00369906
0.00423503
0.00385904
0.00401998
0.00359797
0.00479388
0.00420308
0.00338411
0.00460196
0.00483108
0.00378299
0.00406623
0.0044539
0.00495291
0.00318193
0.00401998
0.00375891
0.00513506
0.00360703
0.00419998
0.00409102
0.00352311
0.00387597
0.00412011
0.00355911
0.00331306
0.00412989
0.00371814
0.00374198
0.00354409
0.00455117
0.00397491
0.00373793
0.00403786
0.00398898
0.0041368
0.00398207
0.00420308
0.00481486
0.00372005
0.00518608
0.00324392
0.00503016
0.00377798
0.00397587
0.00356793
0.0030911
0.00341511
0.0031631
0.00387597
0.00335503
0.00339317
0.00309896
0.00346398
0.00326204
0.00338197
0.00325799
0.003052
0.00328588
0.00349712
0.00330591
0.00342011
0.00349498
0.00343895
0.00341892
0.00339603
0.00340104
0.00304198
0.00309491
0.00361109
0.00308919
0.00331593
0.00331116
0.00340605
0.00360203
0.00410509
0.00414395
0.00303578
0.00342894
0.003901
0.00336409
0.00357604
0.00317407
0.00377107
0.00338316
0.00333905
0.00314498
0.00320292
0.00333786
0.00349307
0.00303698
0.00329399
0.00313807
0.00312018
0.00312996
0.00310493
0.00335979
0.00305223
0.00323486
0.00382304
0.00360703
0.00443316
0.00410104
0.00332189
0.00358391
0.00406098
0.00483394
0.00378609
0.00325298
0.00350118
0.00378895
0.00331402
0.00358796
0.00370693
0.00387979
0.0044539
0.00380802
0.00406289
0.00338888
0.00387096
0.00384092
0.00362086
0.00362182
0.00335002
0.00494313
0.00417304
0.00418615
0.00414395
0.00410914
0.00412893
0.00374699
0.00418997
0.00404
0.00384283
0.004915
0.00399995
0.00414515
0.00379896
0.00382209
0.00306296
0.00375199
0.00340605
0.00331783
0.00336814
0.00345707
0.00343013
0.00350094
0.00311995
0.00365901
0.00333285
0.00369501
0.00329399
0.00334311
0.00336194
0.00350118
0.00332308
0.00335693
0.00333405
0.00362301
0.0034101
0.00342607
0.00344181
0.00339699
0.00335407
0.00312996
0.00345802
0.00375605
0.00310397
0.00338292
0.00340605
0.00340891
0.00516295
0.00352001
0.00389695
0.00424886
0.00412822
0.00376892
0.00384808
0.00401115
0.00376296
0.00382209
0.00353909
0.00324178
0.00401616
0.00326896
0.00432801
0.00357604
0.00449204
0.0047009
0.00436902
0.00347304
0.00359702
0.00338483
0.00356507
0.00345707
0.00364304
0.00378513
0.0044651
0.00328302
0.00361896
0.00338387
0.00351214
0.00362396
0.00401497
0.00369
0.00513387
0.00438404
0.00374699
0.00453711
0.00333285
0.00437808
0.0036571
0.00339699
0.00469208
0.00310493
0.00461602
0.00387907
0.00369501
0.00356388
0.00486994
0.00314093
0.00353312
0.00353217
0.00416613
0.00367999
0.00473309
0.0041759
0.00426102
0.00355482
0.00365281
0.00352001
0.00358415
0.00383592
0.00437307
0.00378418
0.00388503
0.00364804
0.00351095
0.00384212
0.00367188
0.00430679
0.00352001
0.00437498
0.004565
0.00342512
0.003654
0.00479007
0.00363612
0.004462
0.0040319
0.00397611
0.00310302
0.00320911
0.00335407
0.00329304
0.00331211
0.00308394
0.00330806
0.00342011
0.00365901
0.00316787
0.00314999
0.00311899
0.00353718
0.00307989
0.00330687
0.00317407
0.00306797
0.00326896
0.00368118
0.00325513
0.00326514
0.00365806
0.00345492
0.00334597
0.00323987
0.00346088
0.00324678
0.00302482
0.00337291
0.00307798
0.00307298
0.00325179
0.00306702
0.00324297
0.00508595
0.0033288
0.00313592
0.0030489
0.00367618
0.00330496
0.00307894
0.00309205
0.00312495
0.0030992
0.00342107
0.00320101
0.00371814
0.00318408
0.00327611
0.00379014
0.00313091
0.00317216
0.00348496
0.00365496
0.00332594
0.00305009
0.00334597
0.00357294
0.00364399
0.0037241
0.00312996
0.00327992
0.00341797
0.00336504
0.00374699
0.0032599
0.0034802
0.00353408
0.00312209
0.00360394
0.00340605
0.003232
0.00361109
0.00348496
0.00375485
0.003685
0.00361896
0.0037601
0.00391603
0.00342894
0.00397706
0.00324512
0.0035181
0.00435591
0.00411105
0.00380898
0.00341797
0.00344396
0.00352001
0.00370908
0.00339699
0.0035851
0.00337791
0.0030911
0.00311708
0.00310016
0.00351596
0.00310397
0.00338197
0.00300407
0.003227
0.00313592
0.00353694
0.00307703
0.00347304
0.00336003
0.00369978
0.00338483
0.00341892
0.00325704
0.00346518
0.00307989
0.00331187
0.00300908
0.00335503
0.00310087
0.0033071
0.00344181
0.00324392
0.00334692
0.00339389
0.00335288
0.00304604
0.00333405
0.00306201
0.00345397
0.00313807
0.00307608
0.00332808
0.00340796
0.00331712
0.00319695
0.00361896
0.00336504
0.00330997
0.00306916
0.00336003
0.00313091
0.00336695
0.00315809
0.00314403
0.00359488
0.00308514
0.00321412
0.00326204
0.00324512
0.003057
0.00380206
0.00381088
0.0040729
0.00396013
0.00381517
0.00412798
0.00376201
0.00345206
0.00465512
0.00443792
0.00514388
0.00345802
0.00339603
0.00353599
0.00557613
0.00431895
0.00487304
0.00381184
0.00439
0.00514913
0.00399303
0.00397491
0.00381923
0.00466394
0.00348997
0.00353813
0.00385499
0.00472307
0.00361896
0.00384712
0.00387311
0.00366211
0.00388503
0.004035
0.00384402
0.00397205
0.0039432
0.00408721
0.0040071
0.00392985
0.00420403
0.00392103
0.00466609
0.00424409
0.00341511
0.00471783
0.00346494
0.00492811
0.00421095
0.0042541
0.00497293
0.00499177
0.00494099
0.00372386
0.00396609
0.00367999
0.0037241
0.00388408
0.00481296
0.00388098
0.00387788
0.00471687
0.00373983
0.00369096
0.00378895
0.00334692
0.00313187
0.00310588
0.00354505
0.00325513
0.00309587
0.00374293
0.00300598
0.00304198
0.00368595
0.00303817
0.00335002
0.00307798
0.00306201
0.00335193
0.00320697
0.00341702
0.00307393
0.00307298
0.00370002
0.00333595
0.0033071
0.00298405
0.00324702
0.00314283
0.003052
0.00306487
0.00318885
0.0035131
0.00329685
0.00335693
0.00351405
0.00310111
0.00342798
0.00353408
0.00311184
0.00335097
0.00328302
0.00344706
0.00334597
0.00338793
0.00307298
0.00312591
0.00310206
0.00306892
0.00307584
0.00313783
0.00310707
0.003227
0.00313687
0.00331998
0.00338411
0.00335002
0.00375509
0.00337291
0.00335717
0.003299
0.00337005
0.00356293
0.00331521
0.00330806
0.00353098
0.00363302
0.00379992
0.00342011
0.00323987
0.00320482
0.00330281
0.00335002
0.0034399
0.00319195
0.003299
0.00335598
0.00314212
0.00356388
0.00371909
0.00342798
0.00457883
0.00425911
0.00516987
0.00427604
0.00387812
0.00396395
0.00361419
0.00421
0.00403309
0.00372815
0.00328207
0.00378799
0.00371218
0.00317192
0.00367999
0.00385499
0.004076
0.00382686
0.00338984
0.00333595
0.00377512
0.00340581
0.00394797
0.00570703
0.00364208
0.00363708
0.00400305
0.0037291
0.00405908
0.00337696
0.00330782
0.00331306
0.00335097
0.00348401
0.00328779
0.00345302
0.00350595
0.00322104
0.00337696
0.00319099
0.00332785
0.00308394
0.00310993
0.00307083
0.00309205
0.00333691
0.0037291
0.00421
0.003438
0.00319695
0.005023
0.00389814
0.00410008
0.00411081
0.00402308
0.00379205
0.00344706
0.00334501
0.003618
0.00343204
0.00341702
0.00421095
0.00303698
0.00345206
0.003093
0.00339603
0.0031569
0.00306416
0.00313616
0.00308323
0.00301695
0.00303292
0.00352287
0.00438118
0.00391698
0.00357914
0.00372887
0.00306821
0.00370789
0.00359511
0.00372005
0.00349402
0.00391793
0.003479
0.00352407
0.00358796
0.00389123
0.00394702
0.0037179
0.00307202
0.00433898
0.00385809
0.004004
0.00296783
0.00352001
0.00356913
0.00320506
0.00392604
0.00487804
0.00389695
0.00333095
0.00317907
0.00375319
0.00426102
0.00360584
0.00375915
0.00342202
0.0042789
0.00510883
0.00370097
0.00344801
0.00367403
0.00351119
0.00337696
0.00394797
0.00331998
0.00416994
0.0040369
0.00432396
0.00389099
0.00330091
0.00400901
0.00411677
0.00374198
0.00448203
0.00392604
0.00393605
0.00374103
0.00371599
0.00401688
0.00459194
0.00401497
0.00381303
0.00358987
0.00332308
0.00399995
0.00368094
0.00415015
0.00351715
0.00366688
0.00325394
0.00353384
0.00516391
0.00330997
0.00328398
0.00374794
0.00357318
0.00385809
0.00353789
0.00383711
0.00518298
0.00338221
0.00333309
0.00382185
0.00469112
0.00457096
0.0035851
0.00388503
0.00383997
0.003474
0.00352693
0.00376105
0.00395012
0.00461793
0.00404191
0.00351882
0.00314498
0.003021
0.00346804
0.00329494
0.00312114
0.00320911
0.00345993
0.00306606
0.00455403
0.00382018
0.00336003
0.00405788
0.00366998
0.00446105
0.00354886
0.00360012
0.00345707
0.0049901
0.00326896
0.0031321
0.00384903
0.00425386
0.00366187
0.0034318
0.00416303
0.00335288
0.00398088
0.00448203
0.00365782
0.00336504
0.00374699
0.00394702
0.00346184
0.00379395
0.00330496
0.00385714
0.00386596
0.00323701
0.00493789
0.00367403
0.00390482
0.00489402
0.00370502
0.00514293
0.00453305
0.00383401
0.00492287
0.00472689
0.00509596
0.00391412
0.00441813
0.00398016
0.00414395
0.00312495
0.00392008
0.00337601
0.00517797
0.00364399
0.00387096
0.00533795
0.00384402
0.00339103
0.00357294
0.00481391
0.00362015
0.00365996
0.00439906
0.00333309
0.00383711
0.00352287
0.00309801
0.00331593
0.00553894
0.00361514
0.00346184
0.00366902
0.0046978
0.004107
0.00336814
0.00314617
0.00360107
0.00393486
0.00334096
0.00375295
0.00330782
0.00454783
0.0038569
0.00382614
0.00467181
0.00456691
0.00380802
0.00394201
0.00504184
0.00345802
0.00493908
0.00408697
0.00339413
0.00438094
0.00369716
0.00366306
0.00530005
0.00361013
0.00484896
0.00482488
0.00341797
0.00367594
0.00401998
0.00474715
0.00374007
0.00415301
0.00403309
0.00566411
0.00350785
0.00436497
0.0050261
0.00349307
0.00381398
0.00324512
0.004071
0.00346303
0.00377607
0.00336599
0.0033958
0.00352001
0.003685
0.00302005
0.0031271
0.00341892
0.00302696
0.00315213
0.00303316
0.00316405
0.00351906
0.00334597
0.00312281
0.00327802
0.0030241
0.00393486
0.00333309
0.00378513
0.00367188
0.00402689
0.00417209
0.00335121
0.00362992
0.00403404
0.00340295
0.00316715
0.00355291
0.00361514
0.00338578
0.00338507
0.00314307
0.00341201
0.00302696
0.00330091
0.00301409
0.00302196
0.00352883
0.00311613
0.00343704
0.00311208
0.00340819
0.00303602
0.00301003
0.00346494
0.00338793
0.00373101
0.00341892
0.00324178
0.00334597
0.00314689
0.00304317
0.00341797
0.00314903
0.00302005
0.00348616
0.00309205
0.00349712
0.00295115
0.00345802
0.00320005
0.00315309
0.00330615
0.00359297
0.00339007
0.00342822
0.00504684
0.00336289
0.0032599
0.00512695
0.00396109
0.00465202
0.00587106
0.005831
0.00447798
0.00384212
0.00470495
0.00334406
0.00394487
0.00299907
0.00338984
0.00307798
0.00408101
0.00424099
0.00350714
0.00394106
0.00431895
0.00384903
0.00363207
0.00369716
0.00333405
0.00362086
0.00548911
0.00377202
0.00379205
0.00384617
0.00508189
0.00513196
0.00394392
0.00489092
0.0038321
0.00343895
0.00524902
0.00344515
0.004107
0.00398612
0.00388789
0.00435996
0.00392199
0.00370312
0.00343704
0.003582
0.00370502
0.00330615
0.00518799
0.00377107
0.00426006
0.00424504
0.00453687
0.00493217
0.00385499
0.00479412
0.00370312
0.00513506
0.00340605
0.00338793
0.0040431
0.00474501
0.00346899
0.00432491
0.00456023
0.00394893
0.00470901
0.00406694
0.00349188
0.00373387
0.00360513
0.00328803
0.00352192
0.00389886
0.00325298
0.00416183
0.00390506
0.00422096
0.00418019
0.00382113
0.00518703
0.00388598
0.00477195
0.00492406
0.00343299
0.00328207
0.00309992
0.00335598
0.00311279
0.00337386
0.00346804
0.00306988
0.00308084
0.00322509
0.00311184
0.00336099
0.00335002
0.00324011
0.003093
0.00367188
0.00334811
0.00329709
0.00308609
0.0030849
0.00317311
0.00332212
0.00382018
0.00311995
0.00343394
0.0030961
0.00336504
0.00334382
0.00334001
0.003088
0.00338292
0.00326777
0.0033021
0.00341892
0.00316215
0.00319099
0.00320983
0.0031178
0.00329614
0.003757
0.00315094
0.00356698
0.0032022
0.00321794
0.003618
0.00363898
0.0035491
0.00297594
0.00363779
0.00323319
0.00354481
0.00303507
0.003093
0.00300694
0.00310993
0.00370812
0.00314999
0.0029819
0.00344586
0.00339293
0.00318623
0.00328398
0.00316405
0.00354695
0.00302005
0.0037241
0.00306988
0.00314999
0.00331497
0.00328302
0.00341606
0.00358105
0.00329208
0.00331092
0.00349903
0.00307798
0.00371695
0.00310993
0.00309014
0.00314188
0.00308204
0.00373316
0.00314808
0.00306606
0.0037961
0.0030992
0.00309801
0.00366879
0.00328898
0.00335503
0.00366998
0.00321579
0.00351882
0.00343108
0.00405383
0.00392413
0.00362611
0.00325608
0.0035429
0.00356102
0.00323606
0.00343609
0.00321698
0.00352001
0.0030911
0.00307488
0.00346112
0.00310302
0.0035131
0.00367379
0.00301313
0.00335503
0.00339508
0.00331998
0.0033741
0.00312591
0.00342083
0.00342703
0.003016
0.00300717
0.00313807
0.00356388
0.00378609
0.00370002
0.00363994
0.00382686
0.00366998
0.00340104
0.00307393
0.00399089
0.00324392
0.00333691
0.00348401
0.00313807
0.00357699
0.00419092
0.00376821
0.00423002
0.00410509
0.00377512
0.00358605
0.00405288
0.00346994
0.00426602
0.00501609
0.00329614
0.00310206
0.00421214
0.00333309
0.00346613
0.004004
0.00395489
0.00309587
0.00326204
0.00303602
0.00307703
0.00306487
0.00307012
0.00346613
0.0038991
0.00370383
0.004076
0.00376606
0.00384784
0.00392699
0.00430202
0.00416708
0.00381207
0.00466394
0.00464201
0.00419998
0.00416517
0.00440693
0.00470185
0.00420094
0.00327301
0.00434303
0.00430202
0.00375199
0.00354004
0.00331402
0.00345898
0.00408888
0.00423717
0.00416398
0.00340104
0.00494313
0.00381589
0.00466394
0.00342202
0.00355196
0.00463581
0.0039649
0.00365281
0.00335097
0.00355005
0.00311089
0.00364399
0.00461984
0.00502801
0.00470304
0.00361991
0.00384021
0.00364304
0.00430107
0.003438
0.00416613
0.00371099
0.00431585
0.00319409
0.00401998
0.00444698
0.00411391
0.00415707
0.00378299
0.00456905
0.0038619
0.00416589
0.00330687
0.0034349
0.00445414
0.00341201
0.00382304
0.00445485
0.00362301
0.00410509
0.00337195
0.00417709
0.00565696
0.0033741
0.00472593
0.00329709
0.00384188
0.00396919
0.0047009
0.00383902
0.0038619
0.00377011
0.00339508
0.00428391
0.00488997
0.00428295
0.00464082
0.00327086
0.00497818
0.00419712
0.00482392
0.00408292
0.00400305
0.004601
0.00337005
0.00372291
0.00358009
0.00383615
0.00339103
0.00387907
0.00407195
0.00396991
0.00386
0.00398397
0.00475287
0.00385189
0.00427318
0.00336409
0.00338507
0.00364089
0.00525188
0.0037272
0.00417089
0.00394201
0.00549889
0.003824
0.00440407
0.00393891
0.00348496
0.00353694
0.00375819
0.00324202
0.00388503
0.004704
0.00455594
0.00372696
0.00335312
0.00334692
0.00366306
0.00392079
0.0036931
0.00431705
0.00356698
0.0036149
0.00389004
0.0038898
0.00397801
0.00399494
0.00410318
0.00482202
0.0039289
0.00400496
0.00385189
0.00426984
0.00338602
0.00408101
0.004462
0.00492287
0.00368309
0.00377584
0.00465608
0.00393391
0.00450706
0.0038929
0.00453615
0.00395417
0.00452018
0.00389004
0.00510883
0.00389695
0.0033679
0.00388598
0.00332403
0.00428987
0.00348711
0.00427699
0.00359607
0.00415301
0.00422597
0.00398588
0.0037241
0.00337601
0.00351
0.00383306
0.00351882
0.00400209
0.00385594
0.00419307
0.00397706
0.00370193
0.00390697
0.00476599
0.0038619
0.00477099
0.00415492
0.003865
0.00512385
0.00360799
0.00341702
0.00343585
0.00344801
0.00328612
0.00336099
0.00312901
0.00307298
0.00339913
0.00324297
0.00341797
0.00303793
0.00313902
0.00300097
0.00339699
0.003021
0.00303602
0.00314999
0.00358701
0.00349903
0.00377703
0.00402617
0.00455809
0.00387812
0.00404
0.0042479
0.00301695
0.00302196
0.00388813
0.00359011
0.00360012
0.0042088
0.00385308
0.00405812
0.0043509
0.00464201
0.00351405
0.00432181
0.0041039
0.00497913
0.0040791
0.00391102
0.00391698
0.00387502
0.00342417
0.00309396
0.0033071
0.00303984
0.00322008
0.00343895
0.00308084
0.00337291
0.00303698
0.003093
0.00318789
0.00307798
0.00335884
0.00314522
0.00328088
0.00401902
0.00400901
0.00380111
0.00365615
0.00375009
0.00356793
0.00392795
0.00465202
0.00301909
0.00375199
0.00335288
0.00316215
0.0034399
0.00333405
0.00373697
0.00327396
0.00312495
0.00319886
0.00363779
0.00335217
0.00311708
0.00367999
0.00303912
0.00316286
0.00313711
0.00310898
0.00328612
0.00412512
0.00309205
0.00313497
0.00307012
0.00314283
0.00339007
0.00306892
0.00306511
0.00304985
0.00310397
0.00310087
0.00366497
0.00376987
0.00362897
0.00386715
0.00456309
0.00367999
0.00367713
0.00323892
0.00355697
0.00330091
0.00315118
0.00300002
0.00308394
0.00332999
0.0030942
0.0034399
0.00325704
0.00342107
0.0030458
0.00307393
0.00311017
0.00313497
0.00311685
0.00307202
0.00317001
0.00310302
0.00330305
0.00303483
0.00424504
0.00396109
0.00385118
0.00418305
0.00428391
0.00357604
0.00425482
0.0037992
0.00489593
0.0032661
0.00352287
0.00318623
0.0043509
0.00389719
0.00331283
0.0033989
0.00360417
0.0030129
0.00298595
0.00310802
0.00311399
0.0034039
0.00306797
0.00337601
0.00301123
0.00350499
0.00296092
0.00323296
0.00304198
0.00324297
0.00306201
0.0035181
0.00308704
0.00337386
0.00308299
0.00374198
0.0030551
0.00300908
0.00335121
0.00349808
0.00307107
0.00339508
0.00338197
0.00338817
0.00337887
0.00320101
0.00361323
0.00307894
0.00316095
0.00336194
0.0031991
0.00361991
0.00362897
0.00377607
0.00458789
0.0032568
0.00448394
0.00337601
0.00423408
0.00465798
0.00363493
0.00308204
0.00344706
0.00359201
0.00394082
0.00363612
0.00335789
0.00344586
0.00348806
0.00385404
0.00389504
0.004071
0.00502396
0.00391984
0.00344801
0.00507903
0.00380778
0.00451207
0.00570798
0.00386405
0.00396299
0.00486207
0.00394297
0.0035429
0.00458407
0.00403786
0.00368285
0.00474596
0.00341511
0.00473595
0.00371194
0.00389481
0.00353909
0.003021
0.00496221
0.00325799
0.00340819
0.00410008
0.00407791
0.00381708
0.00369692
0.00383997
0.0037961
0.00343704
0.00460005
0.00411391
0.00353599
0.00374794
0.00338197
0.00429702
0.002985
0.00399685
0.00611997
0.00442696
0.00427508
0.00385618
0.00426602
0.00389409
0.0038538
0.00348306
0.00357604
0.00430202
0.0038991
0.00437307
0.00377512
0.00339389
0.00360608
0.00342679
0.00363493
0.00394797
0.00346684
0.00330806
0.00419998
0.00355005
0.00481391
0.00377011
0.00380516
0.00384188
0.00538015
0.00418997
0.00364113
0.00527692
0.00484395
0.00376916
0.00342512
0.00418591
0.00374889
0.00423908
0.00363994
0.00467992
0.00332212
0.0032258
0.00414991
0.00297117
0.00375104
0.00397801
0.00468397
0.00440598
0.00320005
0.00336003
0.00317311
0.00342011
0.00314713
0.00381708
0.00334692
0.00548196
0.00377512
0.00336194
0.00381804
0.00399399
0.00339007
0.003407
0.00342083
0.00343895
0.00380301
0.00357103
0.00377703
0.00373697
0.00349402
0.00335407
0.00317407
0.00451708
0.00346899
0.00405717
0.00336909
0.00382495
0.00453711
0.00371408
0.00338101
0.00409102
0.00415611
0.00337505
0.00416398
0.0039711
0.0034852
0.00487399
0.00378108
0.00331402
0.00337815
0.00375104
0.00390315
0.00378203
0.0036602
0.0052309
0.00332403
0.0033319
0.00352097
0.00396395
0.00410104
0.00355697
0.00469708
0.00404191
0.00353193
0.00366211
0.0034821
0.003932
0.00383091
0.00370312
0.003407
0.00343394
0.004421
0.00347996
0.00387907
0.00447392
0.00439286
0.00448704
0.003613
0.00439787
0.004632
0.00342107
0.00419402
0.00344896
0.00389504
0.00341487
0.00487804
0.00454807
0.00327897
0.0038271
0.00352788
0.00432396
0.004282
0.00399184
0.00332499
0.00356102
0.00515509
0.00373697
0.00430703
0.00380492
0.00547886
0.00370216
0.00384402
0.00386715
0.0038681
0.00477505
0.00406504
0.00335193
0.00347781
0.00309086
0.00366211
0.00380802
0.00373292
0.00402999
0.003582
0.00377202
0.00483108
0.00386405
0.00369
0.00485206
0.00377989
0.003824
0.00521207
0.0039742
0.00344992
0.00313997
0.00348997
0.00304389
0.00494385
0.00352693
0.0033319
0.003865
0.0038259
0.00326896
0.00317001
0.00386691
0.00426507
0.00342107
0.00347686
0.00390196
0.00362992
0.00326681
0.00362706
0.00373101
0.00336695
0.00500894
0.00297594
0.00410104
0.00434113
0.00409412
0.00334692
0.00331593
0.00359988
0.00462914
0.00375915
0.00453806
0.00378108
0.00342894
0.00410891
0.00406694
0.00392199
0.00356197
0.00380015
0.00403404
0.003685
0.00375104
0.0034852
0.00333309
0.00351501
0.00416517
0.00335217
0.00371695
0.00353098
0.00362301
0.00318193
0.00369883
0.003304
0.00403094
0.00376487
0.0038631
0.00419807
0.00379801
0.00392199
0.00415206
0.00342703
0.00354791
0.00426197
0.00424314
0.00382018
0.00350499
0.00366688
0.00384879
0.00403595
0.00339103
0.00374103
0.00395703
0.00381589
0.00390291
0.0033381
0.00377893
0.00494099
0.00340509
0.00372291
0.003721
0.00312996
0.00365782
0.00334501
0.00384212
0.00375795
0.00349808
0.0035162
0.00387192
0.00384903
0.00360894
0.00346112
0.00379395
0.00394297
0.00387907
0.00373983
0.00412297
0.00388098
0.00402212
0.00373197
0.00440812
0.00402093
0.00479293
0.00368595
0.00377917
0.00335312
0.00414085
0.00366306
0.003479
0.00366998
0.003474
0.00339484
0.00398898
0.00332785
0.00321007
0.00409889
0.00426793
0.00399399
0.00338793
0.0040369
0.003613
0.00418091
0.00374913
0.00345707
0.00418496
0.004179
0.00337696
0.00385594
0.00351095
0.00374603
0.00480294
0.00416303
0.00331306
0.00351286
0.00357199
0.00376821
0.00339699
0.00462914
0.00393891
0.00385499
0.00321889
0.00314307
0.00308084
0.003057
0.00310588
0.00296402
0.00332594
0.00305581
0.00301385
0.0031991
0.00341916
0.00326705
0.00375104
0.003299
0.00360894
0.00354791
0.00365496
0.00440097
0.00402093
0.00399685
0.00423598
0.00388098
0.00363111
0.00426698
0.00338197
0.00356483
0.00351596
0.00349689
0.00437117
0.00374103
0.00434613
0.00346804
0.00347996
0.00351596
0.00308108
0.00370288
0.00351095
0.00372791
0.00341511
0.00388885
0.00331402
0.00382185
0.00405502
0.00389791
0.00357485
0.00397897
0.0043211
0.00427485
0.00329685
0.00317192
0.00433207
0.00312805
0.00378013
0.00429296
0.0034771
0.00348306
0.00340891
0.00391603
0.00340891
0.003052
0.00375795
0.00339484
0.00351191
0.00331402
0.00330091
0.003268
0.00327277
0.00386596
0.00422096
0.00391006
0.00381899
0.00381804
0.00361705
0.00388098
0.00392818
0.00411797
0.00405312
0.00346112
0.00385785
0.003479
0.00350308
0.00379205
0.00359702
0.00409985
0.00397801
0.00410104
0.00351
0.00337219
0.00381303
0.00328588
0.003474
0.00376487
0.00352502
0.00339985
0.00339198
0.00391603
0.00360107
0.00373101
0.00321603
0.0037179
0.00354815
0.00348496
0.00389695
0.00413704
0.00409603
0.0034771
0.00479198
0.00473595
0.00427222
0.00392294
0.00383711
0.00330591
0.00337696
0.00366497
0.00343204
0.00361204
0.00319004
0.00362206
0.00309086
0.00339007
0.00309682
0.00336194
0.00308084
0.00367808
0.0030899
0.00313592
0.00327682
0.00333905
0.00315881
0.00381207
0.00341702
0.00386596
0.0030489
0.00336123
0.00313807
0.00338006
0.00313187
0.003304
0.00358176
0.00295496
0.00340486
0.00300407
0.00353408
0.00334311
0.00300503
0.00333905
0.00332904
0.00307298
0.00332689
0.00308585
0.00381994
0.00380683
0.00332713
0.00315189
0.0034461
0.003582
0.00360084
0.00310707
0.00338316
0.00349283
0.00334787
0.00308585
0.00301099
0.00338602
0.00331283
0.00338006
0.0032959
0.00317001
0.00334406
0.00339413
0.00338197
0.0033071
0.00311708
0.00334787
0.00297689
0.00302815
0.00326514
0.00336099
0.00333285
0.0032239
0.00317478
0.00314283
0.00332785
0.00352192
0.00353193
0.00308299
0.00297403
0.00303507
0.00338292
0.00312614
0.00341511
0.00335717
0.0031302
0.00306606
0.00316191
0.00350404
0.00314212
0.00341201
0.00378585
0.00336504
0.00332904
0.00340891
0.00335479
0.0034461
0.00308394
0.00368381
0.0036459
0.00341797
0.00367689
0.00364804
0.00296402
0.00330091
0.003335
0.00338006
0.00379395
0.00340605
0.0034399
0.00319099
0.00313282
0.00301814
0.0035212
0.00331497
0.00340986
0.00339699
0.0030551
0.00303793
0.00310111
0.0030601
0.00310302
0.00346184
0.00338793
0.00304508
0.00350189
0.00311279
0.00311303
0.00301099
0.00348806
0.00317693
0.00422692
0.00358081
0.00413704
0.00386214
0.00332212
0.00334597
0.00351
0.00433803
0.00392604
0.00394106
0.00342703
0.0036602
0.00330305
0.00357604
0.0045042
0.00332785
0.003268
0.00334287
0.00306487
0.00309587
0.00319004
0.00355721
0.00365901
0.00323606
0.00341892
0.00304389
