0.00235081
0.00183797
0.00198817
0.00194287
0.0018971
0.00185895
0.00303793
0.00209999
0.00175691
0.00202012
0.00260782
0.00213623
0.00177407
0.00201797
0.00176692
0.00193501
0.00190806
0.00177813
0.00177097
0.00178099
0.00179005
0.00178814
0.00175714
0.00184107
0.00194001
0.00324512
0.00208998
0.00197196
0.00177097
0.00204992
0.0017879
0.00176597
0.00210404
0.0021739
0.00181794
0.00218892
0.00346303
0.00208688
0.00227094
0.00196099
0.0037632
0.00197101
0.00425816
0.00244093
0.00285506
0.00185084
0.00189209
0.00196385
0.00180697
0.00206399
0.00173807
0.00204802
0.0018208
0.00204802
0.00183797
0.00179505
0.00184107
0.00201201
0.00203013
0.00211406
0.00188899
0.00208092
0.00186801
0.00186801
0.00197101
0.00204897
0.00207496
0.0018909
0.0019691
0.00185084
0.00213504
0.00193906
0.0019381
0.0018611
0.00182796
0.00205517
0.00202012
0.00207114
0.00180793
0.001791
0.00182104
0.00208211
0.00185418
0.00204396
0.00201488
0.00185585
0.00207591
0.0018301
0.00180292
0.00183702
0.00200677
0.00208521
0.00181389
0.00180602
0.001899
0.00209498
0.001858
0.00182986
0.00185394
0.00186801
0.00206208
0.00223494
0.00181603
0.00183082
0.00196314
0.00183082
0.00217795
0.00181007
0.001827
0.00208712
0.00191092
0.00254488
0.00189781
0.00186491
0.00395012
0.00222898
0.00358701
0.00323701
0.00215387
0.0019002
0.00201416
0.00242901
0.00212383
0.00184393
0.00224018
0.00193787
0.00193214
0.00219607
0.00192189
0.001827
0.00188208
0.0018971
0.00204897
0.00232601
0.00207806
0.00204086
0.00397396
0.00195503
0.00211382
0.00213599
0.00184989
0.00218606
0.00212789
0.00189686
0.00194311
0.00189304
0.00214386
0.0018611
0.00181699
0.00178814
0.00181603
0.00215816
0.00217199
0.00186515
0.00214982
0.00208497
0.0018599
0.00188303
0.00180602
0.00211501
0.00208807
0.00185704
0.00222898
0.00210595
0.00230908
0.00230503
0.00279713
0.00200295
0.00209308
0.00221992
0.00225091
0.00212598
0.00193191
0.00202394
0.00212002
0.00241995
0.00250602
0.00344396
0.00299001
0.00320101
0.00413704
0.00218511
0.00188112
0.00201511
0.002069
0.00253105
0.00402689
0.00256896
0.00344014
0.0030911
0.00243306
0.00266504
0.00234604
0.00288987
0.0018239
0.00290298
0.00221586
0.00234294
0.00255013
0.002069
0.00218415
0.00211787
0.00212193
0.00201392
0.00187516
0.00193405
0.00218892
0.00207996
0.00278497
0.001966
0.00226092
0.00220609
0.002069
0.00237799
0.00188494
0.00184298
0.00185609
0.00182819
0.00182796
0.00180101
0.00194001
0.00180984
0.00201893
0.00212502
0.00215697
0.00200415
0.00180197
0.0021081
0.00208306
0.00206709
0.00208998
0.00195789
0.001899
0.0020051
0.00214195
0.00205994
0.00226092
0.00216794
0.00204492
0.00219703
0.00215411
0.00188398
0.00353599
0.00357604
0.00186706
0.00234103
0.00196815
0.00174999
0.00200415
0.00197387
0.00220895
0.0021069
0.00184107
0.00187588
0.0017879
0.00218296
0.00201607
0.00194597
0.00190091
0.00188303
0.00228214
0.00343919
0.00223017
0.00212908
0.00181007
0.00268602
0.00195909
0.0018909
0.003474
0.00191188
0.001858
0.00185394
0.00241089
0.00198579
0.00230503
0.00227904
0.00222111
0.00251794
0.00227094
0.00212193
0.00290179
0.00215292
0.00269198
0.00213003
0.00224996
0.00219297
0.00202489
0.00218892
0.00206399
0.00198293
0.00216794
0.00293994
0.00188994
0.00210094
0.00228596
0.00193095
0.00249696
0.0036819
0.001899
0.00189495
0.00190711
0.00191307
0.0029521
0.00194812
0.00305009
0.00203609
0.00212193
0.00265503
0.00197601
0.00218892
0.00187707
0.00201297
0.00216103
0.00209689
0.00187111
0.002002
0.00176811
0.00180697
0.00213289
0.00193691
0.00186706
0.00206709
0.00222802
0.00247288
0.0017848
0.00199699
0.003582
0.00195885
0.00199795
0.00205207
0.00315809
0.00250196
0.00259995
0.00192904
0.00315285
0.00211406
0.00258017
0.00180197
0.00219893
0.0020988
0.00251293
0.00221109
0.00236917
0.00187302
0.00199199
0.00373483
0.00202179
0.00181413
0.00195003
0.00339293
0.00225592
0.00188804
0.00235987
0.00303602
0.00205708
0.00259089
0.00213194
0.002141
0.00274491
0.00374198
0.00246096
0.00229287
0.00186491
0.00218892
0.00210905
0.0037632
0.00307298
0.00206304
0.00238395
0.00251794
0.00226903
0.00205302
0.00196695
0.00187111
0.00361896
0.00205994
0.00214887
0.00265002
0.00243902
0.00185394
0.00274611
0.00206709
0.00258017
0.00204301
0.00204301
0.00309086
0.00201702
0.00182891
0.00216103
0.00224113
0.00204802
0.00246716
0.00336504
0.00258303
0.00357509
0.00202203
0.00218201
0.00195694
0.002074
0.00300789
0.00279593
0.00192904
0.0020659
0.00191498
0.00374198
0.00241709
0.00229287
0.00196791
0.00216603
0.00411892
0.00210118
0.00192308
0.00218582
0.00317717
0.00189209
0.00386906
0.00199604
0.00180316
0.00211406
0.00188899
0.00207996
0.00192308
0.00179887
0.00180101
0.00192094
0.00181913
0.0018332
0.00201702
0.00220799
0.00221491
0.00209308
0.0019412
0.00226593
0.00222421
0.00371695
0.00246692
0.00292182
0.0023911
0.00300717
0.00200605
0.00295877
0.00210595
0.0018301
0.00204897
0.00209498
0.00217986
0.00186086
0.00180888
0.00185609
0.00208592
0.001858
0.00180411
0.001863
0.00215292
0.00189805
0.00214005
0.00224495
0.00200891
0.00181198
0.00202799
0.00251293
0.00186419
0.00182223
0.00183105
0.00182009
0.00182104
0.0018971
0.00221109
0.00204492
0.00244021
0.00181103
0.00199604
0.0018301
0.00191712
0.00196791
0.00227189
0.0020659
0.002316
0.00204301
0.00189495
0.00186205
0.00212502
0.0023191
0.00209284
0.00238204
0.00181603
0.00345397
0.00193477
0.00318909
0.00220013
0.00203109
0.00209999
0.00206399
0.00198483
0.00215387
0.00209403
0.00221109
0.00264502
0.00186801
0.00239396
0.00222707
0.00221109
0.00209522
0.00222707
0.00201893
0.00217915
0.00353622
0.00244808
0.00206804
0.00218987
0.002249
0.00189805
0.00239921
0.00221205
0.00191593
0.00257397
0.00221205
0.00201607
0.001966
0.002321
0.0019269
0.00206304
0.00184917
0.00333381
0.00204301
0.00403786
0.00224805
0.00332808
0.00185084
0.00185394
0.00331998
0.00193501
0.0023191
0.00183511
0.00184107
0.00338793
0.00210381
0.00190616
0.00202799
0.00218201
0.00198007
0.00208712
0.00182199
0.001966
0.00198698
0.00180507
0.00220203
0.00277019
0.00357509
0.00327086
0.00226808
0.00246787
0.00346208
0.00200391
0.00197411
0.00184202
0.00187802
0.00192189
0.00185299
0.00182509
0.00188017
0.00182295
0.00183511
0.00182891
0.00178981
0.00183606
0.00200415
0.00210309
0.00183511
0.001858
0.00184417
0.00184894
0.00180888
0.00188899
0.00177598
0.00186396
0.00202513
0.00320315
0.00185609
0.00191092
0.00197482
0.00236011
0.00201797
0.002177
0.00217509
0.00412798
0.00209188
0.00374794
0.00394511
0.002038
0.00202107
0.00181794
0.00253391
0.00187397
0.00207686
0.00197792
0.00201321
0.00177693
0.00201702
0.00177693
0.00209594
0.00181508
0.0018599
0.00212097
0.00198793
0.00203991
0.00185418
0.00204706
0.00201392
0.00207686
0.00179005
0.00201201
0.00186515
0.00286484
0.00179195
0.00186801
0.00218892
0.00180006
0.00207806
0.00246596
0.00219798
0.00250602
0.00217891
0.00229502
0.0027082
0.00217819
0.00227213
0.00238895
0.00225115
0.00236011
0.00205898
0.00221395
0.00234413
0.00278497
0.00201106
0.00195289
0.00205708
0.00181413
0.00205708
0.00180697
0.00204802
0.00216699
0.002033
0.00198507
0.00206089
0.00201106
0.00213599
0.001791
0.00198817
0.00202894
0.00207305
0.00196409
0.00205207
0.00253797
0.00378704
0.0031538
0.00208116
0.00348592
0.00332618
0.00190711
0.00331903
0.00183082
0.00207782
0.00230312
0.00198889
0.00187016
0.00258207
0.00205398
0.00202703
0.00306797
0.00188994
0.00205803
0.00195503
0.00264096
0.0022521
0.00200391
0.00191998
0.00222206
0.00186086
0.00223589
0.00179291
0.00201416
0.00185108
0.00180912
0.00198603
0.00178003
0.00178719
0.00197196
0.00176311
0.00196004
0.00179219
0.00184894
0.00231791
0.00187588
0.00186706
0.00182009
0.00211382
0.00189114
0.00215292
0.00222993
0.00211787
0.00198388
0.00265598
0.00202298
0.00198483
0.00247812
0.00228
0.00201297
0.00208998
0.00215387
0.00203896
0.0020709
0.00264287
0.00279999
0.00208902
0.00302291
0.00252795
0.00187898
0.00272989
0.00240517
0.00245404
0.00194001
0.00222492
0.00234699
0.00195003
0.00201797
0.00212812
0.00251007
0.00303793
0.00220108
0.00287104
0.00272417
0.00228
0.00222921
0.00312304
0.00314307
0.0020051
0.00246596
0.00238419
0.00281191
0.00185585
0.0027349
0.00198507
0.00186801
0.00267506
0.00222087
0.00186706
0.00190806
0.00313401
0.00257587
0.00268412
0.0027082
0.00273299
0.00251102
0.00216603
0.00272584
0.00387883
0.00260019
0.00193405
0.00204992
0.00184178
0.00180101
0.00240302
0.00267696
0.00289392
0.00217891
0.00270414
0.00204992
0.00188184
0.00189304
0.00225687
0.00324297
0.0032661
0.00184488
0.00199485
0.00188279
0.00182986
0.00191498
0.00180697
0.00188208
0.00213289
0.00202489
0.00181794
0.00181103
0.00197601
0.00182199
0.00186181
0.00191903
0.00204396
0.00184894
0.00182104
0.0024879
0.00184989
0.00185013
0.00235009
0.00300503
0.002105
0.00328016
0.00186014
0.00267291
0.00260901
0.00249004
0.00183702
0.00208282
0.00209284
0.00194097
0.00302911
0.00299382
0.00299811
0.00265598
0.0027051
0.00272989
0.00339198
0.00304294
0.00262785
0.002913
0.00272393
0.00273299
0.00189209
0.003088
0.00280595
0.0026679
0.00306988
0.00324297
0.0024972
0.00346398
0.00376892
0.0027051
0.0032618
0.00265098
0.0036459
0.00288105
0.00317883
0.00324702
0.00268698
0.00245309
0.0033071
0.00263095
0.00227714
0.00264692
0.00362206
0.00193
0.00278211
0.00299597
0.00304699
0.00279403
0.00291204
0.00344706
0.00285792
0.0033071
0.00239396
0.00291204
0.00370288
0.00243497
0.00272298
0.00193715
0.00200105
0.00301003
0.00279284
0.00271893
0.00328612
0.00373292
0.00279212
0.00348902
0.00224805
0.00306702
0.00258708
0.00194097
0.00272083
0.00333405
0.00251293
0.00353909
0.00243711
0.00364304
0.00262189
0.00250506
0.00253487
0.00282598
0.00241303
0.00216389
0.00178409
0.00175786
0.00185513
0.00185704
0.00186396
0.00252008
0.00317001
0.00281
0.00189495
0.00235796
0.004673
0.00256109
0.00208092
0.00179291
0.00181198
0.002074
0.00335717
0.00268507
0.00190997
0.00212121
0.00299883
0.00273514
0.00193715
0.00255394
0.00226283
0.002105
0.00321603
0.00193214
0.00247097
0.00217104
0.00209904
0.00207806
0.00175595
0.00185585
0.00184107
0.00215197
0.00195599
0.002069
0.00187802
0.00211
0.00182796
0.00190401
0.00200605
0.00179815
0.00204802
0.00188494
0.0034318
0.00244999
0.00272894
0.00222778
0.00262499
0.00299287
0.00194502
0.00296998
0.00326896
0.00231314
0.00361204
0.00187612
0.00198293
0.00216007
0.00182605
0.00210595
0.00211382
0.00190282
0.00176501
0.00264096
0.00327396
0.00258088
0.00278997
0.0024159
0.0019331
0.00237322
0.00292516
0.00298405
0.00231409
0.00235796
0.00262308
0.00198317
0.00268817
0.00281215
0.00273991
0.00250196
0.00236702
0.0022068
0.00351
0.00266719
0.00238609
0.00285482
0.00223303
0.00226498
0.00269508
0.00302887
0.0025239
0.00301385
0.00225115
0.00262904
0.00370693
0.00223017
0.00243998
0.00268006
0.00253487
0.00287604
0.00317287
0.00250506
0.00236106
0.00250292
0.00272322
0.0032351
0.00256109
0.00276208
0.00221896
0.00271606
0.00277781
0.00274801
0.00273991
0.00231981
0.00189686
0.00184202
0.00182915
0.00234389
0.002316
0.00189519
0.00180316
0.00182009
0.00220394
0.0017879
0.00182414
0.00192809
0.00204492
0.0020299
0.001894
0.00180387
0.00179601
0.00206685
0.00182796
0.00303388
0.00248384
0.00317311
0.00300717
0.00328898
0.00255489
0.00196314
0.00268888
0.00198889
0.00257397
0.001894
0.00192499
0.00337815
0.00238609
0.002841
0.00198197
0.00262308
0.00284505
0.00306082
0.00254989
0.00274801
0.002702
0.00279498
0.00317907
0.00359106
0.003304
0.00285006
0.00185299
0.00224519
0.00188589
0.00203085
0.00182891
0.00183105
0.0018549
0.00202608
0.00178909
0.00193
0.00236392
0.00179887
0.00201702
0.00222516
0.00180602
0.0018959
0.00184202
0.00176883
0.00182915
0.00184202
0.00175905
0.00180793
0.00262213
0.00188494
0.00307512
0.00238681
0.00234604
0.00245404
0.00247502
0.00199986
0.00187206
0.0024581
0.00209093
0.00199008
0.0026269
0.00286603
0.00277996
0.00333095
0.0029819
0.00195503
0.00277901
0.00320411
0.00266695
0.00232291
0.00262308
0.0028801
0.00187993
0.00232887
0.00187016
0.0030601
0.00233698
0.00195503
0.00305891
0.00315189
0.00297308
0.00235295
0.00206685
0.00342798
0.00246906
0.00246978
0.00302601
0.00263882
0.00245309
0.00258183
0.0025382
0.00327992
0.00269294
0.00348401
0.00207615
0.00208402
0.00212097
0.00180292
0.00185895
0.0021379
0.00184417
0.00179601
0.00184894
0.00187802
0.00194693
0.00204802
0.00200891
0.00176096
0.001791
0.00290298
0.00270605
0.00244403
0.00285912
0.00192094
0.00252986
0.00266695
0.00246596
0.00332594
0.00330997
0.00272608
0.00289893
0.00249696
0.00354505
0.00258398
0.00319982
0.00335884
0.00250196
0.0032351
0.00235796
0.00189209
0.00284195
0.00254798
0.00336409
0.00356007
0.00301313
0.00188184
0.00273705
0.00243878
0.0033679
0.00227189
0.00219703
0.00265503
0.00408578
0.00321794
0.00338316
0.00254798
0.00230598
0.00281692
0.00206614
0.00177884
0.00208402
0.00208592
0.00185299
0.00215507
0.00178695
0.00206518
0.00183201
0.00178409
0.00173187
0.00179911
0.00207782
0.00179386
0.00178313
0.00182414
0.0028069
0.00253391
0.00320315
0.00265193
0.00250006
0.00176191
0.00184298
0.00178385
0.00189304
0.00183415
0.00234795
0.00189519
0.00185609
0.00188494
0.00206804
0.00183988
0.00184894
0.00192881
0.00190902
0.00286198
0.00263691
0.00289297
0.00276113
0.00275016
0.00332999
0.00336599
0.00267696
0.00255799
0.00357294
0.00296402
0.00195312
0.00259805
0.00318289
0.00347304
0.00388193
0.00341678
0.00345802
0.00337911
0.00342417
0.00189805
0.00316286
0.00310302
0.002599
0.00341988
0.00312901
0.00188994
0.00248313
0.00192404
0.00191092
0.002563
0.00290084
0.00284886
0.00342393
0.00278902
0.00326896
0.00267482
0.00259995
0.00240993
0.00282001
0.00299597
0.00304198
0.00283003
0.00275087
0.00281692
0.00190806
0.0023582
0.00209785
0.00287485
0.00283504
0.00239682
0.00290418
0.00294209
0.00252604
0.00264502
0.00264692
0.00198507
0.00272608
0.00281811
0.00287294
0.0019269
0.00300097
0.00282001
0.00186205
0.00267196
0.00187492
0.00180316
0.00284505
0.00243998
0.00193095
0.00297189
0.00330997
0.00240898
0.00220084
0.00178218
0.00230289
0.00180006
0.00184488
0.00195193
0.00209999
0.00188518
0.00191188
0.00219989
0.00182319
0.00221205
0.00175118
0.00178885
0.00179195
0.00208497
0.00198102
0.00181723
0.00180507
0.00243902
0.00230813
0.00212717
0.00199509
0.00202894
0.00186491
0.00183797
0.00178099
0.00194502
0.00180984
0.00183296
0.00213194
0.00192595
0.00250697
0.00212693
0.00178695
0.00174809
0.00179696
0.00271392
0.00183606
0.00209498
0.00182009
0.00179791
0.00183582
0.0019908
0.00212693
0.00205493
0.00186205
0.00186992
0.00180101
0.00182319
0.00178695
0.00189686
0.00178194
0.00236201
0.00178695
0.00189781
0.00179005
0.00252295
0.00188613
0.00301194
0.00187707
0.00239992
0.00219488
0.00260901
0.00247884
0.00209188
0.00187397
0.0018611
0.00184584
0.00236201
0.00236416
0.00191307
0.00369883
0.00254703
0.00233698
0.00209999
0.00325394
0.00194407
0.00239205
0.00287509
0.00266004
0.00286293
0.00238681
0.00235915
0.00352788
0.0027101
0.00412107
0.00273705
0.00275087
0.00197697
0.00247383
0.00409985
0.00289202
0.00329304
0.002038
0.00281906
0.00208306
0.00210094
0.00190496
0.00220585
0.00195384
0.00209999
0.00285697
0.00198913
0.00193501
0.00250101
0.00316095
0.00306487
0.00257301
0.00286198
0.00312901
0.00354695
0.00272894
0.00342798
0.00349593
0.00313401
0.00206685
0.00279403
0.00381613
0.00239491
0.00279093
0.00311208
0.00277185
0.002738
0.00193501
0.00305104
0.002635
0.00260282
0.00194812
0.00208092
0.00203514
0.00196385
0.00201893
0.00183702
0.00184202
0.00196099
0.00203204
0.00196981
0.0020659
0.001858
0.00185108
0.00211
0.00406194
0.00341606
0.00264502
0.00284815
0.00234509
0.00278401
0.00229812
0.0020802
0.0024538
0.002635
0.00279403
0.00242305
0.00248909
0.0024569
0.00290203
0.00190496
0.00267911
0.00245404
0.00247407
0.00222087
0.00198698
0.00289202
0.00218701
0.00264311
0.00301504
0.0028038
0.00247502
0.00350904
0.00291109
0.00309205
0.00202513
0.00288796
0.00274086
0.00289798
0.00252891
0.00292897
0.00239205
0.00209785
0.00213909
0.00272894
0.00355911
0.00286913
0.00275612
0.00189018
0.00196886
0.00338197
0.00319481
0.00324798
0.00249791
0.00275087
0.0028348
0.00288701
0.00476217
0.00270391
0.00288105
0.00276184
0.00280118
0.00219512
0.00338984
0.00253415
0.0027051
0.00186396
0.00236583
0.00224113
0.00320601
0.00183415
0.002599
0.00198102
0.00352287
0.00262809
0.00320411
0.003016
0.00236416
0.00252604
0.00285888
0.00262904
0.00252604
0.00344205
0.00237298
0.00283194
0.00264287
0.00331116
0.00330305
0.00241494
0.00310898
0.00224495
0.00261903
0.00282192
0.00276804
0.00237989
0.00274897
0.00240302
0.00224113
0.00263119
0.002213
0.00303507
0.00177312
0.00212789
0.00282311
0.00242805
0.00266314
0.00241995
0.00216007
0.00186706
0.00217891
0.00306988
0.00212598
0.00302196
0.00321913
0.00314498
0.00317001
0.00260997
0.00265598
0.00366592
0.00268292
0.00264812
0.00265408
0.0026989
0.001894
0.00271797
0.0028019
0.00289297
0.0028491
0.00176692
0.00180602
0.00188184
0.00183606
0.00184298
0.00186992
0.00180006
0.00182295
0.00183201
0.00184488
0.00181794
0.00209093
0.00179696
0.00240707
0.00178313
0.00173402
0.00177598
0.00182199
0.00231791
0.00232482
0.00184798
0.00264311
0.00281906
0.00181198
0.00180507
0.00219512
0.00208688
0.00178218
0.00178099
0.00179291
0.00178981
0.00183392
0.0018549
0.00181198
0.00184107
0.00195885
0.00191903
0.00179005
0.00213981
0.00189495
0.00183511
0.00205112
0.00195384
0.00201416
0.00184512
0.00200915
0.00197816
0.00217199
0.00218797
0.00210404
0.00188518
0.00195694
0.00187993
0.00206399
0.00182509
0.00223899
0.00248694
0.00182104
0.00184107
0.00183201
0.0018239
0.00189805
0.00177097
0.00209999
0.001791
0.00180602
0.00179601
0.00224996
0.00188804
0.00184488
0.00201416
0.00198102
0.00183582
0.0017879
0.00177479
0.00180101
0.00190091
0.00242519
0.00259089
0.00276613
0.00252485
0.00288391
0.00253701
0.00193
0.00232005
0.00248599
0.00256109
0.00243616
0.00240493
0.00299287
0.00327897
0.00287986
0.0024991
0.00272107
0.0035069
0.00253201
0.00314403
0.00288796
0.00337505
0.00271106
0.00271106
0.00211596
0.00276899
0.00260592
0.00257993
0.00251603
0.0028379
0.00195312
0.0029521
0.00376582
0.002774
0.00234699
0.003227
0.00192094
0.00272894
0.00299406
0.00330806
0.00310898
0.00315881
0.00279593
0.0027051
0.00449705
0.00248599
0.00253391
0.00364304
0.00332308
0.00256109
0.00290895
0.00327897
0.00187898
0.0020051
0.00184703
0.00210786
0.00181699
0.00179911
0.00239086
0.00184798
0.00181508
0.00198793
0.00183082
0.00185013
0.00185394
0.00178194
0.00181007
0.00248194
0.00179005
0.00174713
0.00182819
0.00183988
0.00180984
0.00185108
0.00183201
0.00212383
0.00181293
0.00181198
0.00176692
0.00180793
0.0018301
0.00206208
0.00319505
0.00176597
0.00272608
0.00254989
0.00235486
0.00197196
0.00186706
0.00423384
0.00228691
0.00180101
0.00193286
0.00299811
0.00220513
0.00296402
0.00246286
0.00296998
0.00233412
0.0028832
0.002244
0.00339794
0.00257897
0.0022769
0.00190306
0.00257397
0.00236797
0.00197887
0.00243211
0.00336409
0.00191903
0.00362992
0.00360107
0.00286484
0.00245619
0.00223303
0.00361395
0.00245404
0.00273681
0.00277591
0.00307012
0.00244713
0.00267005
0.00376201
0.00337887
0.00252414
0.00194001
0.00412297
0.00373507
0.00269604
0.0041821
0.00297499
0.00331807
0.00385809
0.00226307
0.00244308
0.00358891
0.00283194
0.0028131
0.00263095
0.00388408
0.0024569
0.00267005
0.00258994
0.00213909
0.0022738
0.00326109
0.00219703
0.00319314
0.00253916
0.00438404
0.00282407
0.00326896
0.00262904
0.00308609
0.00324512
0.00245404
0.00391316
0.00450015
0.0025239
0.00371599
0.00275517
0.0029459
0.00283003
0.00187588
0.00258589
0.00277901
0.00268698
0.00395393
0.001894
0.00244212
0.00217891
0.00439882
0.00285316
0.00406218
0.00304294
0.00311899
0.00276685
0.0028801
0.00200605
0.00303888
0.00308514
0.00290895
0.00198793
0.00267601
0.00225496
0.00351596
0.00282407
0.00249791
0.00262094
0.00288701
0.00304389
0.00289083
0.00263309
0.00213408
0.003793
0.00255299
0.00342393
0.0026288
0.00393009
0.00288701
0.00236583
0.00289392
0.00219297
0.00290608
0.00217509
0.00302505
0.00250196
0.00369096
0.00336599
0.00200391
0.0036602
0.00267887
0.00356984
0.00187898
0.00262809
0.00311303
0.002635
0.00266004
0.00285101
0.00341606
0.0026021
0.002316
0.00310993
0.00191808
0.0030129
0.00272894
0.00260997
0.00194192
0.00281119
0.00334406
0.00213599
0.00195694
0.0021801
0.00248909
0.0027318
0.00287509
0.00260305
0.00239801
0.00334811
0.0029521
0.00252295
0.00252199
0.0026648
0.00227499
0.00240803
0.00277805
0.00279593
0.00336695
0.00247693
0.00257087
0.00208211
0.00179815
0.00242305
0.00180411
0.00203896
0.00202298
0.00179887
0.00184488
0.00203323
0.00258899
0.00228119
0.00336409
0.00229883
0.00212598
0.00176406
0.00186801
0.00174689
0.00200605
0.00179601
0.00250196
0.00174904
0.00288606
0.00229311
0.00349092
0.00230479
0.00246692
0.00326586
0.003968
0.00216007
0.00259209
0.00240397
0.00275707
0.00345707
0.00232005
0.00207901
0.00210905
0.00215387
0.00189209
0.00202799
0.0017879
0.00180888
0.00201702
0.00189495
0.00245714
0.00265098
0.00300097
0.00291491
0.002913
0.00255418
0.00406408
0.00308609
0.00276208
0.00267196
0.00285101
0.00236297
0.00298405
0.0027101
0.00269699
0.00481987
0.00226498
0.00409889
0.00369787
0.00282097
0.00371194
0.00243211
0.00242901
0.00178599
0.00205302
0.00188398
0.00182199
0.00175905
0.00185585
0.00181603
0.00183296
0.00180387
0.00178194
0.00212789
0.001827
0.00177789
0.00205803
0.00205588
0.0021379
0.00177884
0.00326395
0.00324297
0.00251603
0.00282502
0.00194001
0.00275016
0.00231099
0.00266194
0.00241399
0.00250387
0.00192714
0.00285697
0.00283217
0.002455
0.00340509
0.00268698
0.0027411
0.00291014
0.00306296
0.00352693
0.00322509
0.00279808
0.00342607
0.003057
0.00310206
0.00294018
0.00206709
0.00202417
0.00178003
0.00208902
0.00201607
0.00200295
0.00177193
0.00187802
0.00180387
0.00184703
0.00186396
0.00195503
0.00271893
0.002985
0.00217485
0.00268602
0.00274801
0.00226402
0.00184798
0.00276899
0.00213218
0.00408411
0.00190902
0.00251102
0.00338197
0.00273514
0.00218081
0.00328588
0.00254607
0.0031898
0.00182891
0.00324607
0.00264001
0.00184298
0.00257611
0.00294495
0.00411701
0.00307417
0.00257707
0.00192094
0.00240493
0.00202703
0.00265312
0.00257206
0.00277305
0.00292516
0.0019381
0.00291204
0.00229311
0.0017879
0.00181794
0.00242615
0.00184417
0.001827
0.00181723
0.00181794
0.00182223
0.00215101
0.00180316
0.00218487
0.00198007
0.00208712
0.00179887
0.00184989
0.00182605
0.00177002
0.00180697
0.00187516
0.00209904
0.00178313
0.00180292
0.00181818
0.00179386
0.00182891
0.00181794
0.00181818
0.00187802
0.00231218
0.00307178
0.00270391
0.00289989
0.001827
0.0018971
0.00251508
0.00271297
0.00234604
0.00230598
0.00212288
0.00283909
0.00287294
0.00254512
0.00269198
0.00258017
0.00183916
0.00180602
0.00242186
0.00316119
0.0025959
0.00310802
0.00276303
0.00329995
0.00302887
0.00192094
0.00286889
0.00216293
0.00275207
0.0021441
0.00297213
0.00301695
0.00285792
0.00194311
0.00394487
0.00192904
0.00268602
0.00274301
0.00178599
0.0018878
0.00206208
0.00201106
0.00178504
0.00198388
0.00182915
0.00178814
0.00188208
0.00179195
0.00190592
0.00181007
0.00206494
0.00299311
0.00278592
0.0019021
0.00285292
0.00214386
0.00185919
0.00174594
0.00188494
0.00208592
0.0017941
0.00184703
0.00211811
0.00214314
0.00272799
0.00265598
0.00222707
0.00281096
0.0028491
0.00256801
0.00183892
0.00324702
0.00188708
0.00288796
0.00345111
0.00186396
0.00222087
0.00326014
0.00257611
0.00268102
0.00289798
0.00267291
0.00254512
0.0026691
0.00271416
0.00299907
0.00283504
0.00188708
0.00317192
0.0028882
0.00187993
0.0025661
0.00309491
0.00320005
0.0031991
0.00328398
0.00315499
0.00228095
0.00342989
0.00287509
0.00309587
0.00292611
0.00350499
0.00272584
0.00366378
0.00313401
0.00272012
0.003613
0.00408888
0.00284505
0.00229001
0.00294185
0.0018971
0.00285316
0.00286198
0.00330806
0.00252008
0.003016
0.00229311
0.00257611
0.003299
0.00243902
0.00242496
0.00347805
0.0029819
0.002707
0.00290513
0.00312805
0.00255799
0.00274491
0.00277615
0.00363183
0.00342607
0.00253296
0.002882
0.00345206
0.00328588
0.00320816
0.00252295
0.00251102
0.00285912
0.00212789
0.00269294
0.00247598
0.00346184
0.00275493
0.00189805
0.00216508
0.00274587
0.00384998
0.00240803
0.00242591
0.00300598
0.00369191
0.00285006
0.00386691
0.00294709
0.00307393
0.00313401
0.00281811
0.00197005
0.00197387
0.00274205
0.00212312
0.00329185
0.00319505
0.00242996
0.00256085
0.00187898
0.00291395
0.00255609
0.00271702
0.002177
0.00267792
0.00301313
0.00293708
0.0033319
0.00273991
0.00290108
0.003479
0.00195789
0.00286222
0.00272608
0.00452399
0.0026989
0.00464582
0.00292397
0.00216007
0.00336909
0.00273299
0.00288296
0.00400996
0.00265598
0.00242686
0.00254798
0.001858
0.00251102
0.00258899
0.00275922
0.00278807
0.00203013
0.00185108
0.00182414
0.00200987
0.00180483
0.00196409
0.00196004
0.00181198
0.001755
0.001755
0.001966
0.00195003
0.00208402
0.00199485
0.00179219
0.00208592
0.00235701
0.00188994
0.00178409
0.00218296
0.00181794
0.00223207
0.00177908
0.00201321
0.00181699
0.00209904
0.00178909
0.00206017
0.00206184
0.00184584
0.00186586
0.00197101
0.00185299
0.00206399
0.00189805
0.00181198
0.00181222
0.00198817
0.00185704
0.00217795
0.00184202
0.00197291
0.00180101
0.00237608
0.00177503
0.00201201
0.00240302
0.00205684
0.00225401
0.00216413
0.00214195
0.00187516
0.00312209
0.00430512
0.00267482
0.00277114
0.00369906
0.00292993
0.00279713
0.00265598
0.00309706
0.00384903
0.00380993
0.00310707
0.00363612
0.00319791
0.003654
0.0025239
0.00283694
0.002424
0.00272703
0.003093
0.00415587
0.00310779
0.00288916
0.00303221
0.0022459
0.00237393
0.00260901
0.00295687
0.00297809
0.00474501
0.00278592
0.00272512
0.00272608
0.00345516
0.0028801
0.00340414
0.00261784
0.00295997
0.00237799
0.00244808
0.00269485
0.00278687
0.00240993
0.00205994
0.00191188
0.00246692
0.00533414
0.00178695
0.00178289
0.00184703
0.00178504
0.001827
0.00183892
0.00241089
0.00178909
0.00182509
0.0018599
0.00184417
0.00179195
0.00181293
0.00181699
0.00193691
0.00215912
0.00252485
0.00240111
0.00297904
0.00249791
0.00359797
0.00183201
0.00272608
0.00265813
0.00283599
0.00337195
0.00292301
0.00196099
0.00204492
0.00178695
0.00239301
0.00184894
0.00199389
0.00178099
0.00188804
0.00205708
0.00177884
0.00186706
0.00183105
0.00289607
0.00213289
0.00180888
0.00211906
0.00179005
0.00194693
0.00204086
0.00203609
0.00178695
0.00192499
0.00181103
0.00182891
0.0019908
0.0017941
0.0018301
0.00274181
0.00314999
0.00239611
0.0028348
0.00308514
0.00190282
0.00188398
0.00368905
0.00264096
0.00252891
0.00235391
0.00239587
0.00253606
0.00266385
0.00346684
0.00310302
0.00276613
0.00235391
0.00273299
0.00244689
0.00282097
0.00283885
0.00194097
0.00271893
0.00257206
0.00321078
0.00310302
0.00268292
0.00256801
0.00282097
0.00212693
0.00186396
0.00250816
0.002841
0.002774
0.00280905
0.00239992
0.00264406
0.00264311
0.00260615
0.00273609
0.00248981
0.00267887
0.00261092
0.00265193
0.0018971
0.00214005
0.00272012
0.00188398
0.00287199
0.00269699
0.00287199
0.00195599
0.00262809
0.00182009
0.00260282
0.00217795
0.00372791
0.00257516
0.00276899
0.00343513
0.003052
0.00240207
0.00329804
0.00207901
0.00300193
0.00344992
0.00244093
0.00209498
0.00179601
0.00207496
0.00181389
0.00202799
0.00181794
0.00215292
0.00202799
0.00180387
0.00204706
0.00203991
0.001966
0.00179815
0.00201082
0.00183797
0.00204086
0.0018239
0.00188303
0.00196099
0.00181508
0.00177312
0.00183606
0.00206113
0.00231409
0.00188088
0.00252295
0.00288081
0.00258708
0.00345397
0.00264287
0.00303197
0.00299621
0.00261402
0.00272393
0.00423312
0.003335
0.00323701
0.00257993
0.00190091
0.00381303
0.00214005
0.002949
0.00364208
0.00266194
0.00321603
0.00292897
0.0018549
0.00307918
0.00379086
0.00192809
0.00252986
0.00189304
0.00324917
0.00286102
0.00190592
0.00367999
0.00339198
0.00199509
0.00215602
0.00268102
0.00381422
0.00303221
0.00270891
0.00246406
0.00200415
0.00246692
0.00194383
0.00213003
0.00197506
0.0019238
0.00228095
0.00208688
0.00190902
0.00188112
0.00206518
0.001827
0.00214195
0.00183702
0.00208998
0.00212312
0.00177407
0.00187898
0.00185609
0.00180912
0.00182891
0.00186706
0.00180292
0.00185704
0.00322413
0.00251913
0.00333095
0.00290608
0.00241899
0.00269699
0.00284815
0.00284505
0.00326109
0.00334597
0.00388002
0.00263405
0.00278997
0.00191283
0.00425696
0.00210786
0.00388694
0.00188994
0.00312519
0.00257683
0.00256515
0.00400686
0.00246215
0.0028441
0.002141
0.00209594
0.00180101
0.00181198
0.00200415
0.00201702
0.00266194
0.00183392
0.00179195
0.00179386
0.00215411
0.00189686
0.00177979
0.00214696
0.00186586
0.00209308
0.00183105
0.00174403
0.00186419
0.00201201
0.00254393
0.001863
0.00260592
0.00183797
0.00187707
0.00206399
0.00331807
0.00201297
0.00273204
0.00259995
0.00248003
0.00254583
0.00268602
0.00295997
0.00293303
0.00242901
0.00325203
0.00244808
0.00307083
0.00298095
0.003227
0.00259113
0.00286818
0.00370216
0.00349307
0.00285006
0.00345206
0.00331092
0.00188112
0.00248408
0.00234389
0.00250411
0.00319815
0.00303888
0.00216579
0.00236988
0.00243402
0.00256896
0.00270009
0.00188112
0.00189114
0.00241613
0.00233793
0.00238395
0.00190496
0.00313115
0.00188398
0.00246
0.00321722
0.00290394
0.00281501
0.00291395
0.00271511
0.00246096
0.00277281
0.00269008
0.00270319
0.00237298
0.00275993
0.00328398
0.00292897
0.00275707
0.00320315
0.0037632
0.00235081
0.00334501
0.00221515
0.0027101
0.00199986
0.00187421
0.00195599
0.00356603
0.00295997
0.00256681
0.00250292
0.00190592
0.00235295
0.00182796
0.00251603
0.00235009
0.00249696
0.00390601
0.0031271
0.00253105
0.00178385
0.00211883
0.00185919
0.00290298
0.00272202
0.00283599
0.00319886
0.00195003
0.001858
0.00224686
0.00248885
0.00197506
0.00248384
0.00348401
0.00398302
0.00190902
0.00271201
0.00295901
0.002671
0.00258303
0.00271416
0.00420499
0.00251985
0.002244
0.00188017
0.00262308
0.00229907
0.00247192
0.00266099
0.00179195
0.00220799
0.00186205
0.00268102
0.00304508
0.00236797
0.00275612
0.00375295
0.00197506
0.00244904
0.00187111
0.00222111
0.00394487
0.00277615
0.00267196
0.00269508
0.00246716
0.00342393
0.00262904
0.00210214
0.00296807
0.00241089
0.00233698
0.002527
0.00272202
0.00339198
0.00259089
0.00305605
0.00271392
0.00249195
0.00251698
0.00188804
0.00191116
0.00267291
0.00263095
0.00279093
0.00252914
0.00252604
0.0029161
0.00300598
0.00180006
0.00179815
0.00254011
0.00240612
0.00265408
0.00312996
0.00232792
0.00304794
0.00279093
0.00218296
0.00304604
0.00265503
0.00235605
0.00278711
0.00211906
0.00256801
0.00261807
0.00187612
0.00239086
0.00177717
0.00199795
0.00230098
0.00281811
0.00229502
0.00183296
0.00212693
0.00224996
0.00346994
0.00179005
0.00179482
0.00320983
0.00197601
0.00217605
0.002069
0.00206518
0.00183201
0.00220799
0.00207591
0.00194287
0.00184608
0.00180411
0.00183916
0.0019381
0.00186896
0.00189495
0.00188589
0.00325799
0.00194407
0.00184989
0.00206995
0.00337195
0.0035708
0.00343609
0.00191903
0.00339603
0.00226617
0.00185394
0.00230098
0.0019691
0.00274301
0.00289488
0.00207996
0.00267291
0.00317097
0.00356913
0.00398207
0.00215316
0.00226784
0.00341606
0.00197291
0.00238395
0.00226402
0.00191402
0.002177
0.00232005
0.00215101
0.00241995
0.00272512
0.00294018
0.0021739
0.00230193
0.0021801
0.00210309
0.00177789
0.0020721
0.00199103
0.00201607
0.00207996
0.00314403
0.00290298
0.0035069
0.00337601
0.00290298
0.0031631
0.00248694
0.00327396
0.00205302
0.002069
0.00353098
0.00180602
0.001858
0.00199699
0.00310707
0.00318909
0.00291491
0.0021441
0.00178695
0.00200701
0.001863
0.00180006
0.00176692
0.00182319
0.00185013
0.00182605
0.00202513
0.00178313
0.0023241
0.0022099
0.00187302
0.00204396
0.0020349
0.00184584
0.00308299
0.00345087
0.00347209
0.00353193
0.00190997
0.00181293
0.00189495
0.00205493
0.00209904
0.00183892
0.00195813
0.001791
0.00180316
0.00185895
0.00207305
0.00185013
0.00207996
0.00208282
0.00183797
0.00175095
0.00181293
0.00185585
0.00179315
0.00178599
0.00209999
0.00179505
0.00177193
0.00184679
0.0018332
0.00219607
0.00221181
0.00192904
0.00199509
0.00180817
0.00185704
0.00185299
0.00209498
0.00203705
0.00187612
0.00185013
0.00179291
0.00177097
0.00183511
0.00201797
0.00208116
0.00207281
0.00250316
0.00187397
0.00249791
0.00275898
0.00194597
0.00201988
0.00247192
0.00251007
0.00206995
0.00221586
0.00303316
0.00229001
0.00185394
0.00183392
0.00206399
0.00262594
0.00262094
0.00215602
0.0020349
0.0025599
0.00184798
0.00212693
0.00233698
0.00177193
0.00229383
0.00182509
0.0037241
0.00206184
0.00198293
0.00390792
0.00202703
0.00213194
0.00198698
0.00179815
0.00181293
0.00197482
0.00176382
0.00224495
0.00222206
0.00222492
0.00199103
0.00202179
0.00239396
0.00218201
0.00201011
0.00217295
0.00205421
0.00203705
0.00186086
0.00197601
0.00327706
0.00201607
0.00370097
0.00192189
0.00295591
0.00248313
0.00236201
0.00186014
0.00216293
0.00191307
0.0030098
0.00180817
0.00203204
0.00197005
0.00181818
0.00185895
0.00207114
0.00204992
0.00174594
0.00223017
0.00225806
0.00179601
0.0020051
0.00177312
0.00213099
0.0019989
0.00185609
0.00216603
0.00180507
0.00195599
0.00175405
0.00231314
0.00178504
0.00200605
0.00202489
0.00188613
0.00230408
0.00201893
0.00203609
0.00188088
0.00210595
0.00173903
0.00201488
0.00184894
0.00233579
0.002002
0.00178194
0.00198817
0.00223088
0.00180483
0.0019958
0.001791
0.0021522
0.00198603
0.00196314
0.00204611
0.00200295
0.00189495
0.00206304
0.00224185
0.00208092
0.00235295
0.00193
0.00196886
0.00200987
0.00192785
0.00183606
0.00201082
0.00198579
0.00180197
0.00252485
0.00201702
0.00204015
0.00177813
0.00183296
0.00200391
0.0019989
0.00179601
0.00204206
0.00209808
0.00209188
0.00234318
0.00220799
0.00395703
0.00242901
0.00319886
0.00218201
0.00235605
0.00269413
0.00253081
0.00239706
0.00399017
0.00258303
0.00212502
0.00182486
0.00188708
0.0020051
0.00221395
0.00179601
0.00183892
0.00197005
0.00193501
0.00203204
0.00204396
0.00179601
0.00218606
0.00216913
0.00211596
0.00197697
0.00250292
0.00213814
0.00192809
0.001858
0.00205398
0.00377011
0.00191402
0.00239396
0.00225186
0.00196409
0.00229478
0.00246692
0.00256085
0.00197411
0.0020678
0.00222993
0.00182581
0.00220513
0.00205803
0.00384307
0.0022769
0.00254011
0.00317907
0.00287199
0.00217795
0.00192595
0.00233912
0.00257897
0.00210118
0.00203204
0.00201416
0.00319099
