0
0
0.01421
0.0559361
0.0478522
0.0934073
0.0976726
0.123004
0.169697
0.167268
0.23213
0.242072
0.262023
0.302615
0.285563
0.320842
0.317535
0.328948
0.356566
0.336666
0.372332
0.348163
0.332045
0.328526
0.263977
0.260696
0.213955
0.158393
0.125041
0.0401299
0.0144604
-0.0610767
-0.107146
-0.132782
-0.205981
-0.215712
-0.245565
-0.269914
-0.240404
-0.266722
-0.229196
-0.228906
-0.193529
-0.113669
-0.0773253
0.00681023
0.0461817
0.101314
0.172945
0.198311
0.262808
0.275285
0.291775
0.339781
0.312772
0.335566
0.299173
0.290021
0.278573
0.212389
0.194527
0.123615
0.0665516
0.0323386
-0.0511296
-0.07157
-0.130854
-0.177656
-0.188073
-0.257001
-0.266277
-0.308552
-0.323055
-0.31313
-0.354917
-0.334349
-0.352079
-0.355164
-0.31878
-0.333661
-0.293704
-0.297883
-0.281045
-0.231523
-0.234644
-0.180231
-0.164759
-0.136575
-0.0698522
-0.0506914
0.0300368
0.0479731
0.0802841
0.130268
0.146598
0.216872
0.243992
0.26619
0.295977
0.266267
0.305437
0.314412
0.323966
0.329189
0.256805
0.248108
0.216898
0.197499
0.195604
0.110728
0.0703693
-0.0224778
-0.0789949
-0.0911502
-0.170691
-0.205147
-0.27746
-0.338626
-0.360941
-0.413851
-0.407722
-0.461898
-0.493276
-0.472326
-0.493164
-0.435861
-0.423343
-0.398961
-0.348164
-0.328524
-0.240239
-0.19811
-0.15003
-0.0929381
-0.077237
0.00938507
0.0406859
0.0822503
0.13965
0.144548
0.221134
0.2305
0.244971
0.282628
0.268709
0.306206
0.291589
0.279858
0.294275
0.266566
0.272801
0.222877
0.18144
0.176702
0.130719
0.140611
0.0956722
0.0687828
0.0741967
0.0243729
0.0326525
-0.00928248
-0.0309642
-0.0239195
-0.0557232
-0.0165721
-0.0375185
-0.0465225
-0.046092
-0.0862895
-0.0618743
-0.0737143
-0.0759354
-0.068259
-0.110831
-0.0807402
-0.0920499
-0.0800419
-0.0771092
-0.124453
-0.119815
-0.156453
-0.172296
-0.173245
-0.219585
-0.196925
-0.207073
-0.212959
-0.180927
-0.21761
-0.182547
-0.182547
-0.158269
-0.116571
-0.127883
-0.0791125
-0.0726208
-0.0332461
0.0397627
0.0518447
0.115881
0.112914
0.141671
0.197743
0.200555
0.238553
0.235567
0.247516
0.2842
0.275094
0.303608
0.285857
0.276461
0.291427
0.240561
0.236971
0.189332
0.147996
0.129762
0.0648364
0.0547771
0.0045166
-0.0306657
-0.0431984
-0.114564
-0.117259
-0.172735
-0.195728
-0.193884
-0.246715
-0.246345
-0.284475
-0.295982
-0.261788
-0.277495
-0.247202
-0.267243
-0.242302
-0.189505
-0.170272
-0.105647
-0.0856814
-0.0491801
0.026723
0.0602661
0.147164
0.166038
0.198827
0.270349
0.274907
0.330373
0.327523
0.342881
0.377638
0.377703
0.435409
0.421462
0.42236
0.430336
0.403341
0.402742
0.363593
0.323516
0.304939
0.251142
0.255803
0.201784
0.145481
0.103898
0.0304343
0.0233693
-0.0247958
-0.0871236
-0.136644
-0.225727
-0.224527
-0.266629
-0.295554
-0.319528
-0.394556
-0.364787
-0.372348
-0.338159
-0.305666
-0.337172
-0.317368
-0.312797
-0.257652
-0.165339
-0.160574
-0.112332
-0.107548
-0.0639958
0.0287118
0.0605521
0.121302
0.113559
0.123285
0.185326
0.212979
0.305145
0.316442
0.311585
0.326097
0.313211
0.380497
0.378085
0.362967
0.345517
0.273194
0.294423
0.276932
0.258297
0.241357
0.156244
0.145577
0.0963802
0.0710606
0.0415091
-0.0488801
-0.090491
-0.167499
-0.205771
-0.205545
-0.264756
-0.265106
-0.316407
-0.362196
-0.364883
-0.408068
-0.370662
-0.373888
-0.37213
-0.343128
-0.354068
-0.264772
-0.221701
-0.172042
-0.100752
-0.0956692
-0.011722
0.0478655
0.10582
0.184969
0.198458
0.270526
0.300741
0.357816
0.417281
0.413659
0.470394
0.474166
0.49078
0.518038
0.473769
0.489699
0.461264
0.463317
0.458741
0.392571
0.376811
0.318275
0.272078
0.240026
0.152935
0.113278
0.0228694
-0.0381681
-0.0731774
-0.150694
-0.193985
-0.286657
-0.362218
-0.402644
-0.462026
-0.456318
-0.502405
-0.543129
-0.544892
-0.569728
-0.53336
-0.518822
-0.482953
-0.425686
-0.414625
-0.321174
-0.256811
-0.185234
-0.0805474
-0.0320023
0.073834
0.135211
0.208198
0.309253
0.362596
0.467645
0.504432
0.546119
0.610202
0.612368
0.678936
0.678675
0.683828
0.691914
0.648101
0.648476
0.599559
0.548809
0.494148
0.397025
0.361986
0.27513
0.197743
0.128683
0.0100175
-0.0512998
-0.138598
-0.217277
-0.277503
-0.396673
-0.437921
-0.517628
-0.55823
-0.589204
-0.686432
-0.701299
-0.73534
-0.724742
-0.664573
-0.668452
-0.613747
-0.596373
-0.545822
-0.455444
-0.401194
-0.293216
-0.245051
-0.179271
-0.0755218
-0.0297494
0.107343
0.181506
0.256395
0.347679
0.384749
0.484919
0.545822
0.60176
0.660575
0.666103
0.735875
0.738978
0.74929
0.762653
0.706797
0.700452
0.650504
0.598649
0.563094
0.459254
0.405472
0.284816
0.185192
0.109987
-0.0128937
-0.059445
-0.170765
-0.268711
-0.350469
-0.476279
-0.524456
-0.612578
-0.683472
-0.712665
-0.784062
-0.780776
-0.795855
-0.802144
-0.784464
-0.791462
-0.722263
-0.678669
-0.616069
-0.53256
-0.497809
-0.393658
-0.319336
-0.227012
-0.117718
-0.0871206
0.00228234
0.0645894
0.158293
0.269905
0.310946
0.393985
0.409797
0.45748
0.528189
0.547017
0.613339
0.61129
0.606966
0.615624
0.585833
0.617139
0.577344
0.530165
0.503547
0.414903
0.403091
0.320125
0.231337
0.149783
-0.00254503
-0.08042
-0.199359
-0.290864
-0.373191
-0.509173
-0.570776
-0.65323
-0.690884
-0.71334
-0.786656
-0.785593
-0.777624
-0.718677
-0.617706
-0.59452
-0.514149
-0.450092
-0.339783
-0.185109
-0.0911989
0.0488538
0.118298
0.223495
0.366276
0.458104
0.577547
0.627549
0.680639
0.774364
0.805173
0.882051
0.885042
0.878107
0.885728
0.842363
0.839123
0.766692
0.694458
0.650748
0.541564
0.481772
0.361927
0.262325
0.172715
0.0391918
-0.0403453
-0.178455
-0.305073
-0.399443
-0.524642
-0.570903
-0.662833
-0.736924
-0.780876
-0.85888
-0.849536
-0.881031
-0.867737
-0.844623
-0.844511
-0.757016
-0.704176
-0.609889
-0.502334
-0.447758
-0.327378
-0.220114
-0.0935447
0.0479141
0.128019
0.252295
0.342491
0.453193
0.595654
0.655613
0.75906
0.788351
0.830345
0.882686
0.857075
0.881567
0.820349
0.776034
0.732711
0.639096
0.572305
0.442481
0.323196
0.225145
0.0765848
-0.0141491
-0.156596
-0.290388
-0.397536
-0.520206
-0.562833
-0.65531
-0.726354
-0.772285
-0.832204
-0.807443
-0.8107
-0.797259
-0.749805
-0.74068
-0.642393
-0.564782
-0.459804
-0.333122
-0.274646
-0.154051
-0.0736439
0.0531776
0.21761
0.30182
0.419403
0.460663
0.532271
0.627663
0.678234
0.761688
0.768973
0.77095
0.805632
0.780784
0.809166
0.771564
0.725661
0.706754
0.603391
0.559265
0.464445
0.393292
0.339269
0.212827
0.160411
0.0498845
-0.031183
-0.0939805
-0.196624
-0.25697
-0.358584
-0.423948
-0.447445
-0.524232
-0.538899
-0.593533
-0.609307
-0.598515
-0.599602
-0.549947
-0.52985
-0.494563
-0.423541
-0.376189
-0.259389
-0.179701
-0.0948348
0.0181597
0.0944976
0.245023
0.35388
0.447621
0.562562
0.620627
0.739566
0.788943
0.832719
0.872631
0.854024
0.894108
0.88504
0.868001
0.846709
0.761326
0.738176
0.652099
0.586755
0.535485
0.406653
0.324559
0.170787
0.0487597
-0.0249273
-0.150607
-0.20339
-0.322201
-0.416998
-0.476625
-0.553837
-0.552628
-0.612705
-0.661203
-0.655277
-0.672826
-0.601584
-0.563386
-0.536053
-0.481857
-0.435294
-0.325318
-0.255832
-0.176271
-0.0843845
-0.0373374
0.0736162
0.132492
0.210133
0.271309
0.277181
0.344303
0.367396
0.400088
0.454198
0.453949
0.479954
0.448486
0.433706
0.439077
0.406351
0.4344
0.420159
0.401554
0.408951
0.329543
0.331397
0.296199
0.272417
0.274563
0.201554
0.1632
0.0968558
0.0811726
0.0826845
-0.0165224
-0.0771331
-0.149285
-0.210678
-0.255193
-0.322619
-0.345196
-0.402464
-0.415984
-0.408161
-0.485529
-0.472448
-0.443701
-0.399384
-0.364997
-0.355654
-0.237328
-0.16766
-0.102206
-0.0584223
-0.0346409
0.0829462
0.134615
0.177692
0.273069
0.322447
0.406611
0.42515
0.41185
0.431629
0.493565
0.602238
0.571528
0.523456
0.538876
0.512826
0.535599
0.475029
0.360317
0.349018
0.305272
0.251435
0.172518
0.114609
0.0886597
0.0463527
0.0732922
-0.0338434
-0.131272
-0.129875
-0.207306
-0.199135
-0.180215
-0.164772
-0.204974
-0.353442
-0.409486
-0.503246
-0.530257
-0.381956
-0.330728
-0.331139
-0.330215
-0.438694
-0.500618
-0.409689
-0.34371
-0.253954
-0.0490604
0.0312106
0.0160624
0.196422
0.366896
0.415287
0.423279
0.504088
0.685548
0.800887
0.863788
0.797837
0.704788
0.922892
1.11067
0.976516
0.699587
0.806602
1.18726
1.32411
1.31599
1.24009
1.14147
1.62415
2.3358
2.59412
2.09057
1.51392
2.3115
3.48387
3.36645
1.98479
0.948421
1.49177
2.09377
1.93566
0.881313
-0.388348
-0.877965
-0.853958
-1.07435
-1.67698
-2.16041
-2.67578
-3.46011
-3.848
-4.39198
-4.89594
-4.98288
-5.18774
-5.50917
-5.48348
-5.38188
-5.27271
-5.01662
-4.75497
-4.58812
-4.26553
-3.70087
-3.15933
-2.4745
-1.56058
-0.686135
0.0113149
0.608372
1.41835
2.25549
2.90408
3.71396
4.49015
4.9941
5.44054
5.67675
5.75647
5.76202
5.95336
6.01946
5.67434
5.01957
4.18707
3.75108
3.4886
2.48683
0.98661
-0.243029
-0.884903
-1.76157
-3.56993
-5.5677
-7.16868
-7.61265
-7.57985
-8.31254
-9.16502
-9.48512
-9.21323
-8.52349
-7.95354
-7.39715
-6.81033
-5.99964
-4.71462
-3.39768
-2.27133
-0.930644
0.741405
2.22448
3.49574
4.73711
5.93001
7.19426
8.33282
9.14947
9.82932
10.2248
10.296
10.2269
9.90172
9.36678
8.74965
7.91509
6.94922
5.98952
4.94369
3.63323
2.19966
0.681135
-0.557568
-1.4463
-2.66308
-3.90077
-4.83437
-5.90206
-6.936
-7.79959
-8.55694
-9.08326
-9.38541
-9.76136
-10.6852
-11.8669
-12.5007
-12.3081
-11.6333
-11.6185
-11.5779
-10.5925
-8.89733
-7.03157
-5.71718
-4.49308
-2.89741
-0.529349
2.21167
4.8788
7.38549
9.69059
12.3285
15.0824
17.1844
18.4723
19.9201
22.3363
24.4613
25.1411
24.4689
24.1645
24.8787
25.3008
24.145
21.3971
18.7079
16.7201
14.749
11.9434
8.44681
5.23372
2.51362
0.00626812
-2.87038
-5.62456
-7.84124
-9.99449
-12.3189
-14.6925
-16.3396
-17.3459
-18.3985
-19.9472
-22.2575
-24.4096
-25.9188
-26.932
-27.2669
-27.1614
-26.8045
-26.1989
-25.2478
-24.0499
-22.8876
-21.1676
-18.4856
-15.5451
-12.2199
-8.48577
-4.62238
-0.506262
4.38938
9.44019
13.6236
17.9006
22.9091
27.2228
30.2297
31.8292
32.4683
32.6225
32.3414
31.5739
30.2991
28.7841
26.7398
23.9255
20.4046
16.1912
11.8873
7.37046
2.14489
-3.13624
-7.92873
-12.2902
-16.1216
-19.8695
-23.7918
-27.5822
-30.5778
-33.3993
-36.0228
-37.4745
-37.4588
-35.6728
-32.9799
-30.2997
-27.9365
-26.0409
-23.6968
-20.6034
-18.2084
-16.0762
-12.8364
-8.55846
-4.45819
-0.5193
3.76425
8.52751
13.3703
16.8359
19.2579
22.2341
25.7598
29.6107
33.3352
35.9049
37.09
37.3384
36.8625
36.081
35.0679
33.3635
31.048
28.2018
24.4466
20.3453
16.4428
12.277
7.52355
2.33191
-3.74764
-10.5339
-18.0769
-25.4122
-31.6767
-36.5484
-40.4708
-44.1503
-46.9033
-48.148
-47.8248
-46.7506
-46.0461
-44.5077
-41.085
-36.4772
-31.2434
-26.3228
-21.8854
-17.0479
-11.5203
-5.10034
1.6159
8.18883
14.5655
20.8043
26.1309
29.7421
32.0313
32.923
31.3698
27.9093
24.0447
20.594
17.6702
13.7487
9.66028
7.26555
6.99874
7.94657
9.69108
9.87529
7.28785
4.226
2.94368
3.39225
4.67166
5.62801
5.37746
3.68537
1.38431
-0.315784
-2.54729
-5.08392
-7.10064
-7.78387
-7.57485
-6.9323
-5.32608
-3.78543
-2.13564
-0.401997
0.689994
1.15507
1.81216
2.74183
3.88168
5.85814
7.65127
9.47587
12.4211
15.2616
16.3545
16.3149
16.4438
16.0616
15.9923
16.2621
14.9166
11.789
8.67405
6.85069
5.67999
4.62658
2.71404
-0.0566744
-3.28629
-4.68761
-4.51138
-3.70735
-1.88122
1.26929
4.12682
5.24466
5.69427
7.08083
8.55305
9.14451
8.61808
8.59655
9.48072
11.7309
15.5521
21.3838
26.7147
30.6678
34.1811
38.8958
44.2166
48.6253
50.2019
49.63
47.7146
43.9679
39.8378
35.2586
28.8005
20.1756
10.6642
0.304799
-11.4192
-24.3728
-36.8999
-48.5832
-58.9637
-67.7065
-77.4582
-87.1378
-94.6906
-101.896
-110.795
-119.484
-126.238
-132.414
-135.927
-136.346
-134.148
-127.312
-116.519
-104.039
-89.8038
-73.3762
-54.4727
-32.6949
-8.19468
15.7759
40.6881
68.7475
98.7998
129.299
158.558
185.541
207.971
224.799
237.309
246.345
249.971
246.551
236.978
223.164
207.487
189.442
168.037
143.952
119.799
92.5816
61.1148
25.2363
-11.8796
-46.6784
-80.1952
-113.888
-147.415
-177.688
-203.443
-224.678
-242.95
-257.605
-267.358
-273.974
-277.971
-276.166
-270.497
-260.568
-247.913
-229.808
-205.524
-178.484
-150.002
-118.781
-82.7488
-45.0018
-11.7086
17.6636
47.7095
77.9453
104.549
127.837
150.909
172.679
190.241
204.043
214.075
218.069
212.932
197.855
174.636
145.18
113.249
80.0945
43.6034
2.51656
-41.7908
-83.3979
-120.606
-153.998
-184.501
-211.421
-232.568
-249.655
-262.375
-270.808
-275.055
-273.524
-265.521
-248.018
-218.785
-180.594
-139.881
-98.9252
-59.6311
-19.0176
26.3525
75.5356
127.116
176.687
224.601
269.434
311.111
350.973
391.152
429.51
460.279
480.608
492.284
494.628
486.954
469.457
444.546
413.206
376.044
334.201
287.976
239.353
187.048
128.335
67.074
4.35087
-58.3348
-118.919
-179.91
-240.008
-297.044
-349.053
-393.753
-431.407
-460.973
-485.146
-502.192
-507.366
-500.586
-484.114
-461.015
-431.171
-395.425
-356.537
-315.044
-267.159
-213.454
-158.533
-105.827
-55.4469
-4.65231
49.0352
106.745
165.62
220.938
271.138
316.125
357.837
394.907
424.617
443.013
449.262
